50
24 12 22 20 535 33 80
23 24 22 38 818 75 35
27 25 27 15 777 65 27
32 20 19 15 731 82 25
10 31 10 18 577 7 71
28 34 6 24 622 38 44
11 44 22 17 650 38 77
44 19 11 17 608 4 82
28 17 20 19 625 28 47
22 51 22 18 565 9 66
28 41 18 31 662 21 57
39 27 19 22 701 31 74
11 38 8 48 648 25 98
25 41 27 24 674 19 41
21 22 2 16 574 11 98
8 22 17 1 766 56 5
38 16 30 19 812 59 39
24 42 19 18 816 99 39
21 33 40 10 819 73 34
20 41 27 28 633 27 65
25 26 29 19 796 71 36
30 48 15 6 621 23 76
14 28 11 8 620 2 75
11 31 10 16 722 97 28
39 35 14 20 518 8 98
39 30 21 8 576 38 99
28 35 24 26 872 41 27
16 32 17 45 651 37 92
45 29 28 15 534 17 94
32 25 33 11 657 25 81
12 40 20 21 514 4 61
25 43 25 22 756 48 21
37 21 30 21 875 43 32
18 29 20 1 661 25 51
22 31 35 13 881 89 31
36 27 14 26 899 84 37
15 35 17 26 818 44 33
35 56 10 18 809 86 21
31 24 28 5 805 63 4
28 15 32 28 699 17 71
15 25 16 19 488 7 90
31 18 17 18 593 3 42
27 27 16 15 857 51 32
19 36 16 22 775 96 40
32 33 1 27 696 14 55
32 38 19 23 797 56 31
30 33 21 11 709 81 23
19 25 20 7 867 98 27
39 22 33 20 579 19 73
22 34 16 27 808 54 8