400
752 786 609 613 224000 18 28
657 497 730 468 112000 8 13
538 578 527 649 112000 5 6
511 400 670 671 112000 8 13
455 663 460 698 112000 8 8
780 755 594 647 224000 16 20
600 526 523 471 56000 3 7
596 793 552 498 168000 5 18
744 657 491 703 224000 17 35
685 602 559 423 112000 9 15
413 616 402 659 56000 4 5
681 678 415 720 168000 14 20
523 640 481 677 112000 2 8
518 661 716 770 224000 13 21
656 775 541 677 224000 4 23
781 598 418 595 168000 14 25
564 745 785 519 224000 15 15
625 653 563 733 168000 14 16
552 709 615 789 224000 12 14
439 543 737 662 168000 7 18
649 479 700 478 112000 8 15
737 786 742 727 224000 15 32
431 678 653 707 168000 6 11
748 735 783 665 224000 7 27
697 527 559 476 112000 6 8
465 623 733 537 112000 4 11
689 583 461 740 168000 8 15
534 402 653 531 56000 1 3
794 563 514 719 224000 4 32
445 513 664 669 112000 4 8
703 600 581 743 224000 7 22
602 745 759 696 224000 8 14
711 657 717 766 224000 5 34
627 505 509 658 112000 2 13
517 634 716 691 168000 7 18
456 580 758 401 56000 1 7
526 494 631 697 112000 2 16
516 494 743 486 112000 8 17
448 703 557 492 56000 3 5
463 429 707 625 56000 1 7
639 657 705 727 224000 14 21
728 463 623 666 168000 4 19
483 740 512 493 56000 3 8
678 771 639 403 168000 7 24
690 755 476 680 224000 12 22
418 524 645 495 56000 1 3
798 566 480 677 168000 8 10
456 571 433 559 56000 3 6
537 417 430 553 56000 3 5
409 629 648 445 56000 2 4
635 735 798 592 224000 6 22
605 408 542 444 56000 1 7
734 670 691 633 224000 9 33
736 580 576 770 224000 8 15
612 577 530 586 112000 4 9
650 740 658 767 224000 8 28
465 714 449 529 56000 4 4
567 557 685 733 168000 14 17
621 519 595 687 168000 10 20
726 789 446 705 224000 18 15
787 507 656 729 224000 4 20
796 457 624 681 168000 7 24
725 490 656 771 224000 12 17
498 663 407 627 56000 2 3
459 641 732 620 168000 3 21
604 423 559 618 56000 1 7
784 519 477 756 168000 7 23
629 432 506 472 56000 4 8
508 784 731 665 224000 11 17
755 494 426 658 112000 8 6
416 682 592 617 112000 9 17
504 768 629 633 168000 10 17
528 499 661 481 56000 2 7
785 751 751 680 224000 5 14
419 533 424 485 56000 3 8
507 586 552 580 56000 3 4
437 709 419 417 56000 1 4
753 762 728 520 224000 19 12
531 622 669 727 168000 10 9
532 658 688 683 168000 4 14
577 568 668 682 168000 7 23
632 520 479 622 112000 3 7
750 629 507 486 112000 8 16
406 410 612 609 56000 1 7
795 455 459 564 112000 2 16
798 602 489 763 224000 11 20
449 658 658 512 112000 2 6
702 423 401 429 56000 1 8
540 558 785 519 168000 10 13
405 592 457 491 56000 4 8
514 768 578 711 168000 12 26
532 712 648 501 168000 11 26
480 795 628 659 168000 9 25
674 773 417 590 168000 5 15
414 614 729 448 56000 1 4
614 512 602 724 168000 3 16
561 555 572 696 168000 3 18
772 583 778 582 224000 5 16
770 647 716 661 224000 7 35
653 522 675 637 168000 3 12
423 480 710 546 56000 3 5
776 728 524 645 224000 5 31
711 614 543 735 224000 8 27
457 644 445 795 112000 5 8
625 435 561 570 56000 3 7
593 490 442 472 56000 3 3
594 574 542 634 112000 9 10
591 585 641 515 112000 5 12
642 547 660 782 224000 15 12
736 450 681 470 112000 9 8
455 542 678 474 56000 4 5
458 742 720 436 112000 5 9
780 657 536 530 168000 4 11
749 644 779 725 224000 19 19
552 403 577 784 112000 4 13
558 598 794 553 168000 4 24
510 752 611 761 224000 17 25
528 468 484 440 56000 4 5
757 797 448 665 224000 11 13
583 547 601 565 112000 6 8
486 755 605 616 168000 8 9
707 645 411 513 112000 6 13
485 511 416 411 56000 1 5
729 596 703 718 224000 6 26
657 581 781 509 168000 11 10
579 592 768 633 168000 14 10
484 671 773 668 224000 17 17
586 738 529 709 168000 13 19
685 422 706 775 224000 5 31
732 689 793 516 224000 16 23
763 764 641 513 224000 7 13
517 659 513 688 168000 13 10
636 614 580 460 112000 5 17
794 668 664 647 224000 5 19
798 695 627 402 168000 8 22
642 760 612 772 224000 15 33
690 515 620 683 168000 7 16
792 735 561 546 224000 18 31
402 572 758 423 56000 2 3
412 475 594 752 56000 1 4
796 550 714 602 224000 18 26
675 565 474 745 168000 6 22
721 448 448 658 112000 5 16
787 592 707 794 224000 6 27
580 690 410 726 168000 10 24
714 519 452 486 56000 3 4
665 707 429 565 112000 8 17
519 509 466 492 56000 4 7
752 631 672 733 224000 14 15
598 656 441 573 112000 9 7
529 414 604 725 112000 3 9
505 594 773 764 224000 4 17
441 684 558 655 112000 9 7
538 704 536 527 112000 2 9
619 440 533 410 56000 1 5
655 558 580 753 168000 12 15
546 797 690 534 168000 11 12
592 544 596 787 168000 3 15
751 603 532 670 168000 3 25
408 693 642 417 56000 1 8
704 405 402 725 112000 4 16
629 609 595 686 168000 7 18
417 562 492 511 56000 3 4
425 618 581 433 56000 2 5
454 475 733 447 56000 3 3
509 683 777 407 112000 4 16
589 561 739 683 168000 5 16
430 440 775 528 56000 2 5
590 764 784 482 224000 9 19
587 530 601 682 168000 10 19
520 595 734 400 112000 9 12
585 758 502 512 112000 6 10
704 786 423 692 224000 12 22
561 658 457 782 168000 10 26
560 459 650 684 112000 7 10
562 521 402 409 56000 3 6
431 776 610 710 168000 13 9
573 618 532 547 112000 3 14
449 687 443 737 112000 8 15
580 655 749 511 168000 9 10
471 474 448 793 56000 1 4
659 593 543 588 168000 6 25
593 482 522 487 56000 4 6
505 496 752 480 56000 4 4
719 651 726 725 224000 10 35
537 774 668 632 224000 13 23
578 792 632 712 224000 17 22
409 724 623 477 56000 1 3
723 741 789 538 224000 10 24
583 663 451 763 168000 11 14
786 744 513 539 224000 6 16
419 679 704 591 168000 11 17
404 714 421 491 56000 1 8
621 799 583 749 224000 7 16
569 538 404 760 112000 2 11
413 612 452 714 56000 2 4
695 614 489 691 168000 9 10
491 535 541 562 56000 2 5
608 597 647 754 224000 19 34
415 510 721 737 168000 4 22
557 466 708 455 56000 1 7
462 624 663 568 112000 3 8
512 672 442 616 112000 3 10
519 546 576 657 112000 5 6
758 705 523 738 224000 7 35
711 532 499 728 168000 14 24
586 524 634 587 112000 9 11
638 733 482 595 168000 12 25
562 433 778 540 112000 2 12
587 615 417 449 56000 2 8
541 783 583 571 168000 9 13
688 419 694 575 112000 8 10
516 681 646 765 224000 5 20
651 412 732 425 56000 2 8
431 549 633 646 112000 9 10
704 528 408 780 168000 14 21
512 515 544 486 56000 1 3
653 449 708 535 112000 5 16
648 628 483 570 112000 8 12
707 575 638 694 224000 17 35
539 472 538 739 112000 2 6
682 442 468 505 56000 2 8
525 571 503 444 56000 2 7
712 752 610 624 224000 18 28
469 740 611 586 168000 6 19
495 713 469 650 112000 8 9
476 541 726 616 112000 9 10
757 795 454 611 224000 17 16
667 768 407 656 168000 7 24
443 692 428 417 56000 4 7
679 743 547 650 224000 5 12
656 736 467 740 224000 4 20
726 588 709 739 224000 7 32
530 436 676 452 56000 4 3
414 733 747 694 224000 4 33
789 674 400 465 112000 4 17
680 748 508 745 224000 14 35
464 529 594 667 112000 7 16
632 428 602 503 56000 4 4
674 480 583 442 56000 2 6
482 641 712 507 112000 7 17
524 562 576 758 168000 11 20
413 427 503 661 56000 4 4
587 677 436 769 168000 3 25
769 567 473 560 112000 8 10
434 418 410 458 56000 2 5
458 593 450 632 56000 1 4
779 582 652 691 224000 6 25
694 645 735 477 168000 4 16
699 625 553 452 112000 9 7
427 646 466 561 56000 3 8
773 425 458 443 56000 2 7
448 777 413 598 112000 4 12
663 752 757 463 224000 13 30
533 606 707 695 168000 12 19
563 503 603 448 56000 4 4
793 619 553 580 168000 3 11
473 433 738 677 112000 6 11
488 485 557 609 56000 2 5
654 433 432 654 56000 1 7
524 478 518 763 112000 7 11
758 570 794 472 224000 18 33
720 591 711 417 168000 10 20
427 500 527 527 56000 2 6
606 577 536 639 112000 2 13
528 589 541 403 56000 3 6
564 510 568 616 112000 2 16
724 441 567 699 168000 7 20
443 551 779 452 56000 3 7
403 729 777 406 112000 2 12
710 718 426 727 224000 13 29
435 659 543 634 112000 4 14
565 439 492 642 56000 3 3
571 739 614 460 168000 4 21
733 716 501 676 224000 11 21
795 768 596 417 224000 18 25
583 407 721 652 112000 5 13
495 664 728 655 168000 12 13
706 697 484 578 168000 9 11
629 499 533 616 112000 8 17
449 679 637 402 56000 2 4
729 499 568 603 168000 3 25
698 667 587 572 168000 4 13
563 615 536 483 56000 1 7
563 410 733 491 56000 3 5
455 554 549 563 56000 4 8
441 496 651 758 112000 9 10
655 697 439 570 112000 9 13
415 559 526 406 56000 4 3
404 530 448 465 56000 3 8
563 568 659 751 168000 11 16
607 407 524 561 56000 4 6
711 506 492 575 112000 3 8
669 700 676 723 224000 9 26
632 658 485 517 112000 2 7
561 512 478 752 112000 6 17
789 524 797 727 224000 11 13
694 728 610 650 224000 7 17
755 651 733 409 168000 9 11
796 684 508 541 168000 11 12
765 446 514 706 168000 3 22
536 759 443 545 112000 2 14
445 498 774 510 56000 1 5
724 449 542 554 112000 6 8
594 481 478 606 56000 1 7
669 753 595 678 224000 6 14
772 620 499 566 168000 11 22
572 784 471 763 224000 10 26
692 560 658 626 168000 14 17
441 718 495 578 56000 4 6
662 609 666 586 168000 13 12
539 748 604 452 112000 7 17
412 758 645 730 168000 13 13
509 669 631 529 112000 7 8
711 589 731 650 224000 8 28
420 704 747 697 168000 5 20
607 711 470 583 112000 4 14
762 747 694 744 224000 9 21
693 562 407 409 56000 4 3
516 727 734 657 224000 6 29
539 733 573 722 168000 4 11
752 672 781 489 224000 11 15
553 449 591 550 56000 2 7
730 472 664 496 112000 5 9
463 543 443 610 56000 4 8
586 493 788 566 168000 10 19
758 609 521 661 168000 9 18
657 579 634 401 112000 5 10
523 472 560 504 56000 4 3
417 721 735 446 112000 4 10
687 474 782 657 224000 11 35
451 538 577 675 112000 7 11
419 404 534 643 56000 4 4
787 612 536 648 224000 16 32
699 728 534 717 224000 19 35
639 739 703 611 224000 12 16
745 596 666 765 224000 5 19
552 794 604 490 168000 4 20
631 549 624 781 224000 6 13
482 494 569 545 56000 2 6
686 541 631 769 224000 14 29
480 736 463 681 112000 2 16
549 504 443 781 112000 2 6
429 554 412 707 56000 4 5
638 436 484 714 112000 9 8
557 655 462 707 168000 13 21
505 425 564 443 56000 2 5
453 679 568 712 168000 9 13
448 411 629 416 56000 3 3
480 518 469 771 112000 2 11
717 457 454 535 56000 1 4
562 405 534 591 56000 3 4
436 482 622 456 56000 2 8
400 771 652 570 168000 11 18
654 631 691 728 224000 18 25
458 441 403 576 56000 4 5
622 568 708 737 224000 11 29
586 528 779 702 224000 11 22
540 657 498 644 112000 9 7
705 695 582 600 224000 10 14
715 523 484 560 112000 8 12
556 661 636 631 168000 14 10
446 799 751 749 224000 15 23
456 592 679 602 112000 7 6
677 433 767 614 168000 9 19
658 431 544 562 56000 2 3
740 704 782 641 224000 14 26
736 750 409 652 168000 10 20
619 721 506 715 168000 3 26
774 480 590 434 112000 7 13
720 502 670 495 168000 3 20
580 554 430 491 56000 1 4
765 558 485 501 112000 3 9
543 747 611 702 224000 4 28
432 448 563 417 56000 2 8
539 598 790 501 168000 14 19
659 600 605 770 224000 4 14
672 534 664 594 168000 13 20
457 737 721 490 168000 12 21
654 426 599 793 168000 4 19
497 626 630 608 112000 8 7
556 599 741 664 168000 12 20
677 476 586 613 112000 2 8
431 655 712 494 112000 3 6
739 612 743 743 224000 11 19
641 751 439 403 112000 5 13
772 523 704 599 224000 9 21
525 688 636 744 224000 16 17
566 576 731 412 112000 8 10
463 470 418 726 56000 1 5
568 633 515 451 56000 4 8
782 694 403 519 168000 3 12
703 747 769 581 224000 8 12
574 445 754 576 112000 3 9
530 570 523 414 56000 2 7
731 481 558 478 112000 5 15
625 482 460 502 56000 1 7
631 456 686 672 168000 5 15
417 709 520 661 112000 3 9
647 723 619 596 224000 19 17
