500
3 5 34 10 79 4 6
10 38 14 3 121 2 8
10 41 15 3 115 2 8
19 25 19 4 143 7 3
56 12 12 2 154 1 9
12 30 16 3 197 2 8
24 20 20 4 201 7 3
7 39 19 3 234 2 8
23 20 20 5 265 7 3
11 33 16 3 274 2 8
16 23 15 4 305 7 3
21 18 25 5 332 7 3
4 13 33 9 387 4 6
15 25 22 4 407 7 3
5 13 32 9 421 4 6
42 9 12 2 455 1 9
25 21 21 4 464 7 3
16 17 21 4 494 7 3
44 14 15 2 530 1 9
21 21 21 5 551 7 3
44 4 13 2 561 1 9
5 10 20 10 603 4 6
4 15 20 11 638 4 6
11 23 15 3 646 2 8
25 21 17 5 664 7 3
9 35 10 3 694 2 8
5 10 23 9 735 4 6
5 8 32 11 745 4 6
10 55 12 3 762 2 8
10 34 12 3 808 2 8
10 29 14 3 809 2 8
4 9 36 11 848 4 6
16 15 17 3 885 7 3
43 9 17 2 913 1 9
11 33 15 3 918 2 8
17 19 19 4 946 7 3
18 13 17 6 980 7 3
24 20 23 5 997 7 3
21 15 18 7 1006 7 3
6 10 28 13 1035 4 6
54 9 9 2 1060 1 9
8 40 18 3 1101 2 8
44 8 13 2 1120 1 9
6 26 16 3 1135 2 8
8 26 15 3 1180 2 8
20 16 20 5 1212 7 3
12 32 12 3 1223 2 8
10 31 17 3 1257 2 8
6 40 13 3 1277 2 8
39 8 19 2 1297 1 9
9 44 13 3 1331 2 8
10 34 10 3 1337 2 8
49 12 11 2 1383 1 9
34 7 13 2 1406 1 9
12 31 11 3 1423 2 8
14 26 26 5 1461 7 3
54 7 18 2 1469 1 9
57 8 18 2 1486 1 9
33 7 12 2 1516 1 9
19 15 18 4 1539 7 3
6 11 34 10 1572 4 6
12 37 17 3 1603 2 8
5 51 16 3 1643 2 8
14 21 18 4 1638 7 3
5 7 37 14 1647 4 6
19 27 17 5 1674 7 3
14 22 22 4 1715 7 3
12 21 18 4 1758 7 3
21 25 17 6 1763 7 3
55 9 11 2 1801 1 9
9 43 11 3 1816 2 8
15 17 16 6 1850 7 3
21 21 16 4 1852 7 3
5 41 18 3 1884 2 8
22 25 16 4 1922 7 3
9 21 12 3 1960 2 8
21 18 20 5 1978 7 3
4 7 31 7 1999 4 6
43 12 19 2 2021 1 9
13 22 25 4 2036 7 3
9 33 12 3 2067 2 8
20 27 24 5 2107 7 3
43 10 18 2 2121 1 9
11 40 17 3 2124 2 8
52 9 12 2 2195 1 9
52 13 6 2 2189 1 9
2 13 35 13 2216 4 6
37 9 11 2 2233 1 9
37 11 8 2 2262 1 9
32 9 12 2 2302 1 9
54 6 17 2 2318 1 9
10 35 16 3 2340 2 8
49 13 17 2 2370 1 9
6 53 15 3 2396 2 8
10 35 15 3 2442 2 8
4 9 33 9 2450 4 6
22 22 11 5 2460 7 3
51 12 12 2 2489 1 9
17 27 21 6 2528 7 3
5 10 31 10 2542 4 6
25 15 20 4 2565 7 3
44 9 17 2 2609 1 9
34 11 11 2 2625 1 9
37 11 16 2 2649 1 9
20 19 26 3 2672 7 3
6 10 24 9 2664 4 6
12 43 15 3 2720 2 8
22 18 21 5 2739 7 3
6 9 39 10 2770 4 6
9 52 10 3 2798 2 8
25 20 23 5 2819 7 3
13 43 19 3 2842 2 8
8 37 17 3 2870 2 8
5 8 39 5 2879 4 6
19 23 22 3 2925 7 3
20 22 21 5 2951 7 3
20 28 18 5 2972 7 3
13 34 16 3 2996 2 8
2 10 33 9 3030 4 6
22 26 22 6 3031 7 3
53 8 18 2 3068 1 9
14 18 20 4 3088 7 3
10 29 16 3 3141 2 8
53 9 15 2 3147 1 9
3 11 35 8 3157 4 6
32 10 19 2 3195 1 9
17 26 17 4 3229 7 3
22 18 23 4 3234 7 3
6 11 23 7 3275 4 6
29 9 11 2 3294 1 9
43 11 15 2 3316 1 9
16 28 17 5 3351 7 3
10 62 13 3 3375 2 8
14 49 13 3 3398 2 8
49 9 21 2 3417 1 9
5 6 34 11 3444 4 6
21 16 17 3 3472 7 3
38 9 18 2 3496 1 9
5 10 28 9 3509 4 6
49 8 11 2 3558 1 9
8 38 20 3 3594 2 8
5 9 29 9 3607 4 6
18 15 27 4 3619 7 3
4 10 22 12 3653 4 6
19 21 20 3 3664 7 3
17 23 20 4 3703 7 3
48 12 12 2 3717 1 9
25 17 23 2 3745 7 3
3 11 23 8 3771 4 6
10 44 14 3 3788 2 8
19 27 21 3 3814 7 3
6 42 23 3 3854 2 8
5 9 39 10 3867 4 6
6 10 25 12 3885 4 6
5 14 25 11 3918 4 6
5 7 28 10 3952 4 6
3 13 36 10 3959 4 6
11 37 12 3 3986 2 8
15 17 16 5 4015 7 3
4 9 32 8 4042 4 6
52 11 14 2 4066 1 9
19 9 23 5 4095 7 3
31 8 16 2 4127 1 9
4 11 31 11 4153 4 6
36 9 15 2 4149 1 9
11 34 18 3 4202 2 8
3 12 29 5 4231 4 6
22 19 23 7 4241 7 3
4 12 22 6 4249 4 6
5 10 26 10 4282 4 6
4 10 28 8 4309 4 6
4 10 25 10 4345 4 6
10 53 16 3 4366 2 8
3 11 36 12 4406 4 6
8 39 15 3 4432 2 8
48 11 12 2 4449 1 9
36 13 16 2 4474 1 9
8 41 12 3 4487 2 8
9 48 15 3 4533 2 8
15 22 17 4 4562 7 3
5 11 28 12 4548 4 6
4 9 38 8 4603 4 6
41 10 12 2 4605 1 9
13 33 12 3 4645 2 8
10 48 19 3 4670 2 8
31 6 19 2 4693 1 9
8 26 14 3 4718 2 8
16 21 20 4 4742 7 3
4 9 38 6 4755 4 6
5 8 31 12 4797 4 6
13 37 18 3 4801 2 8
4 10 31 10 4871 4 6
22 12 19 6 4884 7 3
46 9 16 2 4893 1 9
10 42 14 3 4934 2 8
9 26 20 6 4967 7 3
6 33 15 3 4976 2 8
15 21 20 6 5003 7 3
5 10 32 13 5019 4 6
40 7 15 2 5063 1 9
9 34 15 3 5067 2 8
7 42 15 3 5104 2 8
9 40 15 3 5126 2 8
53 10 13 2 5154 1 9
3 10 26 8 5160 4 6
8 48 12 3 5201 2 8
11 51 15 3 5232 2 8
10 31 19 3 5256 2 8
8 48 12 3 5259 2 8
20 26 23 4 5291 7 3
8 53 17 3 5314 2 8
18 17 28 4 5358 7 3
3 11 27 12 5376 4 6
2 15 31 9 5397 4 6
6 14 27 11 5403 4 6
11 49 11 3 5453 2 8
10 36 14 3 5471 2 8
5 10 27 11 5497 4 6
34 12 11 2 5535 1 9
21 19 18 4 5558 7 3
6 35 17 3 5576 2 8
3 9 23 8 5580 4 6
12 20 15 4 5634 7 3
9 43 22 3 5630 2 8
53 13 15 2 5671 1 9
15 23 15 4 5705 7 3
44 10 14 2 5713 1 9
4 12 23 9 5754 4 6
10 45 17 3 5790 2 8
11 29 21 3 5787 2 8
43 10 15 2 5826 1 9
8 20 11 3 5834 2 8
25 27 20 4 5876 7 3
18 24 18 4 5888 7 3
4 7 39 9 5920 4 6
4 11 23 8 5955 4 6
4 12 26 6 5951 4 6
5 9 23 10 5987 4 6
52 11 16 2 6032 1 9
4 10 25 11 6029 4 6
8 37 14 3 6078 2 8
14 39 9 3 6111 2 8
3 12 30 10 6142 4 6
47 11 17 2 6134 1 9
8 42 14 3 6162 2 8
18 17 18 6 6181 7 3
31 24 24 5 6216 7 3
13 36 15 3 6251 2 8
5 13 26 14 6259 4 6
41 8 19 2 6277 1 9
46 8 12 2 6308 1 9
36 11 14 2 6334 1 9
5 11 28 9 6361 4 6
14 22 18 6 6414 7 3
23 17 18 6 6436 7 3
9 39 16 3 6434 2 8
36 11 13 2 6482 1 9
12 39 17 3 6474 2 8
3 10 12 9 6522 4 6
5 8 32 8 6554 4 6
3 10 46 10 6562 4 6
17 24 22 4 6602 7 3
26 10 8 2 6637 1 9
10 57 15 3 6655 2 8
18 25 14 6 6684 7 3
54 10 15 2 6707 1 9
7 8 27 10 6725 4 6
20 18 15 5 6746 7 3
14 17 22 4 6771 7 3
37 13 15 2 6804 1 9
5 9 30 13 6820 4 6
36 6 12 2 6842 1 9
7 47 16 3 6865 2 8
11 40 16 3 6890 2 8
49 10 20 2 6927 1 9
10 44 11 3 6939 2 8
4 5 28 10 6950 4 6
5 9 30 7 7005 4 6
5 8 30 11 7028 4 6
44 11 15 2 7054 1 9
8 35 14 3 7054 2 8
4 15 31 10 7104 4 6
3 12 30 7 7101 4 6
42 10 17 2 7145 1 9
67 8 13 2 7183 1 9
9 31 15 3 7199 2 8
9 35 19 3 7223 2 8
41 14 12 2 7242 1 9
7 41 18 3 7296 2 8
18 16 12 3 7310 7 3
58 9 13 2 7325 1 9
44 9 8 2 7342 1 9
3 11 24 8 7360 4 6
24 22 15 3 7398 7 3
11 35 12 3 7424 2 8
7 28 13 3 7462 2 8
18 22 13 3 7478 7 3
6 11 30 6 7483 4 6
11 10 16 4 7502 7 3
56 9 15 2 7542 1 9
18 17 22 3 7574 7 3
21 16 15 4 7555 7 3
10 31 19 3 7628 2 8
8 31 12 3 7649 2 8
19 28 24 4 7662 7 3
25 22 22 6 7716 7 3
46 8 16 2 7704 1 9
5 9 20 9 7716 4 6
8 44 16 3 7776 2 8
52 12 14 2 7784 1 9
5 7 22 12 7828 4 6
12 36 21 3 7860 2 8
20 21 14 4 7878 7 3
6 9 35 9 7891 4 6
47 9 19 2 7922 1 9
6 45 11 3 7937 2 8
5 7 32 12 7967 4 6
5 11 26 10 8003 4 6
4 7 41 10 8011 4 6
12 48 17 3 8060 2 8
24 22 22 5 8059 7 3
25 19 14 4 8096 7 3
14 20 24 4 8126 7 3
6 43 18 3 8153 2 8
11 39 15 3 8171 2 8
62 10 13 2 8191 1 9
47 8 13 2 8214 1 9
5 8 26 12 8254 4 6
10 45 17 3 8277 2 8
8 39 14 3 8323 2 8
11 36 16 3 8322 2 8
3 8 31 11 8345 4 6
10 41 19 3 8395 2 8
8 51 18 3 8394 2 8
7 7 28 13 8409 4 6
15 18 20 7 8452 7 3
17 31 23 3 8460 7 3
8 52 14 3 8484 2 8
53 10 19 2 8524 1 9
14 21 20 6 8562 7 3
6 8 29 10 8567 4 6
21 8 17 2 8604 1 9
3 10 24 12 8642 4 6
20 14 19 4 8631 7 3
8 40 12 3 8680 2 8
4 7 25 10 8698 4 6
19 24 19 5 8714 7 3
43 10 11 2 8745 1 9
42 12 13 2 8787 1 9
7 55 15 3 8769 2 8
6 12 36 11 8825 4 6
11 46 13 3 8830 2 8
3 9 34 9 8861 4 6
36 10 11 2 8897 1 9
24 16 24 4 8906 7 3
10 40 11 3 8948 2 8
58 9 14 2 8949 1 9
11 44 14 3 8994 2 8
8 33 19 3 8996 2 8
44 7 15 2 9033 1 9
10 29 11 3 9086 2 8
5 9 34 9 9097 4 6
61 12 13 2 9122 1 9
5 7 23 6 9150 4 6
10 40 14 3 9163 2 8
49 6 15 2 9180 1 9
45 9 14 2 9227 1 9
10 40 18 3 9253 2 8
19 22 15 4 9271 7 3
9 49 13 3 9279 2 8
3 10 26 7 9332 4 6
4 9 34 12 9356 4 6
19 18 18 3 9356 7 3
21 22 20 6 9395 7 3
27 26 19 2 9425 7 3
3 8 28 9 9469 4 6
43 10 18 2 9493 1 9
4 6 29 9 9468 4 6
4 9 26 9 9537 4 6
48 9 12 2 9552 1 9
12 55 14 3 9577 2 8
24 14 20 5 9573 7 3
35 9 18 2 9620 1 9
11 42 14 3 9656 2 8
42 8 9 2 9678 1 9
41 7 13 2 9691 1 9
4 11 38 9 9733 4 6
5 7 19 10 9742 4 6
12 40 16 3 9770 2 8
33 10 19 2 9796 1 9
12 44 14 3 9817 2 8
3 8 35 10 9841 4 6
21 18 22 4 9878 7 3
42 12 15 2 9889 1 9
18 16 17 4 9923 7 3
9 34 17 3 9932 2 8
25 10 13 2 9984 1 9
8 34 20 3 9987 2 8
5 9 30 8 10021 4 6
4 9 31 7 10035 4 6
3 53 14 3 10071 2 8
10 26 12 3 60 2 8
4 9 29 12 80 4 6
4 13 28 10 120 4 6
3 11 44 7 138 4 6
38 6 15 2 180 1 9
15 17 18 3 206 7 3
12 18 17 7 237 7 3
5 8 25 11 264 4 6
38 10 13 2 258 1 9
22 21 29 3 299 7 3
22 18 17 6 302 7 3
37 10 14 2 358 1 9
17 21 19 4 383 7 3
46 7 15 2 374 1 9
18 28 13 3 413 7 3
47 6 18 2 462 1 9
24 15 21 4 481 7 3
37 8 15 2 502 1 9
1 12 34 10 511 4 6
58 11 12 2 535 1 9
43 11 12 2 575 1 9
51 12 14 2 604 1 9
2 12 27 6 620 4 6
10 40 15 3 644 2 8
11 33 13 3 659 2 8
15 21 23 5 677 7 3
29 18 23 5 720 7 3
12 15 16 5 735 7 3
19 23 17 3 770 7 3
20 24 17 6 795 7 3
3 9 46 9 823 4 6
56 9 8 2 847 1 9
5 11 25 12 850 4 6
4 9 36 7 895 4 6
3 8 38 8 924 4 6
5 8 23 11 945 4 6
4 13 25 12 975 4 6
13 35 16 3 978 2 8
16 13 26 6 1019 7 3
16 13 18 3 1033 7 3
15 21 21 4 1070 7 3
37 10 20 2 1091 1 9
51 8 16 2 1124 1 9
4 8 25 7 1144 4 6
42 6 19 2 1173 1 9
64 7 19 2 1216 1 9
4 9 36 6 1231 4 6
19 22 20 3 1253 7 3
54 6 14 2 1285 1 9
18 21 25 4 1287 7 3
19 28 18 3 1325 7 3
7 40 13 3 1338 2 8
5 12 30 9 1363 4 6
41 8 17 2 1398 1 9
9 53 14 3 1410 2 8
24 18 19 4 1448 7 3
17 16 24 4 1451 7 3
24 9 24 5 1495 7 3
55 12 14 2 1495 1 9
5 13 22 8 1545 4 6
18 18 21 4 1570 7 3
3 12 33 14 1613 4 6
9 38 16 3 1609 2 8
5 9 29 10 1645 4 6
5 7 41 7 1650 4 6
24 18 14 5 1692 7 3
23 23 25 6 1731 7 3
5 9 23 8 1743 4 6
19 22 24 3 1751 7 3
17 15 22 3 1787 7 3
16 12 14 5 1836 7 3
4 10 38 12 1864 4 6
4 9 22 9 1854 4 6
12 21 16 3 1896 2 8
16 13 18 6 1920 7 3
53 11 16 2 1959 1 9
16 18 20 5 1943 7 3
5 12 32 12 2002 4 6
11 43 22 3 2018 2 8
5 44 15 3 2049 2 8
8 33 16 3 2063 2 8
47 7 11 2 2091 1 9
37 7 18 2 2107 1 9
13 53 19 3 2139 2 8
43 11 14 2 2174 1 9
13 17 19 6 2218 7 3
25 17 21 4 2206 7 3
62 7 14 2 2249 1 9
4 6 24 11 2284 4 6
22 19 21 5 2308 7 3
57 11 11 2 2331 1 9
35 11 16 2 2349 1 9
5 11 25 11 2365 4 6
26 11 20 2 2385 1 9
18 17 10 5 2413 7 3
24 15 9 6 2454 7 3
21 18 18 4 2483 7 3
11 35 20 3 2514 2 8
3 12 34 13 2524 4 6
