450
11 47 35 36 1613 1 8
49 25 24 36 5323 8 7
46 48 13 22 7532 3 3
49 18 25 29 4316 4 7
32 35 21 15 11723 2 4
39 25 46 42 659 7 7
14 17 31 10 3326 2 7
49 47 35 26 7146 4 1
39 12 30 42 2144 6 6
31 12 27 29 4740 4 8
43 35 14 47 4711 7 4
11 19 22 39 9151 1 3
30 13 37 46 8749 6 6
31 20 40 15 12703 4 4
33 22 20 14 7843 1 3
17 11 31 13 10935 7 7
22 23 26 35 9198 3 5
34 11 30 40 6855 3 2
43 35 24 30 2461 8 5
34 23 18 43 2951 1 7
41 21 46 37 10307 3 3
43 28 14 27 4924 1 4
24 33 45 34 11907 3 8
31 41 38 39 11046 1 1
30 41 18 44 2102 5 3
39 32 39 48 2002 8 6
38 45 28 44 7311 1 3
12 14 21 10 1791 4 4
30 27 14 24 6844 3 3
10 31 35 28 13258 3 7
30 40 45 32 8901 4 1
39 38 14 23 1240 6 5
40 14 17 39 12767 2 3
21 13 20 31 11173 3 7
10 45 46 17 6431 7 4
45 35 10 26 5577 1 4
27 47 44 10 8817 2 3
49 13 28 39 6732 3 7
36 18 39 45 6368 3 4
26 48 39 26 6965 2 5
15 24 15 30 1304 1 8
41 36 33 18 9334 3 1
11 20 27 11 11631 5 4
37 32 13 20 8850 2 2
37 44 45 49 814 4 5
45 29 44 19 2970 1 5
39 45 49 34 4857 3 4
23 42 23 39 10772 3 8
18 24 17 43 7964 3 2
22 21 38 39 5929 4 6
26 17 24 14 7437 2 6
44 37 13 27 13555 4 4
33 46 21 21 13157 5 6
34 44 25 11 13232 2 3
27 36 45 26 12330 8 2
20 42 29 28 9822 2 4
42 35 24 45 9532 6 8
12 24 20 34 2662 4 2
37 27 33 12 6081 2 4
31 31 29 42 6907 6 7
18 20 27 11 11205 6 3
38 19 41 40 5814 5 2
15 44 11 12 8444 3 2
27 40 47 49 4057 2 5
16 19 18 39 8003 5 6
13 28 28 49 4242 8 1
42 47 35 14 6053 4 4
34 43 36 16 3495 4 5
10 49 39 14 8070 1 4
30 27 46 41 7211 8 8
14 12 35 42 6578 1 2
15 22 45 47 2908 1 7
25 34 47 18 11958 5 1
30 25 26 40 6471 4 3
40 24 23 43 2756 1 6
15 40 44 16 1931 3 1
20 26 47 23 2347 8 4
46 36 12 14 6098 1 3
45 38 25 43 10501 7 2
33 18 32 14 1473 5 5
49 12 44 22 4164 2 2
10 32 29 48 1352 8 1
47 43 30 24 4160 1 1
16 22 11 42 5459 2 3
44 34 28 36 825 2 4
26 12 39 16 4108 1 2
33 31 26 18 13583 5 6
12 43 44 20 1838 2 6
43 14 29 20 604 4 8
48 41 25 11 9299 3 4
49 21 42 24 13448 4 8
12 13 33 34 2178 5 5
30 39 42 15 7617 6 8
45 34 41 34 3633 4 4
46 14 43 16 2412 7 2
46 14 13 45 6816 7 2
36 12 26 49 863 7 1
16 15 41 47 9605 6 4
20 12 10 49 5877 2 7
20 34 26 44 13628 3 4
12 22 25 13 9708 6 6
33 25 13 24 8592 7 1
45 46 43 34 11757 7 5
43 23 28 44 3014 6 4
17 27 41 22 305 8 8
13 28 46 40 12617 3 1
19 45 43 29 3183 1 3
23 35 35 32 6865 6 2
24 32 18 49 2605 2 4
46 17 40 39 5772 6 1
47 22 28 27 2556 5 3
24 26 15 17 6833 6 8
24 18 26 14 12004 2 4
31 15 48 18 1388 2 1
48 22 36 19 12868 5 2
13 46 28 47 10733 3 6
39 34 22 14 12673 1 1
16 34 22 39 237 4 7
35 29 43 29 7240 3 2
30 41 43 37 12659 2 3
48 42 16 17 11606 2 3
28 36 19 24 6095 4 1
40 38 40 21 7423 2 4
47 35 22 28 12164 1 3
32 10 17 42 5708 4 5
14 41 38 16 11527 8 6
26 37 47 44 10889 4 1
15 19 18 37 8985 7 1
24 38 31 25 546 4 3
10 34 42 10 13743 4 4
26 41 13 24 13061 1 8
47 28 21 49 2396 5 3
27 28 29 39 5477 4 8
20 49 19 24 4545 3 1
34 26 39 20 5208 7 2
30 44 38 40 11873 7 4
34 45 47 31 11511 3 3
34 25 22 19 7509 6 2
43 17 14 20 1691 8 5
45 16 48 41 12849 7 4
32 32 22 27 6707 3 4
14 17 21 13 617 6 5
24 28 43 10 11641 7 5
45 30 16 49 11142 6 3
48 30 48 46 7402 7 6
12 20 20 26 12506 4 3
43 25 20 20 11672 8 5
31 43 13 37 3695 4 2
14 26 17 46 13747 6 5
11 20 17 23 6138 3 1
13 48 43 35 4694 4 4
40 34 39 21 1361 1 1
33 20 24 48 5057 3 2
30 37 35 10 10899 6 8
44 28 15 16 381 1 2
45 17 22 42 12436 5 7
42 18 38 47 2985 2 4
41 36 42 10 12683 1 7
34 46 16 42 13329 2 4
34 16 20 32 765 4 4
27 25 36 16 3877 2 1
46 38 11 12 8562 4 4
28 33 13 40 3640 6 1
36 14 49 11 9493 4 3
41 49 35 27 4343 4 4
32 23 10 14 11416 4 1
44 27 43 35 6326 4 8
28 38 38 13 7663 7 7
44 44 38 47 398 2 8
43 43 42 42 13136 3 5
10 22 22 20 7356 2 1
33 33 38 41 3541 2 4
22 27 24 43 12755 8 4
48 15 25 43 5112 1 2
36 49 46 35 657 3 2
27 24 14 47 11093 8 5
12 12 29 36 4712 3 3
21 24 14 41 10341 3 2
46 11 27 34 1274 6 8
38 25 31 14 11771 3 8
15 24 36 33 13019 6 8
41 19 28 40 13332 1 3
45 12 39 12 9163 1 7
13 10 10 44 2182 2 2
18 49 18 14 9969 5 1
48 21 42 39 858 3 4
10 25 44 27 3418 7 2
40 43 31 29 10845 7 2
40 36 24 15 9400 1 6
20 49 20 10 3642 1 3
29 48 45 17 12276 7 7
18 12 47 36 5287 2 3
31 32 31 33 8603 2 4
37 19 34 42 9385 6 3
22 14 41 46 7594 3 2
48 47 35 34 8626 5 2
25 24 13 22 2529 5 8
40 14 47 30 4373 3 8
39 22 42 16 9927 3 2
24 40 44 17 993 5 8
41 43 12 36 10505 2 4
48 47 21 21 5377 1 7
28 14 15 38 5551 1 3
38 16 15 41 12986 3 3
16 18 24 37 8663 1 6
32 15 43 17 5012 3 1
12 17 26 45 10348 4 4
11 23 40 18 1856 3 6
23 15 47 25 13407 5 6
18 26 14 30 9430 8 8
28 39 49 11 12606 5 2
34 32 45 44 4784 4 7
13 28 47 26 10430 3 2
10 49 22 16 4142 8 5
19 14 40 26 2227 2 3
12 17 11 33 4406 5 7
14 35 22 39 286 2 3
21 23 12 13 10109 4 1
45 49 30 19 3513 3 3
15 32 34 41 11459 2 4
42 44 27 43 7602 1 5
32 45 11 28 13345 2 1
15 29 16 25 6496 5 4
41 37 40 33 924 2 7
45 46 15 26 12894 4 5
25 45 30 17 13230 8 8
41 44 42 12 10080 3 4
20 48 44 35 2849 2 4
11 20 10 36 12220 4 8
25 15 38 27 12127 7 6
32 19 26 36 8035 2 1
37 13 22 22 8561 1 1
40 26 41 35 3375 8 6
13 34 43 26 4616 6 1
34 30 18 40 3972 5 6
47 16 23 19 5396 7 2
13 43 17 11 8199 4 1
24 39 29 30 7490 1 1
32 15 43 16 7525 2 2
43 43 12 18 8072 1 3
29 13 15 20 9229 3 3
41 20 45 17 3283 2 5
21 27 40 16 5567 4 7
45 48 46 22 6071 5 2
18 44 16 33 1555 1 3
31 46 22 37 11596 7 7
49 35 36 15 12370 3 4
25 42 42 36 7921 4 2
17 47 25 21 8729 4 3
25 21 41 25 11007 6 5
12 49 22 29 1459 7 8
36 47 36 36 4008 1 8
44 46 35 48 1101 3 7
22 41 39 49 8284 4 1
34 25 47 29 8692 8 1
47 20 24 27 9012 2 1
10 15 30 37 10819 3 3
45 35 28 43 6369 8 1
34 28 25 36 4989 3 1
40 48 22 44 2709 4 2
22 10 23 22 4109 2 3
13 28 40 48 3479 4 7
23 46 40 29 3984 3 2
21 22 13 30 11443 4 7
10 33 17 29 4193 7 3
17 29 46 42 7122 5 6
22 42 47 44 1517 5 5
17 38 20 45 3685 7 4
25 27 28 22 2778 7 7
27 47 42 13 2485 3 4
48 26 22 36 510 1 2
31 35 38 11 13332 2 3
36 38 18 14 11923 3 3
21 35 48 47 1341 1 2
10 36 29 44 1107 1 3
34 34 36 18 13079 1 4
48 40 27 13 10601 3 4
26 41 22 20 3154 5 5
49 27 32 46 9058 1 7
40 46 43 43 7957 1 2
36 33 15 35 12365 6 7
33 22 12 39 10239 3 8
16 38 48 41 7779 3 6
11 27 34 46 283 6 8
40 33 30 44 10200 2 7
17 31 32 24 7885 8 6
17 42 32 19 2431 2 3
41 16 14 40 11341 7 1
33 28 45 43 5251 1 5
11 37 31 48 3247 2 2
40 45 24 49 5016 7 2
22 31 28 13 3388 7 7
18 37 45 33 10039 7 6
29 34 18 31 6400 8 5
29 25 29 30 1053 1 1
13 36 24 37 10006 5 6
21 22 39 26 10265 4 6
30 32 29 16 5725 3 1
45 18 33 16 8765 6 6
19 47 36 33 13368 6 5
27 22 41 21 9588 2 2
11 43 21 16 6693 5 3
13 12 22 34 3928 4 4
38 35 44 39 6771 3 3
11 16 24 40 13197 8 4
11 29 42 28 9955 4 4
23 12 11 24 2372 2 1
36 31 15 41 7382 3 2
32 26 48 17 4633 7 3
33 40 18 38 6691 2 1
18 37 35 43 12595 3 4
19 26 23 42 12986 4 2
36 38 15 31 7769 2 4
13 10 22 46 351 7 3
41 26 33 27 13774 7 7
39 48 35 36 9876 3 4
10 25 32 11 5488 7 7
40 21 38 12 6544 1 4
32 37 33 28 1545 6 7
33 29 13 16 3600 7 4
47 28 47 31 4478 5 8
28 43 39 42 13573 3 2
27 16 30 28 8504 7 1
27 37 36 44 4114 4 3
46 40 16 39 13667 1 3
23 34 49 18 1563 6 3
41 13 43 45 370 2 3
13 42 15 36 4514 8 7
34 44 21 26 8210 1 4
43 33 13 12 5188 3 8
34 24 27 38 7728 4 5
31 32 11 37 8040 6 5
14 33 35 39 13270 4 3
13 43 14 26 5162 4 1
43 39 45 16 13213 5 3
13 15 20 39 8249 6 8
24 21 46 45 5725 4 3
35 35 13 19 10759 2 2
33 35 37 42 8948 8 2
24 24 15 24 1257 4 1
46 13 19 33 7080 6 1
35 36 30 20 11547 8 6
37 45 49 21 11194 3 8
19 17 31 31 3134 8 7
23 13 12 16 11990 5 1
45 28 28 44 10545 2 5
27 47 48 33 11940 8 2
41 44 24 31 8363 4 4
22 15 17 15 13094 7 8
24 38 26 49 8906 2 1
34 28 41 11 8703 6 4
38 15 25 16 11974 5 5
38 28 27 32 9659 3 4
27 32 16 46 3196 4 2
44 45 10 18 1159 1 1
49 23 25 23 10922 5 3
21 17 25 21 2626 5 7
40 13 28 14 10365 1 4
26 16 48 14 620 4 2
32 42 13 33 3316 8 6
36 12 44 47 2673 3 3
15 28 18 35 8816 5 3
46 11 15 14 12100 6 5
39 42 44 22 1713 1 2
20 46 40 40 2150 4 1
36 29 30 12 8093 8 3
12 17 15 30 10641 2 7
26 44 16 14 9343 1 5
46 27 20 14 5176 6 5
32 46 21 20 12272 1 1
29 27 48 34 1386 8 8
29 24 33 42 2058 8 2
10 19 37 12 7819 4 6
21 44 36 17 2713 8 2
16 31 18 14 11392 3 5
26 37 34 29 10156 4 2
16 45 29 48 5064 8 2
20 17 12 26 10667 5 1
47 25 13 35 4110 1 4
35 44 27 43 5459 2 3
18 24 16 28 7522 4 1
12 24 36 47 10982 1 8
29 43 13 31 10404 8 4
29 15 10 32 4785 2 3
39 19 44 38 4566 3 4
49 26 24 44 703 1 6
29 29 38 47 1030 1 2
28 48 21 41 7131 1 1
14 46 38 19 5666 5 3
16 37 36 44 4208 2 3
38 25 36 43 9101 8 8
40 47 42 36 6139 1 8
34 19 48 24 5985 2 5
41 43 34 40 10146 4 1
10 10 16 23 2079 2 2
30 29 27 32 6730 2 4
49 33 19 17 11460 8 2
25 24 29 29 6609 8 3
26 35 41 34 136 2 6
34 19 34 11 12231 2 3
16 18 41 29 12394 3 1
23 32 15 31 4664 1 4
43 19 16 42 976 1 1
45 41 13 20 2288 8 1
25 47 11 34 3266 4 3
17 16 24 29 2440 1 1
30 37 10 37 1217 1 3
10 47 18 10 8103 6 7
26 31 49 26 7701 1 2
36 33 43 22 10373 7 7
45 14 38 23 5731 8 3
45 16 20 10 8373 6 7
25 17 26 30 1023 1 2
42 10 29 39 5518 2 3
14 44 11 23 2201 1 4
16 28 35 25 5513 4 6
44 28 32 14 7302 5 8
17 12 15 26 9558 7 4
47 37 33 15 6154 3 1
44 21 24 14 8349 3 3
11 42 47 22 11003 3 4
30 44 19 30 733 7 8
15 21 45 42 8332 7 5
44 11 14 32 3068 3 2
17 28 29 26 7463 3 6
21 15 42 48 299 1 4
18 10 29 21 1180 4 7
46 18 19 44 6809 2 2
18 27 13 34 13701 1 1
14 33 14 15 5633 7 4
12 26 22 29 11013 1 2
14 22 21 27 8578 1 2
17 30 23 41 7553 1 3
45 18 42 13 6198 2 4
18 28 10 38 1651 1 1
45 13 36 36 6532 1 7
33 18 11 45 4287 7 2
19 23 18 40 9238 3 8
26 37 26 40 5292 3 3
49 41 37 17 10562 8 5
28 31 14 35 8408 3 2
40 24 42 29 9279 3 3
43 28 49 25 12167 6 7
47 23 27 14 3340 4 5
42 18 48 41 12801 3 4
46 16 16 36 8184 2 1
22 37 23 13 5580 3 3
47 32 37 24 8885 3 3
28 48 47 25 6238 6 7
43 23 38 46 11787 3 4