100
10 54 12 3 81 2 8
23 15 24 5 81 7 3
52 6 17 2 98 1 9
18 17 17 4 120 7 3
4 10 16 8 167 4 6
58 7 19 2 201 1 9
9 54 15 3 211 2 8
7 39 13 3 239 2 8
4 10 27 13 255 4 6
5 12 26 10 282 4 6
2 11 29 8 323 4 6
11 44 13 3 344 2 8
6 13 15 9 362 4 6
56 11 18 2 388 1 9
4 10 30 8 438 4 6
5 8 26 7 454 4 6
6 8 29 8 466 4 6
15 25 12 3 488 2 8
5 8 26 6 529 4 6
7 37 13 3 535 2 8
11 33 11 3 564 2 8
5 8 31 12 578 4 6
46 8 10 2 617 1 9
4 9 31 12 640 4 6
19 15 18 4 645 7 3
4 12 28 11 677 4 6
8 38 16 3 741 2 8
8 34 14 3 762 2 8
16 18 28 5 770 7 3
55 8 12 2 781 1 9
14 15 21 4 827 7 3
31 12 15 2 858 1 9
4 10 28 10 860 4 6
41 11 15 2 891 1 9
18 22 23 5 884 7 3
5 9 31 9 958 4 6
21 19 24 5 988 7 3
46 10 18 2 995 1 9
66 9 15 2 1016 1 9
25 20 14 5 1038 7 3
10 42 13 3 1055 2 8
33 11 14 2 1099 1 9
24 24 20 3 1120 7 3
11 38 19 3 1129 2 8
37 7 16 2 1178 1 9
24 18 21 6 1192 7 3
20 17 25 5 1232 7 3
34 8 13 2 1259 1 9
4 11 23 9 1285 4 6
20 20 21 4 1299 7 3
16 21 23 6 1331 7 3
22 18 21 5 1357 7 3
5 13 25 10 1365 4 6
10 44 15 3 1402 2 8
11 33 14 3 1422 2 8
17 23 24 4 1432 7 3
4 5 37 14 1476 4 6
8 37 15 3 1506 2 8
22 22 15 4 1506 7 3
17 18 22 6 1539 7 3
12 31 10 3 1584 2 8
49 8 14 2 1590 1 9
32 18 22 5 1630 7 3
12 40 14 3 1660 2 8
35 5 16 2 1670 1 9
24 18 17 5 1686 7 3
4 9 30 9 1724 4 6
4 11 26 9 1760 4 6
3 7 36 7 1779 4 6
22 21 20 5 1792 7 3
11 42 12 3 1813 2 8
5 7 30 8 1840 4 6
5 11 30 11 1872 4 6
49 10 13 2 1879 1 9
9 36 13 3 1917 2 8
9 38 18 3 1968 2 8
29 9 19 2 1971 1 9
7 30 11 3 1991 2 8
4 9 22 9 2012 4 6
8 39 13 3 2027 2 8
4 10 35 9 2080 4 6
20 16 17 6 66 7 3
38 9 14 2 97 1 9
5 12 32 12 118 4 6
5 11 18 12 141 4 6
9 33 16 3 153 2 8
7 53 13 3 207 2 8
43 9 9 2 210 1 9
3 7 34 10 249 4 6
56 8 11 2 279 1 9
50 13 15 2 282 1 9
14 21 14 6 322 7 3
11 46 17 3 323 2 8
4 8 26 7 369 4 6
12 40 13 3 414 2 8
6 6 38 10 437 4 6
16 22 7 6 457 7 3
5 13 34 9 455 4 6
47 11 17 2 488 1 9
9 29 12 3 519 2 8
