450
46 24 7 5 5938 88 11
28 35 5 26 6484 74 38
28 11 17 39 5792 100 25
17 38 16 1 6814 65 36
30 37 23 4 5347 13 99
21 23 29 15 7273 93 13
25 38 39 30 7023 47 30
35 36 24 21 5809 49 21
7 31 21 6 7039 95 14
15 25 31 4 4528 30 53
20 31 32 11 6463 48 22
33 45 29 6 5480 33 65
44 39 15 4 4667 22 52
40 29 24 25 6503 92 22
25 57 4 26 5420 31 52
19 55 45 11 7112 72 38
18 27 32 23 4928 15 71
30 27 27 20 6185 63 32
11 34 11 11 7146 65 24
34 33 25 16 5814 94 8
28 14 42 17 3902 7 92
12 26 31 20 6009 69 34
34 25 43 17 4982 4 92
32 18 15 3 6216 57 25
30 25 28 35 4168 22 45
32 32 40 22 6187 43 13
27 26 15 2 6628 77 23
15 20 30 20 6681 90 15
17 47 41 20 4334 8 89
22 7 23 30 3939 14 53
23 36 18 7 5611 89 33
24 56 23 40 6175 55 27
28 9 14 23 7069 98 10
18 10 31 26 6131 89 39
31 33 23 21 5755 63 22
20 48 38 40 6549 92 26
23 30 13 27 4632 14 57
32 43 36 20 6866 69 13
33 19 18 19 4140 1 54
25 38 19 12 6596 48 13
48 34 30 18 4215 18 70
14 36 29 32 4103 8 98
29 41 20 28 3857 30 48
30 27 10 6 4106 6 69
28 26 29 28 4634 1 63
28 55 22 14 5893 72 18
30 25 25 12 7040 89 1
28 40 6 40 4915 9 75
2 20 35 27 5702 92 14
14 23 9 17 5108 5 66
25 16 21 18 4338 1 94
8 41 20 10 5768 70 7
45 28 27 19 5780 85 22
35 47 29 7 4723 25 79
23 27 24 20 5140 7 47
27 25 30 9 6317 99 31
33 39 30 5 5680 72 14
24 44 31 42 6963 92 5
32 29 32 29 7173 41 40
36 30 24 18 5422 38 86
43 25 20 4 6796 62 26
28 18 27 6 5559 92 31
34 32 15 19 5688 44 26
30 24 4 11 6096 48 19
32 43 38 20 4121 13 50
22 36 23 25 6294 83 2
28 23 16 13 4865 30 82
24 17 7 28 6702 63 9
39 43 26 52 4364 21 49
30 29 18 36 5259 23 75
43 27 21 16 5707 83 25
40 19 6 4 5589 48 28
19 35 30 36 4160 13 51
32 24 18 20 6226 89 27
35 30 21 5 3843 32 95
20 29 25 8 3995 14 85
39 42 24 17 4885 15 84
42 21 16 2 5167 34 46
12 36 17 33 7201 50 5
25 28 23 20 5602 90 29
23 18 30 26 4382 29 43
25 41 35 41 3948 17 56
43 55 16 32 4204 20 45
21 35 30 15 5164 29 90
21 26 28 31 4005 30 80
13 44 33 21 5691 99 9
31 29 4 27 4560 27 57
26 26 15 26 7305 57 39
34 25 15 4 5407 13 47
17 24 10 38 6027 91 37
29 18 32 26 6947 97 11
25 30 4 18 4212 27 96
24 26 36 18 4126 36 61
18 29 5 18 6165 53 34
40 57 39 19 7069 85 35
14 42 27 29 7130 79 17
19 19 11 20 6850 78 21
19 39 32 15 4150 35 91
21 36 41 20 6572 88 28
11 32 14 17 4261 6 92
14 18 13 7 6447 81 2
10 26 15 34 7290 96 37
32 36 34 13 4852 16 84
15 40 22 7 5647 65 5
47 33 32 18 5582 35 77
34 37 36 13 4647 15 52
42 27 17 16 5119 26 84
43 34 24 20 3951 26 95
21 48 15 10 6017 74 38
27 25 5 24 4618 34 62
34 35 15 15 4080 6 61
32 19 46 30 6785 94 29
13 27 15 23 6064 49 32
29 27 22 30 4634 9 95
19 30 5 11 4663 24 85
18 24 40 18 7286 90 6
16 29 10 33 4845 22 82
28 23 28 19 5739 92 13
29 29 52 9 4365 36 56
19 28 28 5 5208 30 62
33 30 10 17 5960 98 31
38 25 33 25 6574 62 20
15 13 1 22 5699 60 5
15 33 19 9 6175 51 25
29 42 21 22 4137 1 73
12 14 22 5 6775 61 24
28 28 22 16 5246 3 70
24 25 25 21 7032 83 11
23 29 19 25 6029 98 7
34 37 22 11 6819 47 6
42 27 21 13 4137 39 78
21 39 27 27 4007 30 47
46 27 35 8 4220 30 52
22 23 23 8 6132 62 30
26 26 4 16 6306 62 36
36 36 23 35 5775 44 28
10 39 5 24 3872 35 89
32 36 23 31 7313 79 28
23 39 39 12 6370 87 14
36 22 37 4 6047 100 17
49 41 1 24 4217 28 77
29 41 34 10 5091 28 44
14 36 33 17 6539 54 35
32 34 29 16 5121 33 63
24 31 31 33 5678 69 20
24 22 33 26 6387 70 39
19 44 29 20 4962 30 100
19 33 35 13 5571 48 2
34 11 28 22 5123 8 85
49 38 28 12 5096 36 65
35 39 16 27 5490 37 52
38 34 18 18 6319 55 10
13 42 35 10 7302 69 14
34 38 29 30 4891 7 99
31 27 10 21 6359 71 14
29 34 24 25 5894 79 15
25 15 14 26 4327 21 52
40 15 29 15 5860 49 24
26 29 35 20 4725 37 84
18 10 3 6 6805 44 39
9 33 34 6 6711 74 32
18 29 11 5 3980 13 54
27 21 31 30 6656 82 20
38 13 2 25 4460 28 50
21 42 27 8 4261 36 69
35 28 19 8 5751 54 32
23 42 25 14 5029 32 47
23 23 19 25 4836 26 97
30 31 24 15 5626 100 28
32 28 7 27 4224 33 44
34 25 18 27 5823 92 25
28 25 22 12 6800 93 6
41 35 24 30 4413 17 56
27 31 13 26 5536 38 61
22 38 16 16 4152 36 59
19 36 11 20 6596 89 31
26 38 26 34 3994 27 42
27 48 24 15 6841 59 6
28 35 18 15 7230 59 1
28 30 19 26 6989 63 19
34 25 14 25 4282 8 47
20 24 11 19 5534 100 23
31 48 8 17 3929 19 54
23 32 30 13 6354 79 18
25 15 33 13 5099 38 59
27 45 2 7 6841 49 6
34 56 30 33 6201 91 28
37 31 26 17 6436 50 38
27 31 22 21 5086 27 61
29 25 15 27 4149 14 83
28 31 31 21 6301 43 18
17 26 2 24 6189 84 20
19 21 19 2 5418 20 84
11 28 9 17 5137 16 96
41 29 3 26 7219 88 7
25 34 10 5 5844 95 31
28 25 13 21 6031 100 15
14 42 19 28 5433 35 43
24 27 7 37 4015 23 62
29 27 24 25 7066 94 15
27 38 24 14 6095 82 19
23 19 26 16 6597 48 35
18 29 22 12 7099 86 18
11 51 20 8 4802 25 53
39 18 23 1 4546 7 81
7 41 18 30 6503 66 37
14 48 17 30 5485 24 58
39 18 27 33 5089 40 63
26 12 3 32 5972 61 8
25 44 4 10 3856 16 58
40 20 24 27 5253 40 69
37 40 9 22 5931 76 8
15 37 5 24 5156 23 95
17 31 32 4 6356 68 34
30 40 32 23 5343 25 56
25 28 26 39 6880 52 36
24 44 3 18 7158 61 17
31 17 25 14 5485 24 71
37 44 30 12 4731 21 74
12 31 20 22 4721 15 53
26 23 24 8 6838 59 15
39 31 28 11 4608 29 86
38 28 12 20 5430 34 89
31 23 12 21 4544 7 79
43 30 27 17 5809 100 19
38 48 40 36 7499 86 15
29 40 33 31 4934 16 49
28 37 31 4 4196 8 67
55 33 43 11 5924 45 13
25 30 28 23 5132 18 49
3 23 13 18 6269 56 32
22 18 19 21 4469 7 71
24 38 27 23 7385 54 23
33 29 29 16 7301 49 13
22 41 9 46 5151 5 82
11 24 23 17 3851 23 78
25 38 9 25 4036 24 53
32 28 15 6 6944 48 2
28 48 20 12 3938 7 49
18 19 4 20 4234 20 86
34 26 22 10 6018 41 12
12 47 57 32 5094 22 63
35 29 21 20 5481 22 44
15 21 30 22 5917 76 26
25 38 33 19 6563 88 28
34 30 15 22 7113 94 13
7 36 26 2 4037 5 99
25 48 37 28 6359 85 20
34 41 17 17 6329 76 14
23 45 6 33 7280 83 34
18 41 34 13 4150 27 81
40 20 34 37 4235 25 43
22 32 25 22 5318 33 74
17 38 29 23 5356 24 78
28 38 23 16 6087 52 31
24 37 29 13 5846 42 24
5 52 18 1 4813 29 68
21 45 38 24 5027 29 85
13 27 1 20 6152 57 10
30 25 2 6 5950 57 5
33 44 19 20 4964 1 59
31 23 11 12 7333 50 33
37 16 36 26 6777 91 34
14 29 20 8 6956 59 1
25 21 31 27 4893 11 85
32 36 21 18 6254 49 21
29 11 13 24 5148 28 52
24 22 12 12 6434 77 3
31 47 9 15 5320 23 56
31 20 35 23 4615 17 47
32 45 14 17 5248 18 96
26 44 2 30 7005 52 28
18 13 20 10 5652 88 19
54 16 35 24 4745 14 88
24 23 27 24 7214 88 39
22 2 15 36 5086 38 92
38 36 23 17 3978 28 70
18 18 19 15 4204 28 84
41 35 22 21 4448 28 93
13 37 18 43 4856 21 89
31 29 37 23 6446 64 16
30 22 31 24 5739 88 39
29 33 34 14 4021 25 70
36 32 31 12 4810 14 47
19 41 8 32 5081 24 74
27 37 10 12 5126 21 65
43 34 33 23 6384 58 36
20 41 19 26 4223 35 65
20 41 48 4 6003 44 25
25 42 12 23 4819 21 99
34 5 23 22 5075 21 54
36 38 30 19 4372 37 79
22 30 34 21 6468 67 37
11 19 25 16 4214 13 90
5 19 33 21 5375 37 59
19 37 34 13 5043 3 64
35 22 43 15 5987 72 20
20 46 18 12 6762 49 27
20 44 16 31 4607 37 64
48 4 14 8 3930 32 61
17 48 22 27 5737 59 29
21 21 29 5 5788 86 5
3 30 23 46 6190 54 24
27 33 28 39 5372 6 48
29 38 40 13 6964 83 9
17 20 14 14 6580 62 2
26 30 13 9 6311 56 33
31 38 19 13 5011 24 55
30 31 28 30 7103 92 8
27 42 22 32 5515 9 73
25 30 4 15 6081 99 1
20 34 27 7 6887 88 35
28 19 32 20 3909 35 99
26 31 39 23 3922 31 82
19 24 40 5 6172 61 21
10 40 5 13 4765 7 44
24 28 21 23 6971 50 35
27 28 22 25 7423 96 27
29 22 20 16 3901 14 80
59 39 22 12 5449 22 56
13 37 37 7 4521 1 82
35 37 7 12 5281 31 44
29 47 28 28 7042 92 21
15 50 25 19 7452 89 6
31 41 31 25 5925 49 19
31 43 5 12 4729 9 78
32 36 4 4 3788 7 63
23 23 35 14 4959 13 57
20 33 1 39 4566 11 83
36 43 41 6 5490 30 79
27 16 15 20 6831 86 37
29 38 38 11 6282 87 28
19 28 13 17 4926 40 62
21 32 40 39 7236 42 40
15 34 22 19 7364 68 19
22 21 31 6 5204 23 42
21 25 26 21 4023 13 94
52 29 29 18 6730 66 2
26 26 21 2 7094 94 10
27 24 27 13 7051 62 36
31 33 1 14 7025 43 13
29 44 29 11 4274 4 90
15 13 18 31 5753 96 19
35 35 13 9 6600 43 21
39 27 11 5 7297 52 9
34 24 10 17 4563 16 91
27 33 24 22 4461 6 41
15 15 14 1 4541 25 41
35 47 33 25 5530 8 82
24 5 19 3 4778 29 42
18 38 27 19 5507 7 79
44 22 11 23 4555 4 92
23 54 38 28 3949 28 99
18 28 19 10 3990 38 62
21 46 26 11 4977 32 47
26 35 27 26 6889 43 1
29 18 35 27 5273 32 88
23 9 22 25 5346 34 73
22 38 27 12 6084 54 11
47 34 30 10 3859 40 92
33 35 27 27 5150 2 58
48 16 14 6 3820 19 77
22 27 34 21 6887 59 37
7 34 16 3 5330 25 92
26 20 7 18 7122 67 17
29 47 24 21 6899 50 20
24 40 13 24 5932 84 10
31 31 22 25 7349 73 23
25 41 5 4 5458 17 57
14 23 21 4 4219 17 90
46 17 27 9 3804 1 52
47 36 22 8 6389 50 40
28 54 18 5 6990 50 40
19 53 4 23 5720 46 14
34 36 21 19 4253 23 96
18 47 18 22 6000 100 28
16 30 6 12 3988 7 87
15 29 22 22 4652 22 68
10 21 22 11 7359 78 22
27 20 8 17 4143 37 66
31 19 6 31 6085 70 23
28 31 37 17 4832 23 67
31 40 28 22 7047 91 24
26 49 21 32 6211 55 21
24 27 26 12 5829 52 20
25 25 22 9 7210 69 18
29 16 9 22 5007 2 44
24 22 40 19 6928 51 31
48 27 25 15 5295 7 94
12 23 28 13 5599 58 13
26 20 29 11 4295 7 91
20 40 25 24 5787 73 3
26 23 37 15 4275 22 78
35 32 10 7 7312 42 33
41 30 10 22 3853 11 50
32 16 22 19 3833 14 75
27 46 21 7 6335 79 21
35 26 29 1 7484 56 25
35 41 34 12 6625 57 39
22 21 27 7 6393 43 38
22 40 26 23 4855 40 58
21 47 30 20 5424 4 41
25 34 19 23 4738 4 73
10 34 35 43 5045 34 45
35 30 3 32 6796 78 24
34 24 31 16 5952 52 5
6 45 17 12 4933 7 83
50 13 40 6 6592 98 27
27 21 17 22 7249 49 35
12 48 32 7 5113 34 60
20 36 35 20 5192 21 57
22 17 27 6 6165 63 16
32 31 20 29 5018 38 54
20 35 6 17 4824 14 45
27 35 11 3 7307 41 12
22 6 17 6 3933 32 64
26 39 27 24 6256 88 5
22 32 17 9 5110 2 93
31 33 15 18 7194 56 6
37 28 23 8 5473 24 74
35 50 31 22 5023 25 82
18 8 16 24 4642 34 55
10 31 24 21 4172 5 78
32 38 29 7 4989 26 74
22 32 31 28 4160 21 91
32 24 30 30 4759 29 82
21 34 21 21 5314 21 85
21 29 32 7 7277 58 14
14 19 8 20 3874 33 57
34 42 7 21 5731 46 8
45 26 30 18 4996 40 48
15 30 7 24 5150 29 48
8 36 15 24 5997 67 9
15 36 37 30 5211 4 81
18 20 25 21 4455 29 99
24 49 10 28 4486 36 47
30 6 22 27 6705 74 28
11 41 16 2 6951 56 32
26 33 14 29 3948 33 99
19 28 34 5 5902 52 14
17 32 18 29 6795 100 24
22 29 32 16 6698 78 3
28 13 23 17 5700 80 27
25 42 12 23 6424 41 33
35 39 17 8 4888 18 80
14 41 12 15 5524 26 85
32 32 35 28 4510 2 74
27 43 40 18 4254 25 67
38 50 45 26 4562 5 80
20 33 10 19 4801 30 66