50
67 96 79 59 1750 7 13
84 65 59 72 875 2 3
75 82 67 63 1750 4 11
78 79 54 60 875 3 3
85 66 84 74 2625 14 13
83 89 59 62 1750 9 7
76 96 71 94 3500 14 16
69 86 81 53 1750 8 7
84 56 97 70 2625 14 15
66 90 76 83 2625 7 23
62 75 99 65 2625 10 9
60 82 82 69 1750 8 6
59 91 93 62 2625 14 17
79 64 61 53 875 2 4
96 96 89 76 3500 8 19
66 77 70 69 1750 7 16
65 57 65 74 875 4 8
88 74 92 98 3500 6 19
62 85 91 97 3500 10 29
68 96 57 81 2625 7 26
80 56 76 83 1750 7 17
95 55 68 63 1750 8 15
98 93 80 71 3500 5 26
80 74 76 95 3500 5 14
54 94 54 73 875 3 4
93 93 61 88 3500 11 31
82 88 92 53 2625 12 25
57 83 65 92 1750 3 7
67 84 82 60 1750 2 15
92 93 55 97 3500 10 34
71 94 72 98 3500 9 17
79 61 85 83 2625 12 20
92 62 96 81 3500 6 20
62 98 74 84 3500 7 18
61 62 94 96 2625 12 18
89 95 68 68 3500 7 19
54 85 71 54 875 1 4
61 82 71 58 875 2 3
99 78 84 69 3500 13 20
56 99 65 62 1750 3 16
94 85 61 66 2625 5 12
78 59 68 51 875 3 3
80 63 94 64 2625 4 25
73 62 54 72 875 2 4
54 59 61 99 875 2 7
79 65 90 65 1750 7 7
59 59 90 77 1750 6 8
82 87 96 51 3500 10 33
58 56 55 58 875 3 4
78 52 64 72 875 1 5
