350
35 32 24 24 8026 2 2
25 31 41 10 6316 2 4
36 28 40 24 10850 1 4
43 23 42 49 4867 4 3
39 39 46 49 9416 8 2
19 22 26 43 605 8 3
16 49 29 28 6829 2 7
32 27 23 10 11115 6 4
43 12 44 43 7784 3 3
42 15 18 48 10946 8 3
19 39 41 28 9612 1 1
32 26 18 23 7824 3 1
23 23 30 13 5834 3 4
23 40 43 42 10624 4 3
35 39 41 33 2146 4 3
43 31 46 12 10898 4 8
28 39 42 44 8813 3 1
21 26 24 11 10516 2 2
25 45 11 34 10714 6 7
31 31 46 28 10224 3 5
31 37 17 20 4280 5 8
34 16 32 32 6946 4 4
16 43 47 44 4323 3 1
48 46 24 33 5431 7 4
37 44 11 20 482 7 7
12 45 45 43 4543 1 4
41 40 36 26 1906 2 3
41 44 39 15 5015 3 1
44 15 19 25 5650 1 7
41 23 48 16 11049 2 6
21 41 28 18 7722 7 3
46 17 16 20 8372 4 4
28 16 42 36 9814 1 4
41 49 36 21 1772 4 1
10 21 20 24 2683 4 3
47 18 23 49 5625 5 7
31 37 12 40 3870 8 5
24 46 48 19 7842 3 2
12 32 39 29 2963 4 4
34 33 20 10 1904 6 8
34 28 24 12 3324 6 5
26 31 46 15 5925 7 8
42 37 16 19 2224 7 1
31 28 18 23 11005 4 1
12 26 27 16 5061 5 2
10 39 20 38 10752 7 7
47 33 49 39 3811 7 4
18 25 49 40 1894 7 7
34 47 19 10 5660 2 6
15 33 42 12 158 3 2
19 30 48 17 5286 5 4
38 47 39 26 8259 1 2
48 20 16 36 2047 6 3
14 18 45 40 10712 4 2
30 44 27 30 7560 3 2
16 42 26 36 7704 4 8
11 48 11 31 10768 1 3
22 10 30 34 7315 7 8
34 43 16 49 9210 3 3
24 48 37 11 11169 3 8
30 27 11 16 5138 8 5
37 40 25 11 2296 6 5
23 26 24 46 4202 2 2
15 23 18 17 3710 1 3
24 17 44 20 2120 2 2
35 13 31 14 5549 3 1
10 29 44 37 1582 4 3
28 28 24 25 5208 5 1
15 21 17 22 10562 1 1
27 28 21 20 7668 1 3
28 23 32 30 468 1 3
29 36 40 14 955 3 3
33 24 40 15 9566 6 2
12 15 11 48 7653 3 4
35 49 39 28 4631 3 4
14 45 40 30 5461 6 6
41 46 18 24 3618 4 4
27 49 15 34 9661 8 7
46 22 20 36 830 7 8
17 18 10 44 5763 1 6
26 35 43 38 2084 4 3
34 40 43 41 4129 2 4
11 43 39 12 1385 4 4
43 45 48 38 6030 8 6
40 21 29 18 7942 1 7
18 43 17 17 5719 6 7
20 41 22 11 9913 5 7
15 40 43 19 3684 8 4
33 37 29 19 3830 6 8
30 48 38 11 928 3 2
31 11 16 13 7768 7 1
18 45 35 25 3155 3 3
31 17 15 44 1844 3 8
24 36 21 23 8420 8 7
46 21 10 25 10289 6 4
11 41 10 48 11016 1 8
35 23 34 21 216 4 4
45 29 48 38 9061 1 3
40 34 26 32 7109 4 3
33 34 27 15 4415 7 2
24 10 36 33 8352 4 7
15 27 18 29 3757 3 7
21 31 14 47 131 3 2
34 32 26 29 906 2 2
32 24 25 25 5859 7 8
25 36 28 47 9861 8 3
45 20 33 26 11105 7 3
45 36 36 41 1176 5 1
35 37 20 43 7015 1 4
48 25 24 47 10023 4 6
25 41 38 37 5398 7 3
20 46 30 11 448 6 4
35 30 46 38 915 6 3
21 32 18 44 9460 5 4
34 48 31 32 562 8 6
14 34 37 35 10128 4 2
28 40 42 17 11033 1 2
36 24 21 22 10968 1 6
16 38 23 40 6593 5 1
11 48 20 18 273 2 1
34 19 40 48 653 7 7
10 44 35 15 6608 4 7
40 11 36 42 5702 1 7
17 42 33 38 1707 6 1
45 45 14 16 9567 2 1
36 35 31 25 10617 1 1
36 15 19 45 8858 8 7
34 44 27 37 4624 4 1
41 40 40 26 988 6 4
44 14 44 35 5910 3 5
27 34 46 15 5315 5 3
32 45 21 33 4837 4 3
31 30 44 49 6422 3 3
18 30 23 38 1501 2 1
47 14 20 40 7864 1 5
43 27 31 30 2242 4 2
27 36 10 26 9070 1 4
27 37 16 36 2798 1 2
24 42 44 22 10449 1 1
44 38 43 41 10840 6 3
39 30 27 27 10316 2 5
42 28 38 38 9517 5 7
19 13 16 39 4827 5 8
21 45 34 36 4463 6 2
43 34 27 17 1918 1 2
49 47 44 31 8056 8 8
10 39 13 49 10255 3 4
33 44 37 21 9538 6 7
28 24 29 16 5875 6 3
29 19 19 37 5576 2 3
26 14 45 41 699 1 1
28 29 46 47 8025 2 2
34 10 24 26 2370 7 4
28 47 23 43 1990 5 7
46 39 32 30 4047 1 5
26 18 15 14 5300 5 2
12 12 26 30 6432 7 4
45 37 49 17 5003 6 4
15 38 36 17 7303 3 4
22 18 29 25 3156 1 4
24 10 15 46 10093 3 2
32 45 41 37 1340 5 6
20 34 17 21 6051 3 1
42 36 18 27 8148 3 7
21 12 35 41 3927 2 8
23 39 40 14 6705 5 2
23 16 35 30 5571 3 1
38 29 10 28 2205 1 7
14 39 17 47 877 1 1
12 19 24 45 4921 2 3
41 22 17 30 1298 8 1
34 47 14 10 7612 2 2
18 45 28 42 6983 2 1
17 32 22 16 7880 7 2
34 20 42 33 4788 5 5
41 23 45 28 6553 6 2
23 44 12 46 6627 4 1
46 46 47 28 1345 2 2
30 15 43 40 10540 4 8
19 37 46 25 8397 4 8
30 36 11 41 4698 8 4
34 33 31 49 3557 6 3
39 45 17 44 9014 6 3
48 28 39 42 3247 1 1
29 40 27 15 126 1 2
36 46 27 27 244 8 4
14 41 15 10 329 3 2
45 26 30 48 6801 8 3
11 38 40 23 3728 2 4
48 21 45 36 7511 4 8
11 16 22 34 5269 1 6
17 33 32 48 3295 7 2
46 41 18 47 4200 1 1
11 25 13 15 5778 1 4
17 49 31 42 1095 2 3
42 35 49 42 391 4 4
35 27 41 38 180 8 3
34 45 34 40 10168 7 4
38 36 13 32 8507 3 8
11 24 37 22 8200 2 3
46 44 39 43 11158 1 3
43 45 18 36 1929 4 1
10 12 33 43 8659 1 7
42 16 36 19 10875 1 4
40 28 19 37 10624 3 1
14 24 19 49 3312 2 4
20 33 20 10 9338 8 8
48 48 47 33 1895 3 4
12 25 24 47 765 6 5
10 25 31 11 9364 1 4
36 38 28 12 4151 7 8
23 10 49 10 4139 8 1
25 48 44 21 426 5 6
18 49 36 37 2817 3 2
47 21 20 28 3352 4 2
44 17 10 43 5821 4 5
30 36 40 31 11200 8 6
17 36 14 34 9099 3 1
46 30 38 48 7253 4 6
21 49 34 19 9479 5 2
32 32 22 30 256 3 2
36 16 10 41 9728 3 5
12 39 29 30 4667 3 1
34 26 27 15 5711 2 3
32 28 21 39 10680 1 1
20 43 47 15 4669 2 2
11 22 15 27 6881 3 2
45 10 29 19 1947 3 2
15 21 15 21 2011 4 1
46 27 37 10 1854 3 2
17 33 30 11 9747 7 5
41 48 44 30 4198 6 3
38 45 41 20 3186 2 7
11 48 15 32 8319 4 8
31 33 35 33 7801 8 7
43 34 18 22 4867 2 1
48 43 34 25 2442 5 8
38 17 27 40 10264 8 8
30 20 34 49 6100 5 8
23 34 40 48 2542 8 3
12 13 11 43 4400 4 5
32 31 29 12 2652 6 2
22 25 45 41 4187 2 4
10 27 44 24 1928 1 7
36 26 35 26 9236 2 8
28 15 43 13 5074 4 6
37 28 38 41 4088 4 5
29 29 38 35 6507 3 6
40 21 18 28 7281 5 8
16 29 31 17 5777 2 2
32 27 26 30 4357 4 4
34 47 28 43 2945 6 4
35 33 11 29 2974 8 3
30 28 21 19 6451 5 4
32 41 17 36 3617 8 5
29 43 34 20 3066 5 2
23 22 14 42 4017 5 5
19 41 32 44 7426 4 7
34 13 14 28 4949 6 1
16 30 40 13 7630 3 6
17 42 11 35 3038 5 1
12 22 35 21 2341 6 2
41 21 26 15 2869 4 7
47 33 18 37 2579 6 6
40 11 30 45 2502 1 3
14 22 47 31 2902 1 3
47 22 11 28 1252 3 2
31 31 31 20 1460 4 1
49 25 38 21 3105 8 8
38 36 13 46 8733 7 8
38 36 23 44 1751 6 6
39 45 14 28 8687 4 2
37 44 40 41 1234 4 3
47 40 27 47 8945 1 6
40 13 24 23 2070 4 8
30 32 48 12 4427 7 8
28 11 29 30 5955 5 2
30 21 16 29 10404 7 7
15 27 35 20 8076 8 3
33 38 43 41 5522 3 1
48 44 46 29 7569 2 1
29 32 28 40 8898 6 5
18 22 37 10 360 3 1
47 33 22 47 4327 5 4
41 17 14 20 9976 1 7
48 45 44 48 1403 4 2
14 48 13 46 6362 7 3
16 48 46 48 2736 4 1
13 38 15 46 1251 4 4
31 15 45 21 6472 4 7
42 40 24 11 6062 4 1
22 19 47 47 1855 2 4
25 23 12 26 3131 6 2
34 20 34 45 8121 1 6
33 41 19 19 7382 4 8
25 45 22 39 2785 1 6
30 15 37 37 2640 1 3
28 39 34 45 9328 8 4
43 26 40 23 938 5 7
12 48 10 15 10669 2 4
39 44 35 41 9902 7 8
23 41 33 23 676 2 2
30 42 45 16 1268 8 8
16 21 17 36 6283 1 4
23 10 44 27 8975 1 1
32 14 22 24 2603 7 7
25 48 39 24 10641 8 2
23 37 14 31 2715 8 2
40 42 36 36 8769 1 3
42 31 21 35 8183 2 3
45 37 30 31 7612 3 4
48 48 11 24 6163 4 1
14 35 11 37 8555 6 4
47 41 28 22 10375 8 2
41 29 35 48 5122 3 5
11 15 41 23 319 7 7
12 33 44 42 3664 5 6
38 20 16 28 1800 7 5
30 22 16 20 2854 3 5
37 39 49 43 4260 5 5
11 15 36 33 4657 4 1
35 25 26 16 3886 3 5
24 36 12 18 7648 8 5
37 46 26 26 6972 8 2
21 38 15 36 6199 5 1
25 43 28 32 9626 8 1
24 20 36 12 8755 1 4
45 26 37 15 2740 3 1
28 21 25 48 7576 8 3
43 44 14 29 3003 2 8
23 15 15 23 10427 8 7
45 49 10 43 1106 8 5
35 43 19 37 4500 5 5
47 34 36 23 10500 7 3
14 18 17 48 6247 4 6
34 46 38 40 6402 6 7
18 45 39 25 9274 2 3
38 18 22 10 7036 4 2
20 36 42 24 3952 3 3
41 44 22 33 1582 7 6
40 28 25 18 10779 1 1
13 20 47 18 3353 2 3
16 37 49 13 2177 1 2
46 29 46 11 2247 5 6
43 42 25 20 2672 1 7
26 19 23 24 10047 1 1
41 47 44 13 8196 1 2
21 21 27 39 6139 2 2
21 33 34 17 7528 5 8
45 21 18 36 7978 4 5