200
20 37 24 45 4674 6 6
30 47 33 17 3254 4 1
39 10 15 36 1033 4 1
46 34 47 22 6270 3 1
46 46 31 47 6281 4 5
18 32 29 23 5664 7 8
23 22 37 42 5089 3 8
43 15 46 34 5820 1 7
26 48 48 45 739 5 3
18 23 11 20 4129 4 2
34 43 26 10 3727 3 2
17 39 16 18 837 7 4
10 34 17 47 608 1 4
46 26 28 46 2267 2 5
49 40 35 35 3026 4 3
14 26 24 42 946 8 8
20 34 20 14 1656 1 7
37 25 46 12 3676 1 3
20 16 42 28 2106 3 8
20 34 41 27 6297 2 3
46 42 23 36 3962 3 6
20 49 32 33 6221 5 5
27 19 48 42 4090 2 3
28 33 11 10 245 6 6
29 39 25 28 4610 7 4
38 10 41 13 1176 3 6
34 39 37 17 6298 5 2
25 48 44 19 1780 1 3
36 11 36 21 4445 7 3
23 37 23 16 452 8 4
26 18 45 37 1754 7 7
29 14 14 10 2711 1 1
33 23 35 28 5849 4 2
48 39 48 24 5656 2 1
12 32 36 32 1039 5 6
15 35 24 48 2607 1 3
12 27 36 49 4724 1 4
35 16 34 16 1846 6 7
23 44 17 19 3926 4 7
13 34 10 49 4924 7 6
31 10 14 19 5923 2 6
36 20 47 28 2465 3 2
35 36 13 40 3818 1 2
34 16 13 40 2481 1 4
42 31 27 27 1007 4 3
31 14 32 10 5227 8 4
33 14 12 49 3352 3 8
40 13 39 34 1356 1 3
45 14 43 28 878 4 2
24 17 41 43 1857 1 4
18 28 43 22 4830 7 7
42 16 21 31 3089 3 3
19 47 20 42 1872 3 1
22 45 24 46 5382 5 2
40 20 44 20 6086 4 2
42 48 29 19 416 1 1
45 49 28 22 2939 3 3
42 34 14 42 4716 2 1
48 36 35 42 4309 5 7
16 14 39 30 3382 4 1
39 38 38 32 1930 4 5
42 18 44 45 1366 1 2
13 35 38 16 1563 4 2
23 21 33 18 3372 1 4
47 13 46 25 5598 6 1
35 13 19 41 6040 5 7
33 42 23 34 2451 1 4
43 47 21 48 5450 1 1
48 10 33 26 5311 3 4
10 19 29 16 5769 1 3
37 11 13 16 2998 4 4
25 29 19 35 6117 6 7
36 12 13 19 2610 3 1
23 23 44 37 2899 8 6
23 19 12 13 3842 3 8
42 14 26 37 5419 5 5
11 13 27 23 3525 3 1
39 46 11 21 2738 4 3
21 13 43 43 5743 3 6
32 36 18 23 1562 2 1
16 36 19 46 5173 8 2
39 48 43 44 4582 4 8
19 22 39 31 3136 6 6
38 15 41 39 3175 5 1
48 26 11 40 4795 3 8
12 38 46 13 4341 6 3
13 35 25 32 5259 6 2
38 26 40 28 4748 1 3
49 10 13 21 235 7 2
43 17 11 15 3453 3 7
11 33 25 23 3797 6 5
20 35 43 39 1534 5 1
34 28 19 24 5293 4 1
27 31 41 37 4197 6 6
21 16 49 17 1469 5 2
11 38 40 42 1577 7 5
34 35 32 29 3294 1 4
19 45 45 35 1110 6 6
42 38 26 38 2717 8 1
40 40 36 18 1384 8 6
13 21 27 40 819 8 3
30 34 44 12 3438 6 2
45 28 32 47 2540 3 6
32 10 37 47 1981 3 7
19 43 42 29 5078 4 3
17 16 46 32 630 2 4
33 29 36 35 5454 2 5
21 18 45 17 5044 1 1
29 11 18 16 416 2 8
27 46 11 15 6412 6 5
20 14 46 15 4403 7 7
10 49 26 34 4084 3 3
44 43 24 11 4838 2 2
39 44 49 16 4231 4 2
36 36 35 32 869 2 4
31 25 47 22 1269 1 7
30 19 18 10 4352 4 3
37 14 49 34 980 7 1
40 14 42 14 1678 1 1
22 43 17 27 614 3 3
35 35 16 17 655 1 3
49 37 49 19 3728 4 2
31 30 40 33 4661 2 1
43 13 27 26 4961 6 2
25 43 39 13 6234 2 3
12 21 36 47 6367 5 5
35 35 10 11 3215 1 3
46 30 39 30 6397 1 1
14 28 25 32 2818 5 5
37 48 27 45 2652 3 8
31 20 16 15 1840 2 4
41 36 27 46 3044 7 7
25 22 19 19 214 3 1
34 49 25 45 195 4 7
49 45 41 47 3644 3 2
42 40 45 44 3597 1 5
11 35 40 14 1981 3 4
30 30 26 23 5217 7 5
29 40 17 25 2163 4 3
30 48 31 20 1852 3 3
15 20 36 32 5084 1 1
49 14 34 40 2612 3 1
14 34 12 11 4935 5 2
11 25 11 43 2982 2 7
48 11 35 21 5125 4 4
10 12 40 42 6082 2 5
15 45 14 29 643 5 7
42 20 10 44 3426 4 6
10 25 20 14 3058 7 8
41 31 16 16 1126 5 3
10 43 19 14 3739 2 8
48 17 30 24 5622 6 5
27 23 48 19 3196 3 4
23 20 34 19 4629 5 4
46 26 12 28 5951 6 7
18 32 29 39 1898 6 7
22 25 37 46 2205 6 5
36 35 34 17 2786 3 3
42 17 42 11 5452 2 2
22 41 25 34 1642 7 3
31 18 24 18 2756 7 8
38 30 23 18 5904 1 4
37 25 40 35 904 1 1
20 26 17 39 4755 1 8
43 12 33 31 3789 4 2
19 43 37 29 3069 4 1
30 40 10 21 5336 6 2
27 29 46 20 1423 7 7
36 20 46 24 4984 1 2
25 29 40 19 4927 2 4
20 10 44 33 3995 2 7
30 37 16 49 3502 2 8
28 15 38 22 4242 2 3
21 17 48 22 5315 6 4
20 44 30 41 1318 3 6
16 37 27 10 1837 4 4
33 16 39 33 2117 3 4
39 40 20 22 6320 3 2
41 46 44 10 2132 4 8
41 32 10 26 4958 4 3
25 40 10 23 3198 4 4
28 24 20 45 4160 4 7
21 24 11 27 272 2 7
46 48 42 30 1901 1 4
15 29 46 20 5477 1 2
38 33 11 21 5194 2 5
21 25 35 37 5491 3 2
13 24 16 19 352 3 7
41 17 38 36 2341 5 8
21 41 10 11 3237 1 3
32 31 40 13 2769 4 3
15 14 23 16 3105 6 7
12 47 17 13 106 5 2
26 25 33 36 1075 5 6
36 26 35 24 1820 2 5
46 35 44 19 2439 7 7
37 17 33 16 3858 6 5
10 48 46 30 2297 7 7
13 21 34 16 2221 8 3
35 32 38 13 3954 4 3