150
28 36 11 33 1572 13 78
13 36 13 17 1979 76 8
48 43 17 9 1630 4 42
23 15 19 14 1699 2 45
34 46 17 21 2129 71 3
17 52 15 28 2439 58 38
19 24 10 21 2297 68 15
21 29 17 16 1802 11 90
36 27 33 16 2028 45 39
24 22 23 14 1629 22 72
13 43 23 16 1712 17 75
14 32 7 3 2007 70 3
14 33 20 7 1582 17 58
41 17 11 15 1445 19 53
1 40 1 29 2323 56 18
26 23 14 29 2362 69 34
38 33 17 30 2436 79 3
9 35 30 20 2291 95 9
34 49 29 3 1372 30 50
26 48 21 22 2370 45 25
27 32 28 17 1761 36 46
30 38 23 37 1498 8 82
33 29 21 9 1400 18 61
43 32 27 15 1805 11 68
21 40 21 19 1939 17 86
21 38 23 11 1687 25 72
36 46 22 15 1516 31 66
31 47 35 8 1416 15 77
33 53 13 10 2198 50 17
35 36 19 28 1838 27 63
17 26 34 10 1736 29 63
30 39 29 18 2250 100 7
46 21 6 28 2086 87 4
31 30 29 21 1575 40 66
41 34 35 28 1406 3 45
12 30 22 25 2307 90 5
33 33 42 32 2438 88 20
30 36 10 24 1350 26 56
26 15 30 27 1775 38 84
27 31 22 3 1950 4 86
32 35 24 15 1488 17 70
27 34 26 35 1939 23 59
29 25 1 13 2176 58 15
34 40 11 23 1495 11 85
29 27 32 19 1437 38 73
35 15 21 29 2020 86 29
23 22 19 25 2283 53 26
24 24 25 46 1372 32 97
39 30 3 34 1845 16 100
47 42 34 9 2256 64 1
43 30 3 2 2196 49 8
29 31 21 24 2335 42 12
32 29 23 25 2456 67 6
28 42 32 17 2379 86 16
30 38 20 25 2563 60 38
21 44 48 16 1723 38 100
7 41 26 7 2405 75 4
35 22 38 30 2409 73 1
28 31 4 18 2497 84 26
33 35 21 19 2255 47 19
30 48 25 30 1584 17 94
18 48 34 5 2515 82 35
35 25 26 14 2119 72 18
36 33 22 25 2577 70 14
24 32 18 2 1788 25 59
21 29 23 14 2404 53 31
25 33 15 29 1481 11 98
31 26 34 13 2131 51 35
23 15 27 16 2231 89 32
39 42 25 11 1932 14 87
25 28 5 22 2349 69 12
27 48 21 29 2472 63 35
16 19 24 20 1711 27 48
26 50 10 18 1786 29 89
35 27 12 17 1333 16 74
21 33 22 9 1551 6 78
33 40 21 29 2560 100 14
25 42 27 30 1777 21 59
25 34 26 3 2386 99 26
26 15 22 19 1855 13 52
34 27 21 13 1458 34 59
10 35 22 1 1713 3 43
23 36 29 5 1779 9 86
14 35 38 19 2135 48 7
18 28 12 19 1773 10 68
34 33 8 22 2410 90 20
24 26 24 12 2105 75 18
41 41 3 15 1738 12 63
33 23 33 20 2536 46 18
41 26 37 21 2339 58 34
41 40 22 10 1639 16 45
4 26 18 14 1981 95 27
14 35 8 40 2089 98 27
35 29 21 22 1632 22 49
10 38 23 2 2432 57 9
29 39 19 5 1628 16 94
14 21 28 11 2370 62 17
17 41 24 27 1833 3 58
44 3 18 20 1847 8 100
21 42 23 30 1591 11 63
19 24 10 22 1681 23 55
40 42 24 20 2563 80 1
27 35 5 15 1690 32 58
5 35 4 19 2051 75 35
27 30 31 20 2372 70 29
40 21 27 33 2206 66 27
16 33 25 3 2083 53 23
28 43 14 21 1757 6 95
17 6 2 11 2479 72 5
43 36 27 9 2242 45 5
33 21 37 40 1927 7 68
40 14 28 11 2333 62 37
29 28 18 5 2465 90 32
14 26 31 22 1759 19 93
32 34 21 14 2031 85 5
19 39 23 26 2442 100 17
30 16 7 34 1587 28 92
27 53 42 23 1829 22 93
29 51 24 16 1653 11 89
28 23 16 27 2460 98 2
30 37 24 24 1427 37 66
10 20 22 28 1754 3 89
21 43 7 18 1442 34 49
28 18 10 36 1453 12 65
40 46 34 12 1694 40 80
43 43 27 21 2524 86 32
26 21 13 17 1720 10 43
20 33 23 14 2355 47 22
39 40 26 18 2324 97 10
7 24 10 14 2124 87 30
26 20 13 16 1761 18 94
21 8 19 22 1886 25 72
27 24 12 14 2518 55 20
13 29 3 17 1752 33 62
33 37 20 27 2327 41 24
21 41 29 23 2461 68 18
7 16 29 11 1549 32 69
31 24 4 18 2539 79 6
32 38 23 41 2601 64 34
40 38 10 4 1334 7 76
21 37 21 12 2121 65 28
31 25 35 14 1607 37 58
21 46 11 25 2368 100 37
23 16 13 22 2019 91 5
27 34 17 9 2519 60 16
20 18 26 27 2241 94 36
12 25 27 26 1395 18 86
19 39 8 23 2510 54 32
20 34 46 21 2112 51 20
18 36 36 40 1683 40 44