250
44 37 14 39 2048 4 1
36 47 28 48 3748 3 2
24 36 24 14 7003 7 8
11 24 10 27 4440 2 3
39 41 35 39 788 4 4
19 43 15 22 4606 2 2
38 40 49 10 954 1 1
44 48 18 29 5996 6 8
24 36 27 19 1699 3 4
15 23 21 13 4909 1 4
42 21 23 45 2666 2 3
39 44 33 10 5654 6 4
46 37 24 35 5265 6 2
16 34 16 42 6989 3 7
42 43 36 17 7694 1 4
18 35 44 23 3700 2 2
26 35 34 20 7288 5 4
31 43 23 33 8121 7 4
47 31 31 26 2674 2 3
29 28 49 35 2707 6 3
20 36 18 35 5231 1 3
15 43 17 46 7364 2 4
24 34 45 26 6782 2 2
19 46 41 40 4803 1 4
27 43 38 33 5967 7 5
13 25 20 33 4955 3 8
14 37 46 10 4779 2 3
44 12 40 36 2600 1 8
46 33 42 40 451 2 3
13 14 44 25 227 3 3
14 18 21 39 6894 3 4
37 27 23 44 5455 8 4
46 37 19 12 7839 4 1
38 40 12 44 3930 3 8
47 40 18 27 7827 8 4
33 41 25 39 4148 5 8
31 39 16 12 1912 6 7
40 35 10 27 6237 8 1
37 49 10 13 1292 1 2
23 16 48 48 675 3 2
21 41 48 33 2869 4 8
23 28 43 18 3991 7 7
29 40 36 47 3051 2 7
14 16 24 27 1401 6 3
10 18 18 10 5509 8 6
16 25 33 45 3867 7 4
42 17 23 47 7744 1 2
45 35 30 28 2589 3 1
26 41 22 12 1292 2 5
33 36 11 21 5530 5 4
49 48 13 34 7807 2 3
21 17 27 39 6756 7 1
27 35 11 29 7652 4 1
37 22 46 47 7454 1 2
46 17 20 49 6973 1 1
24 31 42 35 4763 7 5
49 42 35 14 5499 6 4
34 16 31 45 7572 2 1
15 17 43 34 7367 3 4
44 46 38 11 7677 4 1
34 29 26 46 938 2 1
38 49 23 18 7382 8 6
43 29 14 33 1223 8 8
40 43 42 46 336 4 5
41 14 27 37 7203 1 6
26 46 23 41 7071 1 3
40 30 31 23 1946 8 1
48 27 25 24 2209 8 8
23 42 46 12 7103 8 2
26 21 13 15 5308 6 4
14 15 21 42 5820 1 1
13 46 24 29 4867 5 6
22 20 19 14 1720 2 8
43 38 33 19 2024 1 4
48 13 12 43 3973 8 3
18 17 24 18 7221 5 1
26 14 27 31 6770 3 1
38 44 28 32 6293 4 3
16 19 31 15 2999 3 7
48 43 27 16 1776 5 5
47 32 19 27 7030 5 6
16 47 33 25 5271 2 1
42 45 24 47 7268 1 6
21 47 47 27 6389 8 2
38 43 23 38 6348 3 3
44 23 13 38 7475 7 3
22 22 12 19 1258 8 5
14 35 43 24 6261 4 4
19 27 21 10 2105 8 7
20 42 32 16 2439 2 2
31 21 17 24 2027 2 1
37 17 12 15 5066 3 4
19 10 29 38 4478 1 3
45 35 41 22 5884 1 1
25 22 46 19 2124 7 6
41 39 20 10 4401 4 3
30 43 41 11 872 2 3
42 17 36 19 7746 2 2
26 14 37 23 2730 1 4
29 12 12 39 5620 5 3
49 39 13 16 2820 5 7
41 15 39 44 6135 4 4
23 18 18 11 432 7 7
41 35 34 15 769 3 1
32 11 46 34 4382 8 4
23 38 21 30 278 6 7
32 37 18 31 604 1 4
48 10 15 21 6305 2 3
41 29 10 17 2757 5 4
20 39 11 37 6625 2 1
32 18 25 23 6055 6 8
34 37 17 34 3621 3 5
48 29 40 25 5581 4 3
31 13 29 44 832 4 5
22 20 45 48 5230 1 3
13 36 18 30 3566 5 5
47 17 38 22 4584 6 3
46 25 22 32 4396 4 3
16 43 45 44 1113 7 6
42 20 27 28 6594 3 3
14 35 40 13 6513 5 8
10 14 33 13 1518 7 4
22 26 13 32 4069 3 5
16 21 39 41 5862 1 3
44 11 48 47 4277 2 1
32 26 23 10 2740 1 6
40 13 44 47 7103 2 4
11 30 23 42 1657 2 2
25 33 25 14 5202 1 1
41 13 21 35 4838 4 5
46 31 18 48 2419 5 6
42 36 45 29 1069 6 6
37 29 23 45 4912 3 1
28 35 48 43 2371 5 5
12 14 13 29 861 8 1
15 40 13 28 2639 1 3
35 23 19 38 799 1 4
40 18 24 46 3237 7 1
48 42 18 31 4413 6 7
13 39 27 38 3536 6 5
24 14 33 47 4728 7 5
42 49 45 43 6356 3 7
12 31 15 47 5936 4 2
18 26 35 43 6884 1 8
19 24 17 42 7424 6 3
41 16 29 16 2827 3 4
47 17 33 33 5727 3 2
49 49 44 34 4244 1 4
29 17 25 14 3404 1 4
39 31 40 32 4180 5 5
10 45 39 30 4635 4 4
45 49 23 44 1485 4 4
28 37 23 40 4284 3 2
46 12 40 27 7738 3 4
14 25 10 25 1587 1 2
49 16 11 13 7437 6 2
29 27 23 41 6717 2 7
20 36 46 30 1845 4 3
40 24 36 37 668 2 6
24 13 39 14 1306 5 7
34 30 27 47 479 8 5
11 47 10 20 3474 2 8
40 35 38 38 6342 4 1
41 23 27 28 1580 1 1
16 12 19 48 6099 4 1
14 45 35 44 3435 5 1
38 36 22 17 6172 3 4
37 32 38 24 3095 2 3
49 48 16 40 6365 4 1
14 34 14 27 621 1 2
14 24 11 43 1505 4 2
29 33 29 43 595 5 8
30 44 46 18 5641 4 2
38 10 13 40 749 7 2
34 45 32 36 4027 7 7
49 26 48 25 7164 5 5
11 11 46 24 7318 2 2
19 19 27 10 4037 2 2
41 10 34 38 3191 8 6
21 44 38 40 4109 3 6
20 47 47 12 4675 2 3
32 39 14 22 5302 1 3
39 43 24 26 5556 3 3
32 49 35 23 5752 2 8
12 32 18 24 2672 2 6
42 47 34 10 6792 1 4
49 11 12 15 370 1 6
47 46 19 36 631 4 1
10 40 30 24 3357 7 8
21 48 16 40 5852 2 7
41 43 32 11 3195 1 3
40 11 33 21 3587 8 7
31 33 33 41 5182 8 3
26 25 24 26 3352 3 3
35 14 35 25 6485 8 4
29 47 43 35 801 4 4
42 30 16 24 5644 2 5
39 24 32 48 4186 1 3
20 22 35 17 1900 8 6
27 35 33 43 5351 2 5
29 43 27 45 421 7 3
30 46 40 34 4478 3 3
39 28 10 11 2845 3 1
37 26 44 30 5485 4 3
24 32 41 43 1190 8 4
40 40 11 22 5874 7 6
24 37 47 40 1811 2 1
34 36 36 16 1239 1 1
48 37 37 19 7735 1 1
24 38 15 12 1530 1 7
47 29 42 13 5808 1 3
45 23 16 34 4258 3 1
49 39 20 21 8065 5 6
26 47 15 17 4561 7 5
28 41 21 18 5097 5 2
25 19 33 45 8008 5 7
25 12 33 28 2783 3 2
49 30 20 48 2066 7 1
18 38 10 28 6842 2 3
14 28 18 44 1232 4 3
26 42 30 42 6796 4 1
23 20 49 19 4909 1 1
12 16 38 16 6920 2 1
33 41 26 25 3613 1 4
37 31 35 32 6838 3 3
43 11 13 12 2095 1 6
44 11 38 30 902 5 7
30 30 39 21 7308 1 2
18 13 44 21 3258 8 4
38 23 41 37 4786 1 2
16 28 43 42 1883 4 6
48 37 37 20 3494 7 3
19 43 24 43 3301 3 8
16 35 13 28 8026 2 3
30 13 35 16 2304 5 7
35 40 36 17 1737 5 4
37 46 28 11 8019 3 6
20 35 35 31 3361 2 1
40 44 33 45 567 1 4
27 37 48 10 3650 3 6
38 43 46 48 7915 6 8
15 14 23 41 4934 4 1
28 41 34 17 2083 5 5
43 45 23 30 1374 5 2
42 48 26 15 6947 8 5
29 18 44 37 7650 1 7
20 39 44 36 2185 4 3
41 25 17 36 7511 6 8
40 26 30 33 3718 2 3
35 11 40 19 3886 1 4