300
23 31 22 3 3957 76 28
32 31 11 39 3276 13 47
29 34 29 5 3377 23 62
30 31 34 33 4245 85 6
17 23 33 21 3461 26 75
29 31 18 25 2754 4 41
23 34 11 7 4605 88 18
17 32 41 15 4915 88 35
28 42 26 9 3287 4 99
32 47 12 26 3822 10 91
47 19 29 12 4406 59 3
22 34 32 2 4011 51 4
39 39 23 15 4297 57 17
27 28 25 7 4730 93 34
9 19 22 30 4132 56 15
17 34 26 25 4552 44 14
28 27 32 33 3045 36 87
2 39 46 12 4238 55 25
33 34 1 22 4083 48 36
31 12 26 15 2586 28 99
11 39 30 18 4065 81 8
33 17 24 22 4915 98 17
44 41 6 16 2629 37 88
14 40 7 16 2932 33 49
2 38 15 26 3056 25 41
33 41 23 25 3666 14 44
34 38 27 41 3680 10 52
24 36 16 22 2866 6 54
21 43 22 19 4922 74 28
23 35 27 39 2601 37 65
32 23 26 23 2833 5 48
20 37 17 20 4359 98 5
40 59 5 21 4159 89 7
34 37 18 16 4128 76 25
27 47 29 19 3958 71 12
23 24 20 21 4939 100 37
31 35 14 18 3508 27 65
10 50 12 24 4488 63 25
15 66 11 3 2799 1 43
27 39 25 11 3723 22 45
5 33 11 9 3781 25 74
26 38 13 5 4137 75 23
28 30 24 1 3599 38 84
40 41 31 20 3057 11 50
45 34 15 14 3191 19 95
11 8 26 26 4840 88 10
27 33 20 17 4398 56 3
32 11 26 11 4980 97 26
21 34 39 12 4996 100 29
47 45 49 19 3551 20 76
18 26 27 29 4812 78 17
20 35 16 45 3452 27 88
34 28 37 16 4955 87 17
27 15 30 12 4542 71 15
25 18 18 25 3694 9 57
30 35 25 20 3125 36 42
33 35 23 5 3674 3 83
14 40 39 15 4613 47 32
17 30 39 9 3915 69 6
27 43 14 14 4951 91 30
49 40 20 25 4416 48 34
22 24 12 20 3469 32 71
29 16 22 39 4822 81 37
32 11 34 19 4378 41 8
32 24 35 11 4597 50 17
28 17 25 49 4240 77 25
28 14 25 28 3943 87 14
31 30 20 12 4040 68 19
33 39 23 15 2762 18 43
25 33 36 21 2608 9 65
30 30 5 27 3193 9 70
41 43 37 9 4399 59 24
12 38 30 22 4643 52 17
16 41 12 34 4130 43 38
31 39 15 15 4062 65 6
57 38 12 23 2840 16 60
17 41 13 18 4786 46 23
33 28 35 22 3100 29 75
13 45 20 12 3917 66 14
29 32 22 10 3676 27 48
31 30 26 25 3821 21 86
35 29 28 7 4780 58 2
18 18 23 28 4188 54 8
8 25 3 29 3431 29 53
31 13 28 34 3333 24 90
48 43 16 18 3838 29 82
36 41 19 21 4061 95 37
20 28 23 8 4257 66 3
19 49 36 32 3295 32 50
31 25 16 17 2717 35 81
21 39 8 30 4485 61 10
30 35 12 24 3591 35 54
22 21 19 13 3016 38 87
31 35 29 16 4973 42 19
12 34 31 16 4924 91 22
28 11 41 6 4695 79 21
28 42 12 2 4281 88 22
7 30 11 25 2608 40 85
25 39 21 8 3023 27 45
16 35 21 11 4637 93 34
13 28 24 1 3990 61 35
15 44 21 33 4147 73 27
40 17 26 15 4923 60 16
15 31 12 18 5009 97 12
17 8 18 23 2549 17 61
18 17 11 12 4428 42 5
40 17 18 5 3241 29 66
19 14 10 19 3481 13 77
12 30 6 32 3164 9 60
24 28 19 3 3896 90 31
27 31 23 24 2863 5 68
33 55 19 21 3999 71 5
21 35 42 23 3118 29 93
22 40 28 34 3445 21 51
33 26 27 17 3134 18 68
31 34 29 31 4470 48 14
35 32 20 25 4987 86 1
21 40 35 22 4628 74 4
34 47 31 24 3500 7 63
35 39 19 34 2908 10 43
37 29 18 13 4792 84 31
36 38 39 12 4034 41 5
13 41 18 26 3917 72 17
16 38 24 24 2898 26 94
18 17 22 21 4544 97 36
26 36 5 21 4549 93 22
26 19 19 14 3293 34 41
16 36 19 5 3520 27 48
40 35 15 11 4106 85 8
21 56 30 24 5047 67 6
15 43 26 33 3228 22 65
16 41 36 12 3992 95 30
22 45 19 11 4473 45 17
26 30 19 30 4715 84 35
39 42 22 25 3518 1 53
20 6 31 32 4255 43 34
30 38 18 7 3903 68 6
31 41 13 21 2623 34 94
25 41 19 1 4323 70 38
23 27 9 14 3089 14 75
33 18 23 9 4821 76 23
43 15 29 22 4770 50 10
23 26 33 12 4945 41 19
22 47 14 11 4194 91 7
7 40 14 33 4823 46 37
26 13 23 24 2856 37 79
22 29 30 14 3757 30 45
23 39 26 33 4974 67 2
37 28 18 6 2939 13 63
24 24 24 34 3588 38 78
27 30 18 26 2657 3 75
23 37 29 24 4606 66 2
28 40 7 33 3861 40 88
19 48 11 17 4755 85 29
7 26 14 28 2898 6 91
20 10 20 26 4600 95 25
20 29 16 11 3473 9 81
27 35 20 15 4896 56 32
23 32 32 7 3063 11 69
25 31 34 34 2726 8 57
36 42 6 28 2624 29 76
13 42 8 3 2809 5 92
31 31 20 3 5019 45 28
33 29 25 26 3858 8 44
44 22 21 24 4332 68 2
12 25 33 14 4166 84 27
13 26 27 24 3581 8 80
39 24 36 28 3546 26 50
17 34 13 18 3585 38 91
29 28 24 22 4319 59 31
28 35 4 8 4626 57 16
16 43 10 21 4763 41 19
19 33 12 7 3823 17 80
30 37 11 21 3051 19 74
47 43 22 7 3997 99 30
29 25 19 25 3213 38 75
39 20 25 33 4739 82 22
19 35 2 22 3762 14 80
36 33 31 36 3341 7 47
14 35 2 11 4587 76 31
27 17 42 21 3062 10 70
24 35 17 45 3022 6 73
45 53 45 8 4583 50 24
31 36 42 15 3830 11 97
30 31 22 16 3770 39 92
40 36 17 38 2971 23 96
16 39 21 18 4042 94 22
31 19 22 17 3047 19 51
38 18 39 9 3413 27 78
30 20 31 12 4261 94 8
23 8 18 28 3333 40 82
33 46 9 24 3997 56 11
22 35 25 1 3683 33 68
15 10 16 34 3339 35 47
15 34 21 29 4720 80 22
38 35 10 10 2882 36 73
18 22 20 26 3593 40 41
23 22 20 12 4891 74 20
10 18 20 26 4053 42 27
19 18 20 4 2998 6 96
4 34 17 33 4837 74 21
25 25 35 27 4065 94 34
25 42 22 3 3785 29 75
40 47 33 3 3074 12 67
24 32 37 38 2606 17 90
8 9 9 6 3729 38 85
34 33 21 26 4333 61 38
21 34 30 4 4296 94 18
23 33 20 27 4216 72 2
48 5 32 26 3228 27 64
26 14 16 27 3843 65 7
27 20 26 14 4433 49 19
29 34 20 9 4962 48 35
31 36 24 15 3342 9 82
25 24 23 9 4962 67 25
39 37 27 25 3204 33 42
13 32 7 15 3890 83 3
42 27 38 6 4462 79 13
8 40 46 6 4308 67 36
32 31 2 15 4008 74 31
28 21 32 4 4947 95 11
17 26 35 28 3146 19 45
30 33 39 21 3563 14 82
54 26 17 5 4318 71 30
28 18 15 13 2952 25 66
37 35 30 8 4106 87 27
23 38 5 10 3818 8 61
41 25 12 26 3957 93 3
19 31 21 40 4421 81 8
26 19 12 22 4967 83 15
40 29 16 7 2734 27 64
28 40 28 8 4692 93 3
39 41 20 32 3551 29 95
26 32 27 13 4054 69 17
36 41 18 21 3193 15 55
37 47 12 29 4054 49 2
32 26 26 30 2723 22 45
20 32 20 9 4225 48 36
40 40 30 14 4034 46 4
15 34 30 12 3201 38 64
10 24 24 14 3736 6 100
35 31 18 13 3911 55 11
41 31 9 36 3578 34 62
20 33 13 30 4706 54 23
8 33 38 33 2796 2 57
27 14 37 16 3743 12 82
34 33 22 18 4173 54 33
13 30 17 8 3484 14 49
49 50 22 26 3534 22 96
15 27 20 28 3217 8 88
24 49 35 27 4880 66 17
16 31 28 14 3797 13 91
29 36 15 19 4654 43 30
42 38 36 16 4363 48 4
36 31 21 22 3665 3 75
15 28 16 11 4233 44 28
31 31 16 20 3584 38 68
18 24 10 20 4467 76 17
39 21 20 17 3887 71 22
29 37 29 34 3357 15 70
51 36 30 21 3988 64 37
48 47 25 28 3440 18 60
11 21 21 27 4644 52 7
31 38 13 19 4952 83 2
9 52 3 40 3562 33 57
38 45 11 5 4021 72 30
31 31 7 21 2631 34 95
43 18 17 15 2696 26 79
25 20 9 12 3953 46 2
22 17 47 14 4496 85 16
26 43 27 47 3036 34 72
39 32 6 6 2921 3 42
18 20 22 30 2994 4 74
17 21 14 21 4020 70 28
27 36 25 4 3935 79 5
20 38 1 7 3641 37 63
37 34 8 10 2860 31 68
1 25 11 14 3998 95 10
30 33 22 32 3674 8 98
36 41 10 30 3786 21 77
19 34 33 16 3302 5 93
42 32 35 9 4959 77 9
8 34 28 33 3341 27 98
37 18 14 5 3815 6 51
18 37 37 14 3370 22 52
33 33 27 24 4122 85 22
30 63 20 19 4403 66 30
43 18 26 1 4868 82 35
21 39 16 25 3257 36 99
40 16 3 31 3164 26 45
17 40 4 18 3910 85 2
32 44 3 26 4363 99 33
25 19 22 3 4829 95 33
40 16 10 16 3646 14 43
17 20 12 7 3228 34 71
18 31 21 18 3548 4 66
25 28 4 17 2957 25 91
33 36 32 25 3906 69 24
3 37 15 29 2618 13 95
38 36 8 37 2725 36 84