350
615 621 572 590 171500 18 34
380 448 381 660 42875 2 3
645 479 669 583 171500 13 12
557 694 517 534 171500 19 15
588 699 537 686 171500 11 17
407 637 405 389 42875 1 6
475 631 615 446 128625 7 10
623 598 373 616 128625 10 16
647 405 419 615 85750 2 17
678 538 572 646 171500 16 32
501 685 463 592 171500 13 20
610 410 536 465 85750 6 10
487 384 602 482 42875 3 5
517 380 567 535 85750 3 12
362 567 460 405 42875 3 3
637 641 620 366 171500 4 17
644 635 668 460 171500 10 30
626 359 477 523 85750 8 14
465 465 557 644 128625 7 11
579 499 677 444 128625 11 19
460 673 461 398 85750 8 7
599 587 500 617 171500 14 16
640 597 355 456 85750 2 11
559 421 423 598 85750 5 13
611 687 374 543 128625 8 17
530 570 594 363 85750 8 10
540 632 452 696 171500 8 27
599 626 558 356 128625 6 25
393 560 450 509 42875 4 5
690 691 636 698 171500 4 14
593 483 505 654 171500 18 23
499 572 508 550 128625 7 26
454 390 388 568 42875 1 5
601 634 586 470 171500 7 24
428 453 549 350 42875 4 6
662 532 417 388 85750 2 7
697 453 471 575 128625 5 14
414 511 688 597 128625 4 18
574 486 444 353 42875 2 5
563 574 492 409 85750 4 15
640 490 361 491 85750 7 8
637 473 457 546 85750 6 9
453 568 634 515 128625 10 26
382 685 696 400 128625 7 25
416 457 640 533 85750 9 7
458 439 550 639 85750 5 11
676 500 446 673 171500 4 24
645 557 484 673 171500 17 17
521 352 400 686 42875 2 3
493 543 538 520 85750 3 10
426 466 491 350 42875 4 6
659 385 469 627 128625 10 20
539 525 629 402 85750 6 10
653 518 352 645 128625 6 10
665 567 632 385 171500 6 28
563 387 377 681 85750 9 8
552 675 511 626 171500 13 19
520 498 370 606 85750 8 16
685 473 671 373 128625 4 11
374 515 613 369 42875 4 4
687 397 431 579 85750 4 14
654 571 378 397 85750 7 11
437 391 687 648 128625 13 22
425 526 437 592 42875 4 7
418 412 587 509 42875 2 4
602 461 577 590 128625 3 21
464 415 488 633 85750 3 17
518 686 415 552 128625 4 15
569 382 624 438 85750 8 12
485 486 628 357 42875 4 3
404 515 395 412 42875 4 5
520 619 464 493 85750 5 17
415 356 571 667 85750 3 12
607 445 579 546 128625 10 9
599 363 521 392 42875 1 8
373 541 350 352 42875 3 8
624 690 546 531 171500 16 12
544 578 475 677 171500 15 25
657 445 503 352 42875 2 6
360 422 468 495 42875 4 6
394 401 654 684 128625 6 20
638 416 405 479 42875 3 4
435 448 451 498 42875 4 6
529 479 655 432 85750 7 15
666 386 504 420 42875 3 8
560 652 677 689 171500 10 22
574 428 686 655 171500 4 14
638 601 520 418 128625 7 19
484 533 640 688 171500 6 29
427 512 477 526 42875 3 5
531 576 614 448 128625 12 9
456 601 400 371 42875 1 4
657 656 358 537 128625 3 24
429 553 663 395 85750 2 6
637 647 416 445 128625 14 10
431 486 455 386 42875 3 5
666 594 413 376 85750 6 10
439 695 587 642 171500 5 29
697 582 393 366 85750 9 13
415 441 671 492 85750 5 11
572 425 505 597 85750 2 6
645 650 447 506 171500 8 27
362 469 638 486 42875 4 7
648 528 356 387 42875 2 3
356 368 566 463 42875 4 3
560 557 437 632 128625 11 17
546 597 462 577 128625 13 24
398 592 593 575 128625 9 20
414 505 628 633 128625 8 10
587 350 429 415 42875 1 6
567 647 468 410 85750 8 12
453 597 372 458 42875 3 8
539 571 490 610 128625 11 19
638 514 685 658 171500 16 31
470 634 434 413 42875 3 4
561 498 596 462 85750 7 9
643 385 696 520 171500 12 30
608 657 681 411 171500 17 17
616 480 368 421 42875 1 8
446 428 547 354 42875 1 4
390 674 669 532 171500 16 23
380 370 394 622 42875 2 6
398 660 642 679 171500 18 22
452 636 598 668 171500 19 34
543 568 631 686 171500 7 14
554 671 598 698 171500 19 13
596 525 426 590 128625 12 18
355 495 356 553 42875 3 8
644 571 505 617 171500 13 18
580 441 616 430 85750 4 7
526 475 453 588 85750 4 8
430 515 489 535 42875 4 6
552 433 646 526 128625 6 23
419 623 518 494 85750 5 16
601 573 420 413 85750 3 17
567 464 387 352 42875 4 6
379 657 639 614 171500 16 32
438 568 369 685 85750 6 16
374 663 441 576 85750 3 8
388 380 657 630 85750 5 11
436 582 663 493 128625 3 22
574 572 404 651 128625 8 9
489 537 543 627 128625 9 21
471 526 506 592 85750 7 12
597 465 498 490 85750 3 12
632 483 350 565 85750 3 14
442 365 554 660 85750 9 7
577 507 380 559 85750 4 14
504 408 496 573 85750 3 11
627 632 613 361 128625 9 20
505 551 667 519 171500 6 16
561 481 361 358 42875 1 3
663 431 397 482 42875 1 8
641 521 421 543 128625 7 13
651 547 461 421 85750 4 6
652 352 536 388 42875 2 4
465 379 455 411 42875 4 3
653 489 370 693 128625 5 21
515 504 368 422 42875 1 3
452 524 561 430 42875 2 8
696 598 454 405 128625 7 14
511 522 491 657 128625 13 9
570 473 449 381 42875 1 3
697 354 589 687 171500 17 28
577 532 413 562 85750 2 12
692 356 492 362 42875 3 3
452 446 682 409 85750 4 8
472 421 571 542 85750 7 12
625 526 630 562 171500 19 21
586 612 408 365 42875 1 4
579 357 362 686 85750 3 6
511 555 498 447 85750 2 12
595 665 470 467 128625 3 17
500 544 669 617 171500 10 19
637 356 409 379 42875 3 4
668 699 464 537 171500 15 34
539 407 480 412 42875 1 6
517 383 546 483 42875 3 5
399 482 418 683 85750 4 15
529 382 441 641 85750 2 6
580 491 419 419 42875 3 8
506 514 639 647 171500 18 15
555 446 641 475 128625 9 17
429 386 413 497 42875 1 5
460 427 389 690 42875 1 5
689 683 533 403 171500 16 24
603 412 589 623 128625 6 13
604 654 462 449 128625 3 25
454 638 545 392 85750 4 17
578 608 418 518 128625 9 26
417 514 523 634 85750 4 6
670 393 368 593 85750 7 8
436 458 479 354 42875 2 4
530 493 630 698 171500 6 14
438 395 392 442 42875 2 5
463 378 685 492 85750 6 8
569 598 621 615 171500 13 35
556 404 492 624 85750 7 16
666 400 502 612 128625 8 14
655 418 611 695 171500 14 18
561 448 411 569 85750 9 16
627 496 451 651 128625 8 21
678 494 515 647 171500 14 32
558 409 687 610 171500 15 28
658 543 480 561 171500 16 19
586 598 568 633 171500 6 27
350 380 604 605 42875 1 6
496 649 430 615 128625 13 14
479 506 636 537 128625 4 9
636 595 638 490 171500 16 20
638 573 554 455 128625 10 16
353 693 365 577 85750 5 15
525 380 550 551 85750 6 9
511 608 427 528 85750 2 13
447 555 392 551 42875 2 4
365 697 501 458 85750 6 8
615 392 357 546 42875 4 4
625 396 382 689 85750 9 16
421 661 616 437 128625 9 12
597 568 477 406 85750 7 6
435 513 673 390 85750 3 6
620 640 525 695 171500 8 26
660 539 620 643 171500 15 33
506 612 573 598 171500 18 34
675 545 411 564 128625 6 19
426 642 613 679 171500 17 25
630 446 442 682 128625 8 25
372 563 586 558 85750 2 9
476 432 621 679 128625 4 13
653 518 554 650 171500 14 25
574 564 657 433 128625 7 16
598 416 620 586 128625 3 14
521 467 637 510 128625 13 23
427 641 364 364 42875 4 7
587 389 525 580 85750 3 16
645 449 528 490 85750 3 16
693 671 416 420 128625 12 12
499 644 509 516 128625 8 13
649 373 468 686 128625 4 24
443 388 382 515 42875 2 5
692 577 462 501 128625 7 10
635 478 509 509 128625 4 22
622 480 617 668 171500 10 14
636 582 392 405 85750 6 12
428 641 583 377 85750 4 12
496 392 693 538 128625 10 18
565 582 466 688 171500 7 15
658 532 534 521 171500 14 33
564 405 652 537 128625 4 17
586 695 435 665 171500 10 30
639 393 577 608 128625 13 24
579 670 458 672 171500 5 14
602 361 542 389 42875 2 3
692 437 578 649 171500 6 17
654 546 624 360 128625 6 19
575 403 645 450 85750 2 12
654 620 391 547 128625 7 22
678 592 634 525 171500 7 17
519 571 471 506 85750 4 8
386 534 498 518 42875 4 8
653 669 448 462 128625 8 26
683 680 419 425 128625 11 24
357 601 433 385 42875 4 4
477 395 648 370 42875 3 4
672 638 540 681 171500 5 26
402 461 452 422 42875 2 8
696 420 488 574 128625 14 26
462 577 482 689 128625 7 25
599 657 416 594 171500 6 19
461 407 592 627 85750 4 15
372 653 385 397 42875 3 7
542 691 512 696 171500 10 28
523 541 520 556 128625 5 20
520 596 438 572 128625 6 11
550 516 475 699 171500 15 20
505 499 516 640 128625 13 18
479 644 605 679 171500 15 23
439 397 624 360 42875 4 3
465 628 534 382 85750 5 14
684 388 493 477 85750 7 6
680 495 616 486 171500 10 21
382 353 684 565 85750 3 11
562 418 536 660 128625 9 22
489 478 412 389 42875 1 4
537 535 682 639 171500 13 30
661 440 431 554 85750 3 17
420 416 562 692 85750 6 11
615 471 469 516 85750 9 8
553 588 606 421 128625 7 25
370 530 621 681 128625 4 14
474 465 381 501 42875 4 3
535 635 639 428 171500 5 26
670 499 664 503 171500 12 33
465 645 564 677 171500 13 31
393 473 621 636 128625 9 9
537 624 688 488 171500 10 32
405 462 434 459 42875 1 5
692 424 591 685 171500 13 14
566 381 452 517 42875 3 8
525 683 431 491 128625 3 11
377 594 548 367 42875 4 3
501 416 622 445 85750 7 9
380 682 695 698 171500 10 27
357 608 574 384 42875 2 6
592 363 552 666 128625 5 24
642 458 509 625 171500 13 17
662 581 496 609 171500 18 24
471 441 515 617 85750 3 13
528 362 545 352 42875 3 3
606 645 406 583 171500 10 25
465 502 395 415 42875 4 4
419 355 507 545 42875 2 5
619 394 591 515 128625 6 16
639 414 426 382 42875 1 5
644 411 423 612 85750 5 15
518 398 357 352 42875 1 5
553 615 401 352 42875 4 6
514 697 546 614 171500 13 19
532 597 513 624 171500 12 18
371 377 562 498 42875 3 8
576 680 554 538 171500 18 12
518 495 547 652 128625 4 22
646 511 570 486 128625 3 13
674 408 508 592 128625 7 22
531 351 410 420 42875 4 8
354 555 355 407 42875 2 6
508 661 587 647 171500 13 18
544 555 356 455 42875 2 4
696 584 392 422 85750 7 14
598 377 688 581 171500 15 26
629 499 648 654 171500 18 12
385 542 544 658 128625 6 23
588 436 426 436 42875 2 7
384 623 552 440 85750 4 17
557 618 519 417 85750 7 13
661 589 574 622 171500 4 23
681 461 450 632 128625 3 22
453 379 510 583 42875 4 6
677 662 563 659 171500 15 19
472 360 519 627 42875 2 6
562 578 496 647 171500 18 14
498 431 579 643 128625 6 22
426 471 429 468 42875 1 8
400 544 656 375 42875 4 6
584 692 589 648 171500 12 24
683 686 477 686 171500 15 16
562 639 585 465 171500 19 34
599 481 614 402 85750 2 7
548 634 464 503 128625 14 14
495 571 414 623 85750 3 7
