150
28 47 14 18 4082 5 6
25 14 31 24 2752 3 3
20 13 49 45 1324 8 7
45 24 23 29 4669 7 8
16 31 21 28 2478 2 6
20 15 44 26 4959 1 6
11 48 40 41 2258 8 6
37 25 37 30 4226 3 8
39 16 48 41 3560 1 5
16 14 16 12 4897 1 7
30 44 39 16 2337 2 5
11 33 11 34 603 2 4
35 18 29 37 1680 2 6
15 48 26 29 2936 2 8
46 28 39 46 3517 5 5
45 24 24 12 3355 6 8
11 18 40 24 2103 1 2
10 36 31 13 3836 4 2
33 31 13 37 3997 7 8
36 35 45 22 395 1 7
23 43 42 31 3236 6 5
46 17 29 11 206 3 1
48 48 14 19 629 5 3
16 29 29 12 759 8 8
36 40 24 43 4640 3 3
12 25 30 25 363 6 2
15 16 10 21 892 6 8
16 24 17 39 275 6 6
21 22 42 49 3861 3 1
39 26 26 14 3574 5 2
12 17 30 39 3304 3 5
24 28 45 19 2385 8 7
17 11 36 46 3765 7 2
46 38 39 22 1461 2 7
16 24 15 23 2501 6 7
35 23 36 29 3461 5 6
19 37 49 40 1447 1 1
24 39 22 27 1583 1 7
32 48 26 25 3646 7 5
17 36 47 35 4454 7 8
15 43 42 39 1538 2 2
11 37 33 22 4207 2 4
27 11 14 43 2678 2 8
30 31 40 14 3002 6 4
48 49 39 22 921 6 8
35 39 21 12 2573 2 3
40 48 34 24 4933 4 4
43 22 14 20 2872 5 6
10 18 37 26 2625 8 7
11 16 25 44 4270 5 2
25 40 45 31 4740 2 8
27 27 27 48 2079 2 8
16 43 46 22 1508 1 2
22 42 21 46 4829 5 5
41 13 38 23 185 4 4
31 31 13 42 3352 3 2
30 17 44 31 4501 3 3
14 48 41 25 4765 3 5
25 19 39 41 4866 2 2
47 47 17 15 2907 4 2
40 43 38 16 4470 8 1
47 46 35 16 669 2 5
32 48 26 39 852 4 7
26 14 22 46 625 3 4
26 44 34 48 3520 1 4
47 32 43 20 146 2 2
26 43 23 38 4394 7 6
46 29 17 26 3205 4 8
15 45 35 12 1563 4 2
15 15 38 19 871 8 7
31 33 36 26 1382 5 2
49 30 30 31 1099 7 2
40 22 12 28 990 3 7
11 30 46 38 3683 2 1
32 29 37 21 3499 1 3
47 34 39 36 1090 3 2
16 34 20 49 4597 4 4
29 44 44 23 690 3 4
15 40 30 32 962 2 7
48 12 19 25 2852 4 3
29 34 11 30 3719 7 2
19 30 27 20 2892 7 2
16 16 32 13 3033 5 5
43 28 17 17 1399 1 2
27 36 19 39 503 3 5
15 22 20 11 3481 2 2
45 37 49 25 1255 6 8
22 37 39 10 4679 3 3
16 35 28 32 1785 2 2
28 20 27 30 4709 1 5
20 31 20 47 3621 6 7
34 33 45 10 3091 2 8
13 49 47 36 1619 4 1
29 26 13 26 4023 1 2
32 33 40 46 2724 7 7
10 12 49 46 1578 3 3
31 32 35 18 4211 2 3
33 43 35 20 523 7 3
20 13 13 22 4851 4 4
22 31 45 48 2802 2 1
12 47 41 25 3261 8 4
23 14 28 20 1068 8 5
39 30 37 35 1890 1 1
19 12 47 14 3410 6 3
15 26 40 40 3960 5 1
17 17 11 34 4885 1 4
24 14 13 21 4044 5 3
43 32 26 40 883 4 3
37 46 46 25 1696 4 3
49 18 32 43 3689 1 4
48 37 37 27 1167 5 2
28 37 22 39 3366 2 3
14 11 15 14 1860 1 2
29 39 19 13 1798 8 1
32 24 10 38 3099 4 3
43 40 41 23 1449 1 4
24 18 16 13 2827 3 4
20 26 47 41 1222 2 3
41 12 42 40 1593 4 2
43 49 31 21 4146 4 3
17 24 33 25 3945 3 3
23 22 16 19 1725 8 4
46 40 38 18 4133 3 1
31 40 29 14 701 6 5
31 12 34 27 1556 6 4
18 24 23 25 1750 4 8
14 17 46 36 4537 2 2
17 24 31 12 1631 7 3
33 26 44 31 520 1 4
46 41 14 47 3081 2 1
31 23 22 20 4064 1 5
21 39 33 30 2133 8 3
30 25 48 10 2958 7 3
17 45 48 43 464 7 5
32 37 28 46 610 7 6
30 28 41 44 3179 8 6
10 22 30 34 3846 2 6
11 21 48 38 2171 2 2
37 21 27 12 4427 3 3
48 35 21 10 2635 8 7
41 20 29 27 2309 7 7
26 33 26 48 236 4 5
10 31 38 28 3756 3 3
22 25 26 48 4318 8 7
26 32 44 25 4369 4 4
14 28 49 16 2274 3 2
49 16 44 28 2529 4 2
48 21 42 38 451 1 3
39 30 41 14 1338 6 4
24 24 11 43 341 3 3