450
10 26 15 3 68 2 8
16 29 18 4 94 7 3
11 46 16 3 121 2 8
10 30 16 3 128 2 8
10 41 15 3 148 2 8
4 7 33 6 175 4 6
8 54 13 3 205 2 8
38 10 16 2 218 1 9
15 21 15 3 242 7 3
56 11 16 2 270 1 9
36 9 10 2 286 1 9
22 27 21 5 291 7 3
45 11 12 2 335 1 9
48 12 16 2 331 1 9
19 21 18 4 375 7 3
20 19 22 3 385 7 3
4 7 18 12 386 4 6
7 8 35 6 418 4 6
5 8 39 11 458 4 6
20 22 12 4 471 7 3
4 9 30 11 483 4 6
44 8 11 2 503 1 9
4 9 24 7 545 4 6
57 10 18 2 563 1 9
15 20 14 5 576 7 3
21 22 23 5 614 7 3
5 11 34 11 607 4 6
9 35 13 3 636 2 8
3 11 31 8 663 4 6
40 9 15 2 689 1 9
48 8 14 2 687 1 9
47 8 9 2 710 1 9
4 10 32 13 728 4 6
36 9 20 2 780 1 9
39 11 14 2 781 1 9
10 35 14 3 803 2 8
23 25 24 5 826 7 3
4 9 30 8 857 4 6
21 22 18 5 876 7 3
20 26 19 6 902 7 3
29 8 12 2 903 1 9
41 11 15 2 939 1 9
34 11 8 2 953 1 9
29 8 15 2 978 1 9
48 11 17 2 1013 1 9
24 21 18 6 1006 7 3
6 10 21 8 1036 4 6
5 9 26 11 1043 4 6
5 9 23 10 1078 4 6
4 9 33 11 1104 4 6
12 50 15 3 1111 2 8
43 9 14 2 1141 1 9
7 37 16 3 1162 2 8
13 19 22 4 1190 7 3
4 12 29 8 1209 4 6
5 11 34 9 1224 4 6
5 11 33 8 1253 4 6
5 2 41 9 1254 4 6
10 40 14 3 1288 2 8
9 39 20 3 1301 2 8
9 35 15 3 1318 2 8
6 5 27 8 1355 4 6
4 11 35 8 1379 4 6
10 33 14 3 1396 2 8
7 9 17 7 1430 4 6
5 13 25 7 1459 4 6
5 38 19 3 1454 2 8
4 14 30 10 1493 4 6
5 9 29 7 1499 4 6
12 36 13 3 1507 2 8
35 8 10 2 1556 1 9
20 17 12 3 1556 7 3
19 27 17 5 1567 7 3
5 9 35 13 1597 4 6
59 13 17 2 1615 1 9
5 15 26 13 1655 4 6
14 19 18 5 1677 7 3
4 10 21 7 1688 4 6
17 26 21 5 1691 7 3
22 16 27 3 1730 7 3
6 10 22 5 1743 4 6
6 33 15 3 1775 2 8
11 38 15 3 1791 2 8
3 11 20 10 1813 4 6
5 9 34 9 1835 4 6
11 46 10 3 1864 2 8
4 11 34 7 1877 4 6
21 22 20 5 1897 7 3
10 51 9 3 1918 2 8
33 8 11 2 1943 1 9
59 6 17 2 1965 1 9
12 40 14 3 1986 2 8
50 8 17 2 1993 1 9
22 17 20 5 2030 7 3
10 28 15 3 2041 2 8
15 18 16 4 2056 7 3
9 31 18 3 2084 2 8
45 11 18 2 2095 1 9
10 35 14 3 2131 2 8
15 15 21 5 2162 7 3
5 11 42 9 2170 4 6
3 11 10 9 2203 4 6
6 9 32 8 2228 4 6
24 20 17 3 2233 7 3
6 9 41 12 2247 4 6
49 10 14 2 2278 1 9
4 9 27 9 2296 4 6
25 9 20 3 2305 7 3
12 45 16 3 2332 2 8
9 36 12 3 2361 2 8
4 12 28 10 2375 4 6
12 25 11 4 2407 7 3
4 9 34 7 2426 4 6
10 20 14 3 2435 2 8
32 13 14 2 2462 1 9
44 10 12 2 2474 1 9
4 12 28 10 2488 4 6
44 8 20 2 2525 1 9
10 41 12 3 2548 2 8
4 10 24 10 2574 4 6
36 6 14 2 2597 1 9
39 6 14 2 2629 1 9
6 13 17 7 2644 4 6
10 45 14 3 2652 2 8
19 19 23 5 2685 7 3
21 21 25 3 2694 7 3
23 15 22 4 2716 7 3
57 10 13 2 2736 1 9
11 28 14 3 2774 2 8
4 10 25 8 2775 4 6
5 9 31 9 2811 4 6
12 47 12 3 2806 2 8
6 10 31 8 2843 4 6
15 19 25 4 2881 7 3
4 9 24 13 2882 4 6
12 17 23 6 2906 7 3
60 11 15 2 2941 1 9
16 20 18 4 2947 7 3
11 43 14 3 2976 2 8
4 10 22 5 2985 4 6
56 9 16 2 3021 1 9
62 6 12 2 3045 1 9
35 11 11 2 3062 1 9
44 13 17 2 3084 1 9
2 6 18 9 3097 4 6
3 12 24 11 3114 4 6
8 47 8 3 3143 2 8
9 38 14 3 3144 2 8
2 8 41 9 3175 4 6
30 10 11 2 3189 1 9
22 16 23 4 3216 7 3
26 18 12 4 3230 7 3
25 22 18 4 3262 7 3
66 10 15 2 3270 1 9
11 33 13 3 3306 2 8
53 9 17 2 3329 1 9
5 16 24 10 3343 4 6
7 41 13 3 3371 2 8
5 11 25 9 3399 4 6
8 45 11 3 3416 2 8
18 17 25 5 3440 7 3
10 40 14 3 3443 2 8
23 18 18 3 3477 7 3
10 40 13 3 3485 2 8
5 11 39 12 3516 4 6
22 17 20 3 3539 7 3
9 42 16 3 3553 2 8
13 17 23 5 3573 7 3
10 35 17 3 3589 2 8
28 9 18 4 3628 7 3
46 6 18 2 3663 1 9
13 34 16 3 3678 2 8
6 51 12 3 3686 2 8
9 35 14 3 3708 2 8
18 18 23 6 3727 7 3
17 27 15 4 3750 7 3
4 9 26 8 3765 4 6
6 12 20 8 3791 4 6
5 6 29 9 3823 4 6
4 11 34 11 3814 4 6
6 41 16 3 3847 2 8
24 24 18 5 3863 7 3
10 38 19 3 3898 2 8
8 32 11 3 3909 2 8
4 5 43 9 3921 4 6
5 12 21 9 3966 4 6
19 19 24 5 3978 7 3
22 25 24 4 3998 7 3
48 8 20 2 4013 1 9
11 35 12 3 4034 2 8
9 32 17 3 4069 2 8
5 9 25 9 4108 4 6
15 24 23 5 4092 7 3
36 8 13 2 4133 1 9
3 12 25 9 4148 4 6
5 11 29 8 4159 4 6
6 10 22 11 4174 4 6
61 9 12 2 4194 1 9
5 49 17 3 4228 2 8
40 9 14 2 4254 1 9
17 22 19 5 4260 7 3
22 20 20 4 4298 7 3
56 10 8 2 4310 1 9
5 9 32 12 4330 4 6
50 9 13 2 4351 1 9
9 31 9 3 4375 2 8
66 11 14 2 4388 1 9
4 8 23 15 4424 4 6
49 13 13 2 4439 1 9
18 21 15 5 4453 7 3
5 12 40 11 4468 4 6
48 10 16 2 4512 1 9
17 16 21 5 4503 7 3
24 16 25 7 4535 7 3
5 9 10 10 4568 4 6
5 11 23 6 4589 4 6
4 10 25 6 4591 4 6
13 20 23 4 4627 7 3
17 26 18 5 4641 7 3
4 14 30 10 4676 4 6
11 46 13 3 4704 2 8
15 18 22 4 4717 7 3
13 18 22 5 4748 7 3
30 9 16 2 4745 1 9
10 33 12 3 4763 2 8
17 23 12 4 4795 7 3
40 10 21 2 4802 1 9
10 55 16 3 4847 2 8
23 19 24 5 4848 7 3
19 19 17 5 4894 7 3
24 17 20 5 4902 7 3
5 10 28 9 4931 4 6
5 8 33 9 4945 4 6
12 52 14 3 4977 2 8
12 45 14 3 4983 2 8
7 53 11 3 4993 2 8
10 33 11 3 5026 2 8
20 18 14 3 5067 7 3
3 10 31 5 5069 4 6
20 27 17 5 5077 7 3
11 46 10 3 5098 2 8
4 13 33 6 5118 4 6
6 43 20 3 5145 2 8
21 17 28 4 5165 7 3
9 38 15 3 5182 2 8
45 8 16 2 5217 1 9
12 45 11 3 5224 2 8
55 10 15 2 5254 1 9
49 10 16 2 5276 1 9
9 36 15 3 5302 2 8
9 28 15 3 5325 2 8
11 28 12 3 5345 2 8
23 20 22 5 5327 7 3
17 23 13 5 5386 7 3
11 53 11 3 5410 2 8
5 12 33 8 5421 4 6
49 14 16 2 5432 1 9
4 5 25 10 5464 4 6
16 22 23 6 5496 7 3
18 22 28 4 5501 7 3
6 13 25 7 5510 4 6
4 13 31 6 5539 4 6
27 21 20 3 5568 7 3
20 17 17 6 5589 7 3
31 14 18 2 5621 1 9
47 7 20 2 5641 1 9
49 14 11 2 5651 1 9
21 23 21 5 5694 7 3
45 9 16 2 5686 1 9
4 11 34 6 5720 4 6
5 10 34 10 5731 4 6
42 10 14 2 5754 1 9
4 10 28 9 5780 4 6
18 20 17 3 5807 7 3
4 12 28 7 5838 4 6
6 9 34 9 5852 4 6
6 10 30 7 5878 4 6
13 18 21 4 5877 7 3
8 36 15 3 5921 2 8
10 28 16 3 5942 2 8
16 18 13 4 5948 7 3
3 13 33 7 5954 4 6
14 44 7 3 5983 2 8
6 10 18 11 6019 4 6
7 39 15 3 6038 2 8
17 18 25 5 6061 7 3
3 10 30 13 6100 4 6
41 10 14 2 6114 1 9
46 9 18 2 6126 1 9
8 44 16 3 6133 2 8
12 38 18 3 6150 2 8
60 8 14 2 6187 1 9
9 39 13 3 6184 2 8
50 5 17 2 6217 1 9
11 36 17 3 6232 2 8
3 13 24 9 6262 4 6
9 48 17 3 6286 2 8
7 43 6 3 6323 2 8
5 11 28 9 6315 4 6
46 8 17 2 6347 1 9
12 20 15 3 6357 2 8
19 22 19 4 6387 7 3
40 6 16 2 6430 1 9
45 9 17 2 6448 1 9
4 10 26 6 6450 4 6
9 37 18 3 6486 2 8
9 35 14 3 6508 2 8
27 18 18 4 6512 7 3
10 43 14 3 6546 2 8
8 32 8 3 6567 2 8
12 34 15 3 6580 2 8
35 7 11 2 6597 1 9
39 11 14 2 6615 1 9
11 44 18 3 6654 2 8
37 12 13 2 6671 1 9
7 27 16 3 6667 2 8
9 50 14 3 6702 2 8
19 24 18 4 6735 7 3
50 7 17 2 6758 1 9
28 9 15 2 6756 1 9
49 11 14 2 6785 1 9
9 45 15 3 6797 2 8
47 11 16 2 6820 1 9
10 38 15 3 6850 2 8
22 24 23 3 6867 7 3
5 12 27 13 6895 4 6
9 36 17 3 6899 2 8
10 46 15 3 6949 2 8
3 8 28 11 6965 4 6
53 11 13 2 6978 1 9
3 13 22 11 6994 4 6
4 9 38 12 7032 4 6
6 13 37 11 7053 4 6
51 10 14 2 7055 1 9
30 12 17 2 7080 1 9
27 9 18 2 7102 1 9
42 9 13 2 7131 1 9
12 42 14 3 7135 2 8
5 11 39 10 7184 4 6
68 6 9 2 7175 1 9
9 33 15 3 7206 2 8
10 46 14 3 7234 2 8
61 10 15 2 7257 1 9
9 33 14 3 7267 2 8
19 9 18 2 7294 1 9
5 7 33 10 7317 4 6
5 14 35 11 7326 4 6
17 19 19 6 7377 7 3
4 10 34 6 7377 4 6
4 10 20 9 7402 4 6
44 7 14 2 7395 1 9
9 32 16 3 7447 2 8
14 23 16 4 7468 7 3
3 10 25 13 7485 4 6
12 48 14 3 7491 2 8
10 42 18 3 7525 2 8
25 17 23 5 7535 7 3
21 15 15 5 7576 7 3
46 13 16 2 7600 1 9
50 10 12 2 7605 1 9
8 38 15 3 7630 2 8
31 8 12 2 7656 1 9
11 44 14 3 7667 2 8
6 10 39 10 7716 4 6
49 9 11 2 7714 1 9
27 10 14 2 7722 1 9
29 5 12 2 7748 1 9
4 6 29 7 7777 4 6
12 43 14 3 7797 2 8
5 6 36 6 7827 4 6
42 10 18 2 7840 1 9
28 9 15 2 7855 1 9
6 10 26 10 7882 4 6
19 16 5 4 7926 7 3
6 12 29 10 7923 4 6
18 11 17 6 7945 7 3
12 42 13 3 7949 2 8
24 24 12 5 7987 7 3
6 11 20 5 8007 4 6
4 8 26 9 8016 4 6
22 27 17 4 8043 7 3
41 7 13 2 8090 1 9
14 11 24 3 8103 7 3
12 16 14 4 8123 7 3
21 28 25 5 8120 7 3
5 10 21 8 8145 4 6
21 18 17 4 8176 7 3
18 14 17 6 8191 7 3
3 12 17 6 8230 4 6
5 9 25 11 8235 4 6
12 33 17 3 8256 2 8
6 7 32 5 8275 4 6
19 20 22 3 8295 7 3
3 10 30 8 8311 4 6
9 50 14 3 8333 2 8
26 21 25 5 8373 7 3
4 9 40 5 8403 4 6
10 38 12 3 8404 2 8
50 10 15 2 8428 1 9
52 6 11 2 8430 1 9
10 23 26 5 8483 7 3
20 20 18 4 8489 7 3
28 14 20 6 8508 7 3
9 42 16 3 8535 2 8
10 25 18 3 8542 2 8
11 35 12 3 8581 2 8
21 14 21 3 8596 7 3
22 15 28 4 8628 7 3
22 24 17 4 8628 7 3
9 42 13 3 8634 2 8
41 13 17 2 8676 1 9
7 41 13 3 8697 2 8
51 9 15 2 8720 1 9
5 10 24 9 8745 4 6
5 10 29 8 8757 4 6
14 20 11 4 8765 7 3
18 22 15 5 8806 7 3
56 8 18 2 8827 1 9
20 21 23 7 8849 7 3
18 18 22 5 8859 7 3
67 6 15 2 8905 1 9
11 31 12 3 8918 2 8
55 10 15 2 8917 1 9
14 17 20 3 8951 7 3
46 8 19 2 8973 1 9
18 13 32 4 9002 7 3
18 20 20 4 9037 7 3
15 15 29 3 9036 7 3
3 11 22 10 9061 4 6
11 50 13 3 9078 2 8
18 19 19 5 9085 7 3
24 13 26 5 9112 7 3
9 41 14 3 9152 2 8
3 7 40 8 9183 4 6
9 41 14 3 9192 2 8
54 10 19 2 9214 1 9
19 22 23 5 9235 7 3
6 54 19 3 9246 2 8
3 11 29 10 9251 4 6
5 11 37 8 9276 4 6
12 30 20 3 9316 2 8
24 19 14 3 9329 7 3
34 8 10 2 9356 1 9
62 10 13 2 9384 1 9
62 10 13 2 9400 1 9
4 7 23 8 9422 4 6
10 45 20 3 9446 2 8
41 9 17 2 9455 1 9
4 9 27 10 9485 4 6
42 9 10 2 9515 1 9
