350
21 21 28 3 4003 38 95
30 23 37 18 3343 37 96
33 35 14 17 3441 36 45
36 49 13 9 3376 4 78
30 34 13 27 4911 44 4
13 20 20 17 5780 96 24
14 29 21 7 3070 13 84
15 55 18 18 5424 54 9
24 22 26 23 4385 21 95
37 25 31 9 4606 50 1
18 53 14 23 4673 88 5
37 37 5 21 5511 73 10
24 29 33 24 4996 71 15
25 45 8 10 4387 6 62
26 40 9 28 3886 26 96
24 40 34 18 3189 23 93
6 23 32 34 5495 73 10
28 29 21 30 5215 48 6
16 37 6 38 5608 97 13
23 32 7 24 5676 87 37
44 41 25 19 4177 16 81
38 51 23 11 3604 35 70
13 38 16 34 5402 54 7
27 18 1 24 4294 33 62
40 45 28 16 3224 23 49
45 43 24 19 3949 35 66
11 8 12 10 3647 5 44
26 29 22 9 2999 25 66
38 42 29 13 5314 87 7
34 47 20 11 5794 47 37
36 40 21 29 3955 33 94
26 40 8 23 5547 98 18
36 30 19 9 5290 64 20
15 51 18 23 3079 1 90
17 24 9 8 3907 10 84
36 44 8 25 4618 69 18
35 21 6 4 4280 25 89
17 35 22 16 5114 92 8
32 36 20 2 4290 29 80
18 30 13 8 4927 84 28
26 40 30 11 3677 7 77
23 28 19 22 5815 73 38
12 21 34 6 4435 82 4
36 41 18 18 3003 17 47
27 25 23 35 5639 46 39
19 43 21 39 4020 32 46
36 30 32 22 4622 62 19
37 26 24 2 4190 30 81
36 51 29 23 5066 56 27
35 29 28 14 4392 38 46
12 33 22 5 4102 15 79
29 31 31 15 5653 85 17
34 35 19 43 5041 79 1
31 32 37 15 5501 59 16
29 19 15 17 4757 53 18
33 22 13 2 4275 38 57
24 34 20 25 4111 29 82
27 14 19 9 5073 83 17
31 43 38 16 5050 47 6
26 32 26 26 3980 10 50
25 32 22 7 5333 58 39
23 26 26 15 4971 92 33
36 30 33 31 4771 53 36
8 31 16 13 4951 57 23
25 47 16 22 5760 75 29
30 17 39 13 4042 24 84
30 36 43 27 3778 5 75
18 34 21 20 3396 14 46
38 44 2 23 5549 80 3
18 29 20 21 4485 68 39
33 37 17 30 3306 33 96
18 45 32 16 5260 91 38
30 48 24 13 5004 77 19
9 29 20 13 5112 47 15
25 33 34 13 4248 19 54
30 17 19 26 5393 72 32
24 27 19 24 3277 5 91
37 24 13 24 5752 79 31
37 29 33 26 5472 75 23
39 38 24 25 3736 25 62
7 42 5 32 3776 19 85
28 21 44 27 5819 57 40
31 36 29 12 4485 61 35
20 27 38 6 4963 87 18
26 31 19 31 3816 31 52
26 16 27 20 4334 14 43
21 24 25 16 5822 79 7
23 26 22 4 3982 24 67
25 27 20 9 3276 17 52
32 27 27 23 4572 90 11
31 21 15 28 3624 5 63
31 26 21 34 4194 15 47
20 27 14 18 3327 18 79
33 17 13 32 4490 83 23
27 13 19 7 5075 71 17
36 18 40 17 3048 23 70
8 22 15 32 3159 33 90
35 42 25 17 4081 32 59
35 29 24 4 4845 80 26
28 22 19 27 4033 18 52
45 13 19 27 4126 27 92
38 22 18 28 4764 50 40
39 39 20 20 4860 43 27
18 43 17 25 3262 10 98
21 38 10 20 3661 33 62
26 14 15 18 3240 6 98
5 45 13 23 4706 70 5
21 42 15 16 5584 52 10
18 25 37 9 4345 11 50
33 38 24 11 4720 85 24
49 31 15 18 4158 17 72
15 18 18 26 4585 99 32
34 58 26 3 5744 43 11
37 32 12 30 5024 100 26
22 39 31 33 5170 63 23
31 46 31 21 4900 69 39
22 36 30 27 5833 43 24
38 18 37 35 4415 25 60
35 25 7 23 3975 30 52
16 22 42 13 3843 3 97
27 37 24 27 4303 10 78
28 35 21 7 3274 39 41
19 17 27 6 5788 86 28
23 26 16 19 5253 47 26
31 27 23 13 4266 8 90
26 41 15 23 3558 18 53
22 24 24 8 3592 14 47
21 34 12 27 3974 34 92
21 24 12 12 5710 73 19
30 21 16 24 2996 28 78
19 15 12 16 4541 41 34
29 7 21 25 3328 7 41
49 23 13 15 5807 63 17
25 39 36 22 4191 23 60
19 21 4 21 4164 12 68
21 38 17 33 3295 36 49
21 47 28 33 3468 5 64
12 39 22 28 5050 77 8
39 32 23 4 4904 82 31
22 14 20 10 4447 42 18
29 31 22 28 3625 29 47
22 26 21 4 3274 16 92
57 48 35 7 4723 96 27
36 32 32 12 4321 7 60
28 37 23 10 5132 90 23
33 44 24 18 3520 39 68
35 22 10 14 5760 53 31
23 35 6 21 5769 92 34
16 37 18 15 2971 8 84
37 25 20 12 4193 12 82
14 32 29 14 4277 6 77
16 9 24 8 4983 98 26
34 24 31 21 5634 68 27
15 47 8 24 4511 78 38
13 23 37 12 5078 87 16
35 26 11 25 5287 52 24
28 27 32 6 3952 7 75
45 43 22 14 3223 5 60
17 6 11 3 3344 37 90
18 23 6 2 5754 72 19
28 33 28 26 3885 9 66
12 21 24 31 5448 54 8
15 37 35 31 4284 6 59
10 38 20 34 4694 80 38
28 34 25 20 4789 44 1
37 27 19 46 5248 94 31
33 30 15 27 4468 54 33
41 38 18 29 4109 9 55
33 33 12 23 5563 61 13
46 32 15 25 4735 93 21
36 24 26 38 5135 99 23
32 45 13 38 5512 62 8
41 55 17 13 3823 18 44
16 20 35 34 5054 52 33
24 37 10 11 5202 44 1
47 35 12 22 3119 8 60
13 29 25 7 5540 46 17
1 34 25 31 4952 49 3
32 27 16 12 3473 33 62
34 25 22 27 3426 2 59
34 44 14 26 4854 85 26
17 26 21 15 4946 44 5
22 23 13 17 4622 69 5
20 42 17 36 4566 87 24
48 11 17 20 3258 21 49
22 46 22 13 3583 19 77
13 34 12 21 3659 3 70
44 18 2 23 3879 37 74
27 33 9 22 4702 68 5
16 34 19 27 3147 23 72
43 31 15 22 5412 74 12
23 32 20 11 3362 32 95
19 38 21 17 3252 4 91
40 42 23 32 3180 6 95
34 45 26 3 3557 6 87
44 32 15 23 5815 87 21
16 27 34 18 3454 12 83
31 33 16 21 3901 32 92
32 20 49 16 3635 38 50
25 35 19 19 5560 57 9
36 37 23 24 3590 17 71
35 22 40 33 4216 19 90
7 38 14 15 3108 25 52
19 15 37 25 4618 68 33
28 12 30 11 4430 88 4
13 42 34 11 5346 56 29
15 34 21 22 5817 90 2
9 16 15 29 4735 86 32
32 18 22 28 5000 54 1
33 13 23 10 3514 33 75
27 37 25 15 5696 98 13
8 21 27 24 4219 3 64
32 25 15 7 3267 15 89
32 23 22 16 5162 41 14
36 43 34 11 5289 43 13
13 44 35 22 5494 79 39
24 19 19 19 4266 37 72
52 24 15 33 3821 2 85
23 33 13 20 5638 69 28
22 26 12 18 5312 94 30
24 28 10 27 4774 78 3
27 18 26 22 5644 82 24
27 34 38 22 4247 23 52
40 27 16 27 5457 75 40
28 32 28 23 5243 89 31
19 29 21 20 4802 85 22
22 45 28 24 3944 34 95
35 17 4 15 3910 12 43
22 36 13 17 3307 2 96
44 44 8 29 4970 87 26
41 36 6 7 3035 34 85
38 35 13 11 4419 16 77
15 39 28 22 4229 36 71
26 38 27 24 5549 74 7
22 38 9 5 5336 93 5
29 28 27 27 5867 72 29
18 33 10 29 4728 69 34
12 24 32 27 3571 38 49
30 31 8 5 4484 42 34
35 27 31 10 4241 10 78
21 26 27 3 5123 64 25
20 24 10 34 3808 36 57
11 29 10 24 3646 28 70
23 36 2 18 4910 69 2
24 37 31 17 4956 90 23
39 41 22 16 5573 95 2
26 23 17 21 4300 2 80
17 33 11 10 4975 76 30
45 36 30 23 3841 30 58
33 37 39 23 3855 11 62
39 41 21 19 3206 36 48
27 44 18 22 3059 24 76
31 38 6 23 2978 33 60
18 38 25 16 5089 88 26
17 29 27 10 3548 17 83
33 33 24 10 4756 73 12
42 48 14 8 4525 66 14
22 42 39 4 3967 1 83
33 44 21 22 3076 11 98
32 43 22 19 5557 48 38
4 44 18 26 5256 59 2
18 30 14 17 3019 7 52
44 32 30 4 3629 3 88
17 54 21 24 3548 27 73
17 38 25 12 3189 32 84
7 16 26 14 4048 5 74
28 38 33 25 3885 6 70
14 36 8 17 5632 84 9
22 40 17 24 3962 9 93
22 18 16 6 3944 14 92
15 29 30 28 4540 89 40
24 35 20 36 3369 10 51
14 26 16 14 2976 15 82
15 28 28 19 5413 45 37
17 36 29 21 3196 24 79
21 40 15 16 4352 32 42
19 31 14 31 5123 54 33
33 44 43 1 4859 94 9
41 43 21 11 4223 38 73
23 48 23 2 5687 59 31
35 23 25 1 4981 67 32
13 51 14 27 3965 14 86
13 21 21 38 5263 41 13
26 37 13 16 3207 13 74
39 28 34 15 3108 6 44
36 27 17 16 3583 16 41
25 53 32 33 5810 77 32
51 25 26 5 4084 36 72
20 27 16 22 4199 25 97
37 9 13 23 4361 36 88
34 34 13 33 3841 6 91
33 26 13 17 3549 34 81
5 31 32 7 4027 36 89
31 27 26 29 3293 3 67
40 24 10 21 5151 77 32
21 26 27 31 5654 57 24
27 16 28 12 4568 52 20
29 21 13 23 5296 72 1
9 48 11 29 4590 85 8
18 50 33 21 3104 4 53
33 39 23 39 3877 22 42
16 11 25 15 4413 93 37
34 35 20 23 3431 40 95
35 35 25 21 3275 14 56
35 39 32 12 5352 51 2
26 23 11 16 3439 3 45
18 32 28 27 3956 9 91
6 35 10 25 4922 89 36
23 38 22 15 3580 30 43
17 33 12 19 5024 53 11
22 36 28 18 5462 84 29
28 36 12 21 5408 69 17
13 34 22 18 3498 6 44
18 17 17 25 4497 66 5
40 18 14 20 4714 42 35
21 42 14 44 5197 91 12
12 42 3 13 4716 94 6
17 39 21 17 3337 4 71
41 45 9 1 5738 74 16
23 23 37 32 3801 25 68
27 17 34 17 3687 23 81
22 31 26 16 5041 63 29
30 30 23 21 4641 94 20
16 32 23 25 4451 69 19
8 35 36 24 3898 23 44
25 44 11 21 4277 21 48
26 46 37 13 3284 40 57
41 34 11 4 5632 76 7
26 29 41 28 3743 18 76
21 12 35 19 3142 8 89
32 25 23 21 5305 54 30
18 25 34 3 5003 49 39
26 41 1 16 4737 56 1
34 41 9 20 3522 39 41
39 23 19 17 5100 81 23
23 19 22 36 3188 9 51
20 29 14 19 5131 67 9
31 31 7 16 4046 37 84
27 16 34 13 3212 6 41
41 35 23 21 5699 84 37
29 32 19 24 5555 71 29
25 43 34 19 4756 80 1
31 17 18 13 3201 20 80
23 21 44 25 5715 77 29
20 36 24 18 5828 65 14
39 26 28 29 5866 74 34
28 26 38 28 3359 5 98
30 22 10 17 3696 32 69
44 45 21 19 5507 53 10
23 7 24 25 4324 38 44