150
5 8 22 7 68 4 6
20 20 23 5 108 7 3
4 8 33 13 124 4 6
19 24 16 4 141 7 3
16 21 28 4 169 7 3
21 19 34 6 164 7 3
19 23 23 3 206 7 3
48 10 16 2 232 1 9
10 40 21 3 238 2 8
20 21 18 3 259 7 3
4 13 30 9 274 4 6
21 14 19 5 313 7 3
8 42 8 3 328 2 8
57 11 15 2 339 1 9
16 25 16 3 379 7 3
9 23 14 3 388 2 8
19 26 17 6 400 7 3
7 35 26 3 427 2 8
4 10 29 10 463 4 6
25 22 14 7 462 7 3
15 17 15 6 496 7 3
8 37 15 3 505 2 8
18 23 21 4 525 7 3
10 34 14 3 555 2 8
21 21 11 6 584 7 3
12 36 12 3 595 2 8
23 21 26 5 616 7 3
45 9 18 2 620 1 9
5 8 35 8 660 4 6
3 8 28 11 681 4 6
11 42 17 3 692 2 8
4 13 31 10 710 4 6
4 8 31 10 741 4 6
60 8 14 2 771 1 9
9 20 17 5 759 7 3
32 10 12 2 806 1 9
24 17 23 4 820 7 3
16 17 18 6 846 7 3
42 11 16 2 876 1 9
4 10 31 13 886 4 6
4 8 33 10 903 4 6
25 24 29 4 929 7 3
14 39 18 3 964 2 8
16 13 21 5 981 7 3
52 12 11 2 987 1 9
18 19 21 5 1008 7 3
7 35 16 3 1048 2 8
42 10 12 2 1058 1 9
23 16 14 3 1082 7 3
30 10 11 2 1089 1 9
5 10 26 11 1120 4 6
25 24 18 3 1137 7 3
41 11 12 2 1180 1 9
10 27 6 3 1187 2 8
3 9 32 9 1219 4 6
25 21 13 6 1218 7 3
6 12 33 10 1240 4 6
5 12 33 6 1285 4 6
24 23 8 4 1301 7 3
21 19 24 4 1310 7 3
53 10 15 2 1345 1 9
27 24 19 4 1353 7 3
21 16 18 6 1378 7 3
3 7 15 8 1389 4 6
11 35 11 3 1414 2 8
20 16 24 5 1426 7 3
28 8 17 2 1454 1 9
4 8 33 10 1474 4 6
21 21 22 3 1512 7 3
53 12 18 2 1499 1 9
58 9 14 2 1545 1 9
38 9 10 2 1565 1 9
22 13 18 3 1572 7 3
9 49 14 3 1603 2 8
49 13 12 2 1639 1 9
44 13 13 2 1630 1 9
10 37 9 3 1649 2 8
24 24 21 4 1663 7 3
23 20 18 5 1709 7 3
3 9 18 10 1718 4 6
41 7 13 2 1738 1 9
9 29 15 3 1768 2 8
15 21 12 7 1801 7 3
4 8 32 7 1829 4 6
5 11 31 11 1828 4 6
52 12 19 2 1864 1 9
5 8 35 6 1875 4 6
16 17 15 2 1882 7 3
4 9 37 8 1920 4 6
33 8 23 2 1945 1 9
20 21 20 4 1971 7 3
36 9 14 2 1974 1 9
19 16 15 4 1986 7 3
41 7 13 2 2028 1 9
14 14 22 5 2047 7 3
24 8 15 2 2053 1 9
47 9 12 2 2083 1 9
4 9 19 12 2114 4 6
41 7 20 2 2133 1 9
29 14 16 5 2148 7 3
24 11 13 2 2175 1 9
4 12 30 10 2174 4 6
20 20 17 3 2217 7 3
23 18 19 3 2232 7 3
4 7 36 10 2254 4 6
5 10 35 9 2306 4 6
25 14 21 5 2303 7 3
6 30 18 3 2316 2 8
4 10 26 9 2358 4 6
5 10 37 8 2345 4 6
54 7 15 2 2384 1 9
19 16 14 4 2406 7 3
11 45 17 3 2410 2 8
23 21 24 4 2449 7 3
50 13 16 2 2464 1 9
43 8 15 2 2494 1 9
9 50 13 3 2505 2 8
22 18 22 3 2527 7 3
5 9 28 14 2560 4 6
28 7 17 2 2585 1 9
19 21 16 5 2590 7 3
19 12 22 5 2599 7 3
28 9 20 2 2637 1 9
10 37 16 3 2651 2 8
13 17 19 5 2675 7 3
26 16 19 6 2683 7 3
5 15 32 12 2731 4 6
4 7 27 9 2746 4 6
34 10 21 2 2772 1 9
5 9 25 8 2762 4 6
32 8 17 2 2787 1 9
3 9 38 10 2832 4 6
47 10 14 2 2838 1 9
20 23 15 4 2848 7 3
10 17 16 4 2873 7 3
12 27 23 3 2905 7 3
52 10 17 2 2934 1 9
21 21 16 5 2946 7 3
50 9 18 2 2951 1 9
53 10 18 2 2988 1 9
44 7 16 2 3009 1 9
10 44 13 3 3021 2 8
4 13 28 12 3043 4 6
18 20 25 3 3065 7 3
24 25 22 4 3105 7 3
40 13 11 2 3122 1 9
6 9 35 12 3147 4 6
19 17 17 3 3157 7 3
15 16 17 4 3166 7 3
43 10 11 2 3208 1 9
