200
38 14 16 2 66 1 9
10 37 17 3 110 2 8
18 20 19 6 92 7 3
11 42 13 3 137 2 8
61 10 15 2 149 1 9
3 10 33 9 173 4 6
36 6 16 2 187 1 9
24 21 16 5 195 7 3
9 41 13 3 236 2 8
9 37 12 3 264 2 8
3 10 35 8 293 4 6
13 53 19 3 296 2 8
65 11 14 2 330 1 9
20 22 19 4 343 7 3
5 12 37 9 352 4 6
27 15 18 2 387 1 9
4 10 20 11 406 4 6
9 44 12 3 420 2 8
44 12 16 2 443 1 9
2 8 24 11 485 4 6
56 13 18 2 497 1 9
13 12 24 5 502 7 3
9 23 13 3 532 2 8
8 38 12 3 535 2 8
13 49 16 3 562 2 8
4 11 29 9 569 4 6
19 18 20 5 621 7 3
46 10 18 2 616 1 9
30 9 13 2 642 1 9
18 20 21 5 667 7 3
21 29 20 4 698 7 3
51 8 14 2 699 1 9
6 11 30 11 744 4 6
52 8 14 2 746 1 9
5 9 29 10 778 4 6
10 47 13 3 805 2 8
4 8 29 11 839 4 6
8 38 12 3 856 2 8
50 6 16 2 867 1 9
4 11 22 11 885 4 6
12 36 20 3 905 2 8
14 49 13 3 938 2 8
6 26 17 3 959 2 8
39 13 13 2 979 1 9
13 35 12 3 979 2 8
4 11 27 9 1009 4 6
47 10 6 2 1030 1 9
21 18 20 6 1035 7 3
3 9 31 11 1078 4 6
7 9 35 13 1094 4 6
20 16 26 6 1139 7 3
58 14 16 2 1147 1 9
21 19 21 5 1165 7 3
4 10 21 8 1193 4 6
5 12 31 9 1198 4 6
12 17 13 5 1227 7 3
47 9 14 2 1226 1 9
40 11 11 2 1262 1 9
4 10 16 8 1280 4 6
4 9 32 10 1309 4 6
13 46 18 3 1328 2 8
36 9 17 2 1337 1 9
20 27 23 4 1377 7 3
51 8 15 2 1376 1 9
22 15 21 6 1424 7 3
10 40 13 3 1441 2 8
10 28 11 3 1465 2 8
10 33 16 3 1469 2 8
6 8 30 10 1498 4 6
12 33 22 3 1521 2 8
5 8 28 8 1558 4 6
11 46 14 3 1551 2 8
7 31 19 3 1569 2 8
9 44 18 3 1595 2 8
37 10 15 2 1631 1 9
9 29 15 3 1654 2 8
18 21 17 5 1663 7 3
6 41 15 3 1692 2 8
11 36 13 3 1717 2 8
22 7 11 2 1727 1 9
6 8 28 10 1755 4 6
56 6 16 2 1762 1 9
5 7 31 8 1810 4 6
9 32 13 3 1813 2 8
24 11 11 2 1835 1 9
9 47 12 3 1860 2 8
50 11 16 2 1875 1 9
10 28 16 3 1896 2 8
43 11 21 2 1918 1 9
15 26 17 6 1960 7 3
5 10 34 7 1952 4 6
27 15 12 4 1987 7 3
11 41 13 3 1996 2 8
52 10 15 2 2014 1 9
29 12 12 2 2044 1 9
41 12 14 2 2059 1 9
4 9 31 7 2065 4 6
6 6 28 10 2101 4 6
25 16 17 3 2118 7 3
4 7 22 9 2138 4 6
70 7 15 2 2169 1 9
18 18 16 4 2159 7 3
42 12 19 2 2200 1 9
35 11 10 2 2240 1 9
7 36 9 3 2246 2 8
4 9 18 12 2267 4 6
32 9 15 2 2277 1 9
22 11 17 2 2325 1 9
10 44 12 3 2320 2 8
9 39 17 3 2366 2 8
38 10 11 2 2383 1 9
22 15 20 5 2394 7 3
55 9 15 2 2420 1 9
36 8 16 2 2450 1 9
19 26 19 5 2459 7 3
7 37 21 3 2474 2 8
22 15 23 3 2512 7 3
25 28 13 5 2522 7 3
18 25 18 6 2542 7 3
7 39 10 3 2587 2 8
5 8 29 7 2588 4 6
20 27 16 4 2619 7 3
36 8 15 2 2619 1 9
36 12 13 2 2651 1 9
12 49 14 3 2676 2 8
15 20 7 4 2688 7 3
58 11 12 2 2733 1 9
23 18 23 4 2747 7 3
9 10 17 3 2758 2 8
26 19 19 4 2792 7 3
4 13 15 12 2805 4 6
17 16 18 5 2833 7 3
44 10 17 2 2849 1 9
3 10 36 11 2867 4 6
4 7 37 10 2889 4 6
9 46 20 3 2903 2 8
32 8 15 2 2928 1 9
18 16 23 3 2949 7 3
37 7 11 2 2966 1 9
4 8 33 8 2997 4 6
35 8 16 2 2994 1 9
4 11 25 8 3047 4 6
59 10 12 2 3062 1 9
11 33 14 3 3086 2 8
8 41 14 3 3113 2 8
29 21 21 4 3115 7 3
17 21 27 3 3141 7 3
44 9 15 2 3151 1 9
22 22 13 4 3183 7 3
33 11 15 2 3198 1 9
41 12 14 2 3233 1 9
19 19 19 3 3223 7 3
6 9 32 15 3270 4 6
22 20 22 6 3263 7 3
4 8 31 5 3311 4 6
42 13 20 2 3323 1 9
11 32 19 3 3364 2 8
32 14 17 2 3375 1 9
19 15 14 5 3406 7 3
20 16 16 4 3411 7 3
11 48 18 3 3437 2 8
14 16 16 3 3449 7 3
21 17 22 6 3482 7 3
8 38 8 3 3489 2 8
9 45 18 3 3506 2 8
5 9 34 9 3529 4 6
54 9 14 2 3552 1 9
5 8 36 10 3579 4 6
4 14 27 8 3603 4 6
5 12 33 8 3619 4 6
16 27 27 7 3650 7 3
51 11 14 2 3672 1 9
54 8 13 2 3682 1 9
4 45 17 3 3694 2 8
6 10 25 9 3723 4 6
12 22 16 3 3746 2 8
5 9 26 9 3769 4 6
5 10 30 11 3795 4 6
3 13 22 11 3826 4 6
39 5 17 2 3831 1 9
3 8 28 7 3847 4 6
36 13 12 2 3866 1 9
10 50 14 3 3905 2 8
10 32 23 3 3900 2 8
9 29 15 3 3945 2 8
3 11 31 9 3943 4 6
4 9 30 12 3977 4 6
15 24 17 4 3986 7 3
47 8 17 2 4001 1 9
6 45 16 3 4044 2 8
52 7 17 2 4058 1 9
12 46 15 3 4096 2 8
47 9 16 2 4093 1 9
50 10 15 2 4119 1 9
10 24 19 6 4137 7 3
11 35 20 3 4165 2 8
5 12 44 11 4184 4 6
22 18 21 4 4201 7 3
17 15 21 5 4233 7 3
18 12 15 5 4246 7 3
