300
368 499 590 440 94499 13 20
364 560 539 507 125999 12 13
341 531 451 431 62999 8 10
360 400 564 313 31499 2 3
474 532 396 316 62999 8 13
507 352 552 329 62999 3 9
474 335 513 337 31499 1 5
338 441 591 342 62999 3 14
359 522 499 541 125999 9 29
518 419 300 555 62999 8 16
352 572 496 557 125999 8 22
319 393 347 330 31499 2 8
572 354 561 432 125999 6 17
498 469 544 497 125999 14 32
388 401 307 456 31499 4 6
520 479 575 311 94499 3 23
527 557 492 378 125999 13 15
344 565 364 525 62999 2 12
461 372 401 433 31499 4 6
567 360 589 379 94499 14 17
357 370 568 419 62999 8 6
472 568 390 528 125999 4 24
473 402 451 492 94499 3 25
428 573 599 498 125999 12 31
302 547 540 447 94499 7 16
483 428 532 434 94499 3 25
486 304 441 562 62999 9 12
469 312 490 351 31499 2 6
468 357 374 367 31499 4 3
546 351 436 594 125999 12 24
473 575 488 406 125999 13 25
351 494 527 337 62999 7 11
484 594 364 333 62999 5 14
582 443 305 451 62999 8 9
595 422 597 510 125999 16 29
501 410 344 326 31499 3 8
438 485 486 332 62999 4 16
376 358 554 335 31499 2 4
425 582 417 347 62999 9 7
454 547 383 474 94499 12 22
475 435 425 429 62999 6 12
319 505 522 448 62999 2 8
426 410 349 546 62999 3 7
519 370 335 594 94499 14 15
479 412 512 518 125999 19 12
423 466 526 468 94499 3 9
427 491 540 438 94499 11 19
461 599 553 371 125999 8 27
378 364 336 373 31499 4 3
545 468 433 408 94499 12 13
537 561 394 357 94499 14 12
412 399 456 468 62999 4 14
553 334 464 512 94499 13 19
331 528 473 455 62999 8 8
547 560 461 349 125999 12 16
427 311 383 467 31499 2 6
367 568 521 559 125999 10 33
375 546 552 341 94499 7 22
476 315 468 515 62999 8 9
435 532 540 478 125999 9 31
337 357 517 321 31499 1 7
525 368 575 487 125999 14 17
567 433 467 439 94499 9 20
516 444 335 457 62999 6 8
385 501 356 310 31499 4 8
385 450 370 574 62999 2 10
420 331 397 334 31499 3 4
583 319 339 459 62999 4 8
335 319 302 567 31499 4 3
375 524 571 334 94499 11 20
325 444 540 378 62999 9 10
519 556 349 326 62999 3 7
462 408 342 429 31499 2 7
452 463 389 534 94499 3 17
551 459 336 521 94499 11 19
482 461 396 396 62999 4 10
402 521 532 532 125999 10 14
336 339 344 461 31499 1 4
520 568 324 486 94499 13 23
465 326 379 382 31499 2 3
537 425 357 448 62999 8 16
465 425 589 330 94499 11 22
427 567 434 478 125999 17 33
496 531 428 593 125999 12 35
515 433 519 465 125999 18 26
469 461 562 519 125999 7 21
343 429 510 335 31499 1 6
538 538 455 447 125999 13 15
376 369 348 532 31499 4 5
480 396 342 536 62999 7 14
509 446 421 484 94499 3 17
347 590 566 564 125999 14 35
505 482 365 445 62999 8 16
302 426 365 499 31499 4 6
352 356 501 578 62999 7 15
467 314 422 393 31499 2 6
589 594 561 367 125999 16 17
355 403 392 322 31499 1 8
509 376 493 524 94499 5 25
453 311 497 375 31499 2 6
341 427 334 438 31499 4 8
446 481 463 478 94499 8 19
481 464 469 319 62999 5 16
395 459 344 308 31499 2 7
444 392 552 437 94499 8 9
381 509 545 595 125999 15 21
436 398 442 433 62999 8 14
392 500 594 338 94499 6 15
431 449 354 408 31499 1 6
582 544 305 422 94499 13 12
332 308 541 351 31499 2 5
475 306 551 382 62999 4 15
418 548 443 585 125999 17 30
594 544 371 515 125999 14 21
526 584 338 587 125999 13 25
386 470 551 338 62999 6 6
552 444 483 498 125999 11 16
461 317 404 436 31499 2 5
552 498 455 502 125999 9 30
350 444 385 303 31499 4 7
599 411 439 431 94499 8 20
464 371 512 496 94499 14 24
574 588 591 416 125999 9 35
452 587 512 387 125999 5 31
342 381 525 344 31499 4 7
333 472 569 525 94499 14 22
549 370 510 434 94499 4 10
530 363 351 302 31499 4 3
469 343 527 447 62999 4 13
529 574 467 365 125999 15 15
515 570 540 320 125999 8 30
482 562 504 538 125999 5 22
401 496 515 435 94499 7 9
304 502 301 309 31499 4 7
379 421 588 506 94499 4 21
524 315 429 349 31499 2 6
460 417 560 556 125999 4 18
503 537 311 360 62999 4 10
537 416 327 437 62999 4 7
529 459 424 386 62999 4 7
396 474 441 315 31499 3 3
452 432 478 338 62999 3 8
566 403 523 378 94499 4 19
399 561 458 589 125999 4 22
412 455 519 342 62999 6 15
490 579 356 306 62999 3 15
513 476 576 370 125999 17 34
308 337 578 516 62999 4 14
395 581 390 343 62999 9 11
443 531 563 480 125999 7 13
571 477 387 591 125999 8 16
441 522 484 410 94499 3 11
396 433 592 314 62999 3 13
443 551 519 516 125999 10 16
472 496 333 314 31499 2 4
379 422 521 552 94499 14 21
560 363 577 514 125999 18 27
302 514 449 345 31499 3 6
489 589 419 300 62999 6 11
411 580 469 313 62999 9 16
440 572 373 478 94499 13 12
492 432 437 464 94499 13 21
402 358 530 317 31499 2 4
481 530 490 363 94499 4 13
334 407 357 388 31499 3 6
519 412 508 360 62999 3 15
451 552 547 389 125999 13 21
423 454 529 347 62999 4 15
428 494 398 433 62999 9 9
437 390 515 315 31499 4 4
540 448 573 313 94499 3 25
506 327 353 421 31499 3 6
595 526 324 389 94499 6 17
458 543 306 560 94499 6 25
443 599 498 561 125999 14 22
403 502 382 581 94499 6 13
329 454 393 511 62999 8 10
520 432 476 424 94499 14 9
509 531 400 432 94499 9 23
453 549 432 549 125999 6 12
390 417 463 562 94499 7 14
332 596 306 460 62999 7 14
530 558 434 541 125999 15 22
551 529 346 375 94499 10 11
545 514 355 471 94499 11 13
513 514 436 493 125999 10 19
465 391 351 588 62999 5 17
452 595 539 490 125999 16 14
351 350 556 355 31499 2 5
368 307 452 531 31499 2 8
342 370 447 365 31499 3 6
425 585 434 403 94499 14 10
587 442 407 381 94499 14 14
551 548 596 481 125999 4 15
349 374 444 361 31499 1 4
474 316 440 493 62999 7 7
333 350 326 486 31499 1 7
342 494 416 375 31499 1 8
431 336 374 408 31499 3 4
313 508 470 356 31499 1 3
434 556 483 369 94499 13 14
566 542 310 301 62999 3 10
352 437 579 382 62999 5 12
385 435 510 488 94499 8 25
521 337 491 582 125999 4 26
529 574 472 596 125999 4 20
451 380 527 497 94499 12 18
586 387 307 578 94499 12 16
485 352 349 580 62999 5 11
371 544 517 357 62999 7 17
315 560 314 557 62999 3 8
422 427 370 399 31499 3 8
479 459 371 344 31499 1 3
451 514 485 528 125999 15 18
341 500 469 461 62999 3 15
484 415 365 491 62999 8 13
412 356 428 541 62999 6 8
369 375 525 387 31499 3 4
442 415 445 322 31499 4 5
368 380 586 548 94499 14 17
574 300 360 340 31499 4 4
598 360 480 523 125999 11 31
452 480 429 588 125999 6 16
394 458 382 422 31499 2 8
498 375 476 470 94499 6 9
547 540 541 354 125999 15 13
541 317 589 466 125999 5 15
496 387 306 334 31499 2 6
411 523 327 588 94499 9 24
582 412 575 581 125999 16 30
334 598 471 453 94499 11 26
452 590 343 399 62999 8 6
494 412 358 308 31499 4 5
572 424 547 356 94499 3 16
322 399 500 304 31499 1 3
309 311 516 514 31499 3 3
505 459 541 428 125999 6 24
409 591 497 315 94499 12 20
382 568 488 411 94499 8 22
599 460 304 555 125999 5 16
353 592 539 322 94499 3 12
465 374 466 427 62999 3 17
530 581 386 486 125999 17 23
589 548 485 363 125999 8 26
486 338 339 445 31499 4 7
372 378 381 368 31499 1 8
431 344 445 542 62999 6 7
583 489 536 416 125999 6 23
551 579 542 481 125999 5 18
483 507 439 349 62999 5 11
340 346 317 447 31499 4 3
518 561 433 514 125999 5 34
322 327 409 391 31499 4 4
557 549 579 317 125999 7 24
545 501 547 567 125999 6 32
418 450 536 564 125999 13 15
424 484 334 376 31499 1 3
397 520 364 361 31499 3 4
336 444 550 524 94499 4 26
362 505 588 391 94499 4 24
566 398 528 328 94499 4 22
355 545 316 432 31499 3 6
519 518 563 394 125999 10 28
395 592 425 492 94499 5 15
386 498 551 353 62999 2 16
418 352 556 328 31499 3 4
327 560 369 526 62999 6 14
423 392 594 433 94499 12 24
549 522 497 350 125999 9 20
328 409 366 407 31499 1 7
476 493 315 529 94499 8 13
468 497 363 434 62999 6 10
422 379 538 529 94499 11 14
486 531 434 397 94499 5 24
417 560 429 393 62999 7 10
333 312 559 483 62999 7 17
452 498 342 357 31499 2 8
587 567 596 491 125999 12 32
407 507 550 553 125999 14 30
379 515 369 590 94499 11 14
500 331 499 304 31499 2 4
537 572 544 384 125999 14 35
395 335 500 479 62999 5 14
367 563 576 494 125999 8 30
551 384 569 392 94499 14 23
306 390 419 450 31499 2 4
370 324 427 574 62999 8 9
359 541 408 552 94499 14 18
434 338 408 484 31499 4 7
518 442 340 383 31499 4 7
524 405 396 576 94499 5 16
509 498 323 567 94499 4 10
464 567 451 326 94499 11 9
378 497 535 386 62999 4 13
389 366 446 422 31499 4 4
406 593 373 382 62999 8 12
356 540 390 511 62999 9 17
304 452 436 318 31499 4 8
301 480 552 584 125999 11 34
397 385 594 371 62999 6 14
