300
32 9 20 2 67 1 9
62 6 11 2 76 1 9
48 10 18 2 117 1 9
51 11 12 2 136 1 9
5 14 37 10 167 4 6
3 9 35 13 207 4 6
24 21 21 6 225 7 3
60 10 15 2 249 1 9
38 11 12 2 268 1 9
15 15 19 5 299 7 3
19 22 23 5 327 7 3
20 19 25 5 335 7 3
52 12 16 2 373 1 9
18 25 20 6 397 7 3
4 8 25 9 418 4 6
16 18 24 5 441 7 3
26 24 17 3 471 7 3
10 37 8 3 495 2 8
9 36 15 3 531 2 8
5 8 27 10 545 4 6
46 10 8 2 580 1 9
4 9 29 8 607 4 6
5 32 14 3 596 2 8
44 12 11 2 645 1 9
39 12 16 2 662 1 9
11 41 15 3 704 2 8
18 18 14 5 724 7 3
9 50 13 3 749 2 8
7 50 14 3 780 2 8
11 16 17 4 804 7 3
5 11 35 8 821 4 6
4 10 27 7 831 4 6
7 22 12 3 858 2 8
4 10 30 6 895 4 6
5 7 41 10 926 4 6
2 11 33 12 956 4 6
35 10 11 2 957 1 9
5 10 31 6 985 4 6
52 10 14 2 1021 1 9
4 9 32 13 1029 4 6
47 8 15 2 1061 1 9
8 35 14 3 1091 2 8
11 27 13 3 1141 2 8
11 33 13 3 1143 2 8
58 10 14 2 1171 1 9
32 11 18 2 1200 1 9
11 41 14 3 1202 2 8
4 13 30 10 1245 4 6
10 39 17 3 1275 2 8
5 10 38 10 1315 4 6
29 10 12 2 1308 1 9
13 20 17 3 1334 7 3
42 10 16 2 1354 1 9
21 18 23 4 1403 7 3
36 9 17 2 1426 1 9
44 9 15 2 1434 1 9
12 37 16 3 1460 2 8
14 19 12 5 1489 7 3
10 35 15 3 1520 2 8
6 10 31 10 1543 4 6
39 7 12 2 1576 1 9
8 56 16 3 1593 2 8
68 9 17 2 1619 1 9
3 9 18 8 1636 4 6
11 52 14 3 1687 2 8
10 32 13 3 1694 2 8
41 11 16 2 1715 1 9
4 9 25 6 1744 4 6
5 11 30 13 1751 4 6
12 39 15 3 1765 2 8
45 5 18 2 1807 1 9
11 36 12 3 1843 2 8
47 13 17 2 1870 1 9
10 42 16 3 1904 2 8
5 12 24 9 1913 4 6
5 8 26 9 1963 4 6
29 20 26 4 1959 7 3
37 11 14 2 2003 1 9
54 11 12 2 2019 1 9
18 18 28 3 2067 7 3
4 10 33 10 2082 4 6
21 16 14 3 2095 7 3
20 19 19 3 2100 7 3
10 44 12 3 2135 2 8
48 13 13 2 2179 1 9
2 7 23 9 2212 4 6
8 45 15 3 2233 2 8
6 11 37 13 2234 4 6
25 10 14 4 2290 7 3
11 37 13 3 2287 2 8
11 16 17 3 2317 7 3
3 9 31 10 2347 4 6
17 15 20 6 2374 7 3
40 11 12 2 2395 1 9
19 19 29 7 2407 7 3
55 11 13 2 2440 1 9
10 46 17 3 2462 2 8
26 10 11 2 2498 1 9
8 27 11 3 2541 2 8
22 12 13 5 2545 7 3
22 15 16 4 2572 7 3
47 11 15 2 2595 1 9
30 12 20 2 2621 1 9
4 8 24 7 2650 4 6
5 10 21 9 2670 4 6
5 11 29 8 2703 4 6
11 50 17 3 2734 2 8
40 10 15 2 2737 1 9
4 8 35 9 2787 4 6
12 33 9 3 2789 2 8
44 11 10 2 2815 1 9
50 10 12 2 2855 1 9
37 10 15 2 2859 1 9
5 7 38 12 2906 4 6
5 8 28 8 2927 4 6
4 7 25 10 2948 4 6
28 11 19 2 2960 1 9
18 16 23 5 3007 7 3
5 9 27 6 2999 4 6
43 8 15 2 3074 1 9
18 19 23 5 3052 7 3
17 24 19 5 3087 7 3
24 20 20 4 3104 7 3
4 10 27 9 3123 4 6
2 10 21 11 3186 4 6
49 11 14 2 3217 1 9
31 9 16 2 3213 1 9
24 19 16 5 3246 7 3
41 9 16 2 3264 1 9
5 12 37 8 3297 4 6
12 21 17 3 3302 7 3
4 7 26 10 3329 4 6
37 11 17 2 3377 1 9
23 22 19 3 3398 7 3
8 40 14 3 3430 2 8
2 9 25 8 3465 4 6
5 10 20 9 3475 4 6
27 16 8 4 3486 7 3
51 11 16 2 3523 1 9
8 22 19 3 3559 2 8
18 16 22 5 3567 7 3
4 11 30 7 3608 4 6
4 9 32 9 3614 4 6
19 18 16 3 3634 7 3
22 19 27 3 3669 7 3
12 38 16 3 3691 2 8
50 10 12 2 3718 1 9
20 15 23 5 3755 7 3
64 12 9 2 3773 1 9
21 13 18 4 3788 7 3
17 18 19 4 3809 7 3
24 12 21 2 3852 1 9
10 36 12 3 3888 2 8
54 12 12 2 3908 1 9
18 25 19 5 3939 7 3
4 9 38 6 3950 4 6
59 11 17 2 3955 1 9
15 14 20 3 3980 7 3
3 13 24 8 4034 4 6
13 21 17 4 4024 7 3
11 39 13 3 4068 2 8
4 8 23 11 4107 4 6
47 8 15 2 4150 1 9
50 10 11 2 4151 1 9
4 6 26 8 4168 4 6
27 6 12 4 4188 7 3
42 12 15 2 4194 1 9
8 32 12 3 4251 2 8
5 12 31 11 4266 4 6
34 11 16 2 4287 1 9
10 32 16 3 4307 2 8
17 18 23 4 4350 7 3
10 40 7 3 4372 2 8
13 19 23 4 4413 7 3
9 48 18 3 4428 2 8
11 49 20 3 4444 2 8
7 9 26 9 4496 4 6
17 15 23 6 4490 7 3
41 8 13 2 4523 1 9
4 12 25 11 4550 4 6
23 18 16 6 4570 7 3
42 9 14 2 4571 1 9
3 13 36 9 4613 4 6
33 8 16 2 4637 1 9
40 9 13 2 4664 1 9
33 11 17 2 4718 1 9
43 13 13 2 4700 1 9
21 16 17 4 4738 7 3
20 18 27 5 4777 7 3
18 20 21 4 4794 7 3
33 8 16 2 4812 1 9
33 10 13 2 4845 1 9
4 11 34 10 4878 4 6
41 8 20 2 4912 1 9
52 9 15 2 4906 1 9
6 7 35 8 4953 4 6
6 45 19 3 4973 2 8
33 8 13 2 4990 1 9
14 34 10 3 5011 2 8
23 21 19 4 5048 7 3
5 7 27 11 5069 4 6
6 10 33 11 5079 4 6
12 37 15 3 5143 2 8
2 12 34 10 5131 4 6
24 21 21 5 5159 7 3
22 26 25 5 5185 7 3
5 8 32 11 5241 4 6
21 17 20 5 5244 7 3
40 10 17 2 5274 1 9
27 8 16 2 5291 1 9
5 14 29 10 5310 4 6
41 10 13 2 5327 1 9
4 8 31 11 5387 4 6
63 9 12 2 5381 1 9
4 8 26 4 5439 4 6
38 9 20 2 5443 1 9
20 19 18 4 5470 7 3
46 9 18 2 5486 1 9
47 7 16 2 5526 1 9
11 42 10 3 5543 2 8
51 7 9 2 5585 1 9
36 9 16 2 5611 1 9
5 13 35 11 5613 4 6
6 12 36 10 5650 4 6
45 8 13 2 5663 1 9
53 8 18 2 5683 1 9
34 10 15 2 5717 1 9
42 7 18 2 5760 1 9
15 26 22 6 5775 7 3
8 30 14 3 5783 2 8
10 57 15 3 5831 2 8
5 11 30 6 5846 4 6
28 26 19 5 5866 7 3
11 37 19 3 5914 2 8
4 7 30 9 5917 4 6
3 7 29 10 5956 4 6
18 20 18 4 5966 7 3
8 43 15 3 5995 2 8
5 9 33 9 6005 4 6
10 30 11 3 6044 2 8
45 11 18 2 6068 1 9
40 10 15 2 52 1 9
11 36 14 3 91 2 8
5 10 31 8 140 4 6
13 36 11 3 130 2 8
4 13 37 14 187 4 6
26 16 19 3 195 7 3
9 22 24 4 231 7 3
8 55 15 3 233 2 8
36 10 11 2 264 1 9
10 46 17 3 296 2 8
3 5 25 9 322 4 6
20 20 18 3 361 7 3
10 14 17 5 398 7 3
8 37 17 3 393 2 8
19 20 22 4 420 7 3
6 7 41 8 439 4 6
59 10 11 2 457 1 9
53 11 17 2 499 1 9
4 9 31 6 538 4 6
22 18 22 5 559 7 3
5 9 37 6 572 4 6
7 49 17 3 605 2 8
22 22 18 5 625 7 3
22 15 20 4 648 7 3
22 18 25 5 693 7 3
3 6 32 10 690 4 6
40 10 11 2 728 1 9
4 11 20 11 760 4 6
19 18 22 4 770 7 3
22 20 22 5 790 7 3
23 12 21 5 807 7 3
30 7 13 2 833 1 9
22 19 18 5 877 7 3
28 10 18 2 894 1 9
10 17 18 5 926 7 3
5 10 29 9 958 4 6
9 53 13 3 966 2 8
9 45 12 3 990 2 8
12 35 14 3 1007 2 8
8 21 11 3 1033 2 8
24 21 15 3 1052 7 3
5 10 19 14 1101 4 6
5 10 31 9 1136 4 6
24 20 19 3 1149 7 3
6 13 32 10 1165 4 6
18 20 14 4 1191 7 3
62 9 11 2 1208 1 9
42 10 9 2 1240 1 9
15 17 25 4 1252 7 3
14 22 20 4 1295 7 3
28 20 24 6 1318 7 3
17 24 15 5 1346 7 3
4 9 26 10 1349 4 6
19 20 20 4 1415 7 3
43 10 16 2 1421 1 9
19 29 25 6 1443 7 3
60 11 12 2 1475 1 9
22 21 19 5 1484 7 3
15 23 18 3 1520 7 3
