250
38 26 8 15 3204 67 14
17 21 9 8 2437 10 72
27 39 7 8 2807 29 80
49 39 8 31 3920 100 36
6 37 12 21 3898 49 31
22 38 28 20 2220 34 67
41 44 29 2 3163 9 45
33 32 26 5 3165 41 36
11 43 30 2 2835 19 52
45 12 10 26 4073 63 31
22 32 27 28 2759 10 80
29 16 14 33 3264 90 39
26 66 7 36 3044 6 83
29 26 27 25 3053 17 90
35 34 5 14 3634 49 18
36 35 12 18 2274 39 54
14 40 41 23 2971 32 57
29 21 36 7 2414 29 65
33 36 25 16 3052 40 70
10 20 35 12 3848 43 39
5 32 10 8 3460 59 3
10 32 15 18 3993 68 14
21 37 5 20 2258 13 45
38 50 20 23 3375 81 2
18 27 19 24 2707 40 80
18 27 38 6 2440 10 67
8 36 25 21 3114 21 74
9 38 27 30 3068 32 49
45 21 18 2 2148 8 85
14 13 31 14 3961 73 16
20 23 17 8 2338 32 90
19 38 22 22 3567 76 6
27 37 39 22 2681 19 84
31 20 32 6 2492 29 99
30 33 16 20 3725 41 1
30 33 12 11 2791 6 100
28 40 15 19 2448 36 51
28 29 3 12 3327 59 14
35 28 15 19 2943 31 77
37 41 15 18 3886 91 8
20 31 7 5 2462 35 59
26 34 19 39 3073 2 74
20 29 19 20 2416 25 56
31 31 19 12 2520 29 100
24 29 20 28 4054 57 27
32 38 27 13 4012 64 5
42 18 26 28 3616 70 5
18 44 36 17 3377 82 7
37 21 30 20 3002 38 60
32 35 26 6 2805 25 90
28 40 16 24 2440 15 76
25 35 21 1 3618 91 19
24 47 38 20 3573 59 14
30 46 24 20 3358 92 37
29 30 23 19 2362 10 73
26 32 19 39 2873 9 48
20 26 16 37 3589 71 34
27 25 7 7 2767 28 96
21 29 17 13 4037 65 31
31 24 3 17 3042 7 52
4 35 9 13 3390 92 19
26 18 20 27 3593 72 8
31 38 11 23 3434 85 31
43 33 32 7 3307 66 33
33 41 8 9 2333 21 49
22 23 23 25 4060 54 38
8 31 8 20 2655 8 56
17 36 35 19 2676 1 80
36 35 34 31 3963 94 35
27 31 10 33 2550 27 75
22 29 25 24 3591 73 3
21 36 12 26 3258 73 4
38 23 17 33 3312 67 15
25 29 14 26 2807 17 77
37 36 17 16 2938 20 84
34 27 27 11 3568 73 2
19 25 20 31 2405 37 42
21 27 28 22 2871 34 50
22 37 18 21 2188 24 96
28 15 25 37 2768 12 57
26 51 22 18 2448 8 99
29 33 41 3 4126 42 32
2 34 18 24 3633 81 7
17 29 16 21 2861 20 56
20 38 37 12 4113 93 7
29 56 24 5 2388 27 91
23 49 32 18 2623 6 91
17 22 10 5 2505 28 85
25 12 19 2 2792 23 89
15 23 31 36 3744 53 29
30 30 31 30 3532 60 5
26 30 12 15 2789 32 55
17 30 37 20 2308 4 73
22 26 22 20 2329 2 50
26 35 30 33 3423 100 28
37 42 2 30 3162 85 30
12 38 24 28 3933 87 22
25 12 37 13 3187 94 25
41 21 12 22 2836 23 80
38 37 34 1 4135 98 8
33 37 13 9 2164 9 46
23 35 20 25 3043 36 74
26 43 6 2 3054 25 70
8 37 10 34 2259 37 75
17 27 18 30 3342 94 20
33 31 21 6 3327 81 2
29 8 16 18 3128 95 29
30 43 20 30 2939 12 62
12 20 18 6 3452 79 24
4 18 11 16 2086 8 80
30 28 26 16 2360 1 50
24 64 16 8 2980 32 65
41 30 21 3 2528 25 58
20 39 20 16 3493 100 3
26 25 27 7 3620 50 26
7 22 10 18 3107 77 31
34 36 22 3 3294 97 33
35 34 22 30 2424 5 77
29 28 27 18 3019 36 60
24 13 24 14 2220 27 80
23 24 18 5 3221 57 11
42 40 16 8 3571 45 10
18 25 34 37 2322 21 96
26 39 18 8 3817 48 16
7 39 20 36 2759 25 100
39 24 22 19 3579 84 17
41 24 29 28 3630 94 11
22 36 38 26 2667 22 85
27 15 38 7 2978 11 96
20 28 15 3 3576 58 14
30 39 21 20 2867 2 88
26 36 38 14 3985 86 25
26 23 35 3 2547 33 48
28 22 14 26 3849 66 11
18 44 23 18 2918 27 72
22 42 11 9 2540 14 43
25 28 21 23 3379 94 4
51 42 20 19 3283 89 6
4 45 24 14 3442 73 37
22 35 16 23 2493 32 69
4 39 19 10 2874 13 68
33 35 30 27 3309 94 33
32 43 19 19 3637 43 29
19 26 20 6 2872 6 98
14 9 20 24 4097 52 27
32 23 19 12 3733 55 21
33 9 19 2 3691 71 8
13 38 12 7 3193 99 26
27 29 26 3 2249 27 99
19 26 31 23 3523 92 2
33 31 14 25 3130 37 92
30 47 12 7 3519 70 7
17 24 30 3 2169 29 44
25 31 45 12 3053 19 71
25 20 37 31 3528 59 20
19 44 6 5 2333 22 73
14 50 18 26 2278 23 75
28 37 19 32 3220 46 5
19 35 33 7 3922 82 35
24 20 27 6 4024 55 13
35 50 19 14 3151 34 53
20 40 37 26 3677 50 2
43 27 20 24 2702 2 98
33 29 12 15 2132 5 90
32 40 19 26 3837 82 33
13 27 18 17 2495 38 83
44 35 18 16 3227 76 32
25 33 16 16 3876 85 27
17 20 31 18 3916 75 7
19 40 36 7 3800 45 12
18 41 16 28 3172 67 1
36 34 6 22 3191 42 14
44 32 30 24 3030 26 83
24 30 20 11 3080 36 91
26 22 7 18 3298 53 29
36 48 21 20 2396 4 61
32 25 9 15 4056 68 38
27 35 22 16 3811 71 23
15 46 20 12 4106 64 34
31 29 29 18 3538 50 22
9 14 25 30 4031 56 32
18 37 27 10 3465 67 24
29 37 34 23 2840 20 46
30 47 26 14 3713 86 12
35 16 23 28 3851 65 19
30 27 33 14 2658 24 90
29 36 13 13 3573 58 34
27 35 36 10 3670 94 31
43 22 27 18 3096 38 98
25 35 16 8 2575 9 47
32 26 34 32 3533 97 16
18 42 13 34 2449 14 97
44 27 12 34 3166 44 31
18 12 5 3 2504 27 88
41 25 17 31 3634 60 3
30 17 14 36 4088 59 14
36 45 18 21 3299 69 15
31 35 32 25 2368 10 43
15 34 11 4 3013 8 85
41 47 26 26 3896 75 27
12 39 25 7 2962 38 47
35 40 24 38 2305 35 65
33 25 24 27 2545 12 63
43 28 20 13 3767 48 39
10 38 36 33 3354 43 23
27 26 28 15 2599 8 61
25 29 18 32 3733 100 29
16 22 15 14 3851 79 2
18 25 31 15 4126 48 8
13 10 54 6 3047 28 70
28 18 1 15 2343 15 73
27 45 18 20 2543 36 69
44 21 10 16 2824 4 65
41 23 12 31 3921 59 19
33 35 18 23 2966 24 85
34 38 26 22 4117 74 10
34 36 27 17 3500 90 15
38 46 21 28 2899 7 64
31 34 14 25 4020 89 10
41 28 31 6 3019 17 69
48 22 30 2 3203 87 35
8 35 28 18 2405 16 51
14 21 23 8 2215 15 44
19 24 26 29 4079 70 27
10 38 19 20 2306 31 97
21 22 9 19 3859 43 4
34 27 38 32 2768 19 72
27 63 33 6 3384 88 38
43 33 11 16 4093 77 14
18 27 24 28 3138 5 60
24 51 34 25 4079 86 32
23 32 18 25 3465 96 36
26 38 26 28 3438 76 5
34 22 32 16 3698 77 22
33 14 30 27 2721 22 45
31 22 16 17 2408 4 71
31 21 28 11 3214 66 27
15 24 6 12 3995 63 22
22 17 21 24 4089 60 25
34 16 11 29 2144 29 49
38 30 10 16 2792 39 69
41 28 22 9 3296 86 31
42 17 9 27 3978 73 1
28 30 23 21 3614 90 26
27 26 27 3 2585 37 79
22 20 12 15 2601 18 71
21 42 30 20 2593 7 50
27 24 28 10 2866 32 44
33 36 26 1 2686 10 59
22 24 36 20 2435 26 72