400
12 21 21 3 72 7 3
10 45 16 3 100 2 8
12 44 15 3 114 2 8
16 18 22 4 133 7 3
4 6 31 9 149 4 6
52 12 12 2 173 1 9
6 9 25 12 193 4 6
59 9 16 2 218 1 9
7 53 11 3 243 2 8
8 43 16 3 251 2 8
20 17 13 6 289 7 3
6 14 29 7 309 4 6
18 25 19 5 322 7 3
33 8 12 2 347 1 9
34 8 15 2 364 1 9
23 18 19 4 385 7 3
10 46 17 3 410 2 8
4 12 24 10 424 4 6
9 39 12 3 425 2 8
4 9 36 10 460 4 6
14 14 19 2 481 7 3
4 9 31 9 530 4 6
6 12 32 7 548 4 6
5 14 31 8 542 4 6
30 11 13 2 571 1 9
5 7 40 13 609 4 6
4 6 36 10 613 4 6
7 53 17 3 648 2 8
22 21 22 6 647 7 3
12 36 14 3 669 2 8
56 7 15 2 705 1 9
46 12 13 2 733 1 9
50 14 14 2 735 1 9
45 13 14 2 757 1 9
43 9 15 2 780 1 9
13 49 16 3 804 2 8
5 7 28 9 836 4 6
10 34 13 3 854 2 8
23 24 21 5 859 7 3
21 21 22 5 886 7 3
63 9 16 2 910 1 9
10 26 10 3 923 2 8
5 13 33 9 954 4 6
52 6 10 2 973 1 9
5 9 31 10 994 4 6
21 23 25 5 1025 7 3
49 10 16 2 1025 1 9
5 11 29 9 1072 4 6
10 38 13 3 1071 2 8
32 8 13 2 1106 1 9
5 11 37 10 1118 4 6
23 17 12 5 1152 7 3
36 8 11 2 1161 1 9
64 9 16 2 1196 1 9
11 43 16 3 1201 2 8
5 6 38 9 1233 4 6
5 11 22 11 1235 4 6
44 9 16 2 1266 1 9
5 8 35 5 1311 4 6
22 14 19 5 1304 7 3
4 5 34 9 1317 4 6
24 16 19 6 1358 7 3
5 6 29 7 1376 4 6
5 10 29 11 1375 4 6
9 32 17 3 1417 2 8
36 7 14 2 1429 1 9
4 9 33 9 1454 4 6
46 10 10 2 1468 1 9
20 13 24 6 1517 7 3
23 16 18 5 1514 7 3
43 11 18 2 1525 1 9
46 10 14 2 1562 1 9
20 14 24 5 1582 7 3
23 16 16 4 1596 7 3
5 12 33 14 1617 4 6
25 22 22 6 1648 7 3
13 55 13 3 1658 2 8
8 45 13 3 1682 2 8
47 10 19 2 1706 1 9
7 45 8 3 1724 2 8
7 36 12 3 1765 2 8
4 10 29 12 1782 4 6
49 7 10 2 1804 1 9
4 13 29 10 1815 4 6
5 11 30 11 1839 4 6
12 35 18 3 1855 2 8
17 15 20 5 1868 7 3
4 8 35 11 1902 4 6
4 10 35 8 1917 4 6
24 13 12 5 1940 7 3
8 44 14 3 1961 2 8
46 10 10 2 1966 1 9
51 7 19 2 1994 1 9
4 8 36 7 2025 4 6
17 19 18 5 2057 7 3
17 10 19 5 2071 7 3
22 23 19 4 2096 7 3
34 10 12 2 2118 1 9
4 11 32 9 2128 4 6
6 12 25 10 2140 4 6
54 7 15 2 2170 1 9
42 12 17 2 2184 1 9
23 16 18 4 2206 7 3
5 8 25 9 2232 4 6
4 9 30 8 2255 4 6
17 17 16 6 2275 7 3
10 34 12 3 2298 2 8
9 44 15 3 2314 2 8
35 8 13 2 2351 1 9
21 22 20 5 2366 7 3
7 36 15 3 2380 2 8
27 22 21 5 2407 7 3
9 29 13 3 2434 2 8
22 22 21 3 2450 7 3
6 38 18 3 2467 2 8
52 9 15 2 2490 1 9
9 32 22 3 2517 2 8
11 31 19 3 2524 2 8
5 13 26 10 2556 4 6
5 8 31 14 2576 4 6
17 11 13 2 2579 1 9
12 13 17 4 2620 7 3
10 40 14 3 2627 2 8
6 10 24 7 2665 4 6
42 11 14 2 2666 1 9
58 12 14 2 2696 1 9
44 9 16 2 2691 1 9
4 10 29 11 2744 4 6
41 8 15 2 2759 1 9
18 18 22 4 2774 7 3
19 11 23 5 2801 7 3
7 50 13 3 2815 2 8
35 9 13 2 2841 1 9
4 12 40 13 2863 4 6
9 40 18 3 2882 2 8
42 13 17 2 2900 1 9
43 8 13 2 2914 1 9
5 10 24 10 2971 4 6
12 38 12 3 2986 2 8
19 17 25 4 2974 7 3
4 9 33 7 3024 4 6
12 40 14 3 3031 2 8
8 28 13 3 3042 2 8
14 40 12 3 3061 2 8
19 15 24 5 3086 7 3
10 46 15 3 3119 2 8
4 5 32 8 3129 4 6
9 30 15 3 3143 2 8
6 12 29 10 3174 4 6
27 21 14 3 3206 7 3
6 36 19 3 3211 2 8
10 45 17 3 3257 2 8
45 11 16 2 3254 1 9
12 56 19 3 3286 2 8
10 36 16 3 3336 2 8
31 9 13 2 3322 1 9
6 34 16 3 3351 2 8
48 8 15 2 3379 1 9
15 21 24 3 3386 7 3
3 13 20 11 3397 4 6
11 37 7 3 3416 2 8
27 20 17 4 3455 7 3
51 7 15 2 3475 1 9
3 11 32 11 3484 4 6
35 11 11 2 3524 1 9
4 9 30 14 3543 4 6
5 7 34 9 3542 4 6
52 11 11 2 3567 1 9
20 16 16 5 3598 7 3
4 9 29 10 3604 4 6
54 10 19 2 3648 1 9
46 8 15 2 3661 1 9
9 40 16 3 3688 2 8
12 49 16 3 3686 2 8
30 13 13 2 3706 1 9
16 23 23 6 3756 7 3
23 19 24 4 3783 7 3
21 14 20 4 3790 7 3
4 9 23 11 3807 4 6
6 8 33 14 3823 4 6
5 11 37 7 3863 4 6
41 11 16 2 3876 1 9
6 40 10 3 3916 2 8
39 8 13 2 3921 1 9
30 8 20 2 3942 1 9
7 43 17 3 3951 2 8
22 23 19 5 3978 7 3
30 22 29 4 3990 7 3
5 10 31 10 4015 4 6
7 34 8 3 4062 2 8
5 9 23 9 4045 4 6
10 15 14 5 4089 7 3
22 16 19 5 4102 7 3
4 9 32 7 4137 4 6
7 49 17 3 4150 2 8
16 19 12 5 4163 7 3
26 15 24 4 4184 7 3
4 8 26 8 4205 4 6
10 42 15 3 4214 2 8
60 10 15 2 4228 1 9
21 18 19 6 4277 7 3
18 17 26 3 4268 7 3
11 34 15 3 4322 2 8
5 8 23 7 4345 4 6
45 8 16 2 4373 1 9
5 10 32 13 4374 4 6
52 9 22 2 4389 1 9
15 24 23 4 4425 7 3
53 8 15 2 4431 1 9
12 50 18 3 4458 2 8
36 7 8 2 4473 1 9
10 37 20 3 4499 2 8
39 8 14 2 4502 1 9
20 23 21 6 4545 7 3
21 25 21 3 4554 7 3
4 11 33 10 4609 4 6
7 41 14 3 4607 2 8
5 13 29 8 4635 4 6
10 45 14 3 4652 2 8
43 10 15 2 4671 1 9
24 19 14 3 4690 7 3
12 46 10 3 4715 2 8
55 9 15 2 4732 1 9
25 22 21 4 4764 7 3
27 23 20 4 4757 7 3
7 41 7 3 4800 2 8
8 42 18 3 4821 2 8
8 38 17 3 4834 2 8
4 9 41 13 4858 4 6
22 25 18 4 4871 7 3
23 26 16 5 4885 7 3
47 9 13 2 4934 1 9
27 8 14 2 4947 1 9
4 9 30 9 4959 4 6
30 15 20 4 4987 7 3
15 23 19 4 5018 7 3
4 11 32 7 5027 4 6
2 5 34 8 5034 4 6
18 17 20 3 5084 7 3
5 9 28 10 5086 4 6
11 41 10 3 5098 2 8
6 22 15 3 5134 2 8
48 8 18 2 5141 1 9
18 22 15 6 5165 7 3
6 11 32 10 5193 4 6
5 7 27 9 5232 4 6
48 9 12 2 5242 1 9
4 9 34 11 5265 4 6
48 8 14 2 5275 1 9
10 33 12 3 5298 2 8
49 12 14 2 5323 1 9
22 24 21 4 5335 7 3
6 9 29 9 5353 4 6
10 43 17 3 5389 2 8
56 9 14 2 5404 1 9
4 12 33 10 5441 4 6
5 9 34 7 5455 4 6
10 45 11 3 5478 2 8
23 23 14 6 5486 7 3
18 21 24 5 5504 7 3
11 48 9 3 5532 2 8
42 11 18 2 5563 1 9
21 17 19 5 5573 7 3
48 9 15 2 5593 1 9
23 19 11 6 5608 7 3
4 10 35 12 5634 4 6
54 5 21 2 5645 1 9
19 25 24 4 5687 7 3
8 40 9 3 5700 2 8
6 10 23 12 5715 4 6
6 10 33 10 5724 4 6
12 48 11 3 5737 2 8
20 23 18 4 5771 7 3
4 7 32 12 5803 4 6
8 38 17 3 5829 2 8
3 6 37 6 5834 4 6
20 12 17 5 5874 7 3
4 7 30 9 5884 4 6
44 9 9 2 5914 1 9
10 46 12 3 5927 2 8
5 13 32 12 5958 4 6
47 10 14 2 5972 1 9
36 11 14 2 6004 1 9
20 18 22 4 6012 7 3
9 30 10 3 6052 2 8
50 11 11 2 6060 1 9
16 22 26 2 6081 7 3
44 8 17 2 6089 1 9
42 10 9 2 6120 1 9
24 18 19 2 6131 7 3
7 37 14 3 6158 2 8
6 27 18 3 6172 2 8
10 47 22 3 6202 2 8
22 11 16 3 6210 7 3
5 8 33 9 6240 4 6
46 11 16 2 6266 1 9
16 21 19 6 6304 7 3
18 16 23 5 6318 7 3
9 43 15 3 6340 2 8
23 26 20 4 6373 7 3
4 9 33 9 6369 4 6
5 11 27 10 6395 4 6
57 11 13 2 6432 1 9
10 30 11 3 6447 2 8
51 14 19 2 6466 1 9
41 8 13 2 6467 1 9
3 9 34 10 6494 4 6
10 37 20 3 6517 2 8
13 30 9 3 6534 2 8
40 10 12 2 6565 1 9
5 9 27 12 6581 4 6
20 21 11 6 6602 7 3
4 11 31 9 6622 4 6
6 8 27 10 6660 4 6
10 35 14 3 6662 2 8
4 9 26 8 6684 4 6
7 37 16 3 6687 2 8
5 39 14 3 6718 2 8
21 18 21 3 6748 7 3
3 7 31 8 6757 4 6
10 33 14 3 6797 2 8
47 10 13 2 6826 1 9
13 34 16 3 6814 2 8
2 10 32 14 6859 4 6
4 39 12 3 6854 2 8
2 6 42 8 6900 4 6
5 10 28 5 6933 4 6
9 33 15 3 6941 2 8
18 30 20 5 6958 7 3
44 9 17 2 6989 1 9
4 7 33 10 7004 4 6
6 7 35 8 7039 4 6
19 18 23 5 7037 7 3
46 8 14 2 7071 1 9
10 49 9 3 7089 2 8
7 43 11 3 7094 2 8
10 36 13 3 7142 2 8
17 12 18 5 7156 7 3
5 8 37 9 7164 4 6
13 41 17 3 7192 2 8
8 27 13 3 7196 2 8
37 9 20 2 7232 1 9
25 15 23 5 7241 7 3
10 50 13 3 7250 2 8
19 24 25 4 7299 7 3
35 14 13 2 7315 1 9
50 9 13 2 7324 1 9
5 31 14 3 7344 2 8
19 17 20 4 7371 7 3
18 27 17 5 7394 7 3
50 12 17 2 7422 1 9
24 20 18 5 7449 7 3
34 9 20 2 7443 1 9
50 8 12 2 7493 1 9
10 43 20 3 7508 2 8
17 18 20 5 7538 7 3
14 27 16 2 7540 7 3
7 42 16 3 7554 2 8
41 13 13 2 7591 1 9
41 10 12 2 7608 1 9
25 20 17 4 7621 7 3
24 22 25 4 7645 7 3
13 54 13 3 7663 2 8
18 20 20 4 7673 7 3
23 18 24 5 7714 7 3
10 36 15 3 7730 2 8
17 17 17 3 7760 7 3
20 16 19 4 7761 7 3
61 8 9 2 7810 1 9
4 9 29 8 7829 4 6
40 7 10 2 7830 1 9
6 15 21 9 7860 4 6
12 17 15 5 7880 7 3
11 35 14 3 7910 2 8
6 6 18 9 7932 4 6
22 17 18 6 7953 7 3
11 46 11 3 7973 2 8
41 8 13 2 7991 1 9
21 15 21 7 8007 7 3
5 11 26 10 8017 4 6
20 15 16 6 8064 7 3
19 9 12 3 8069 7 3
6 5 27 10 8097 4 6
18 22 20 4 8107 7 3
4 9 31 8 8141 4 6
4 10 24 11 8159 4 6
32 8 13 2 8188 1 9
37 7 12 2 8205 1 9
22 20 24 5 8207 7 3
10 41 11 3 8230 2 8
9 33 16 3 8284 2 8
50 14 16 2 8272 1 9
2 9 25 10 8294 4 6
44 9 16 2 8304 1 9
5 8 14 8 8340 4 6
26 23 17 2 8359 7 3
8 62 8 3 8374 2 8
40 9 12 2 8402 1 9
15 21 23 3 8439 7 3
9 37 18 3 8457 2 8
