450
589 531 816 597 141750 6 17
571 716 844 492 141750 7 6
457 571 684 890 141750 8 11
492 688 711 744 141750 6 16
544 789 830 884 283500 17 25
608 838 853 808 283500 17 27
727 700 534 641 141750 5 15
601 672 515 550 70875 4 3
577 778 879 451 141750 3 12
715 722 784 721 283500 17 26
464 652 625 674 70875 3 5
567 719 607 520 70875 3 4
760 592 812 494 141750 8 9
776 755 525 808 212625 4 23
663 570 852 727 212625 11 19
855 522 775 622 212625 10 9
829 784 518 485 141750 7 16
874 536 820 780 283500 14 19
743 469 637 742 141750 4 15
625 737 688 636 141750 2 9
622 672 655 808 212625 13 16
465 467 466 694 70875 3 7
806 832 458 647 212625 9 10
664 785 573 489 70875 2 6
719 657 685 688 212625 8 25
475 583 630 466 70875 1 4
841 611 694 855 283500 12 14
723 615 748 647 212625 5 14
799 609 558 649 141750 4 13
872 797 679 824 283500 18 30
565 860 489 640 141750 6 15
509 586 646 597 70875 1 4
671 899 536 627 212625 8 21
646 538 603 639 70875 4 6
477 751 570 507 70875 2 3
831 587 533 617 141750 9 16
738 774 691 673 212625 3 18
489 471 816 472 70875 2 7
747 490 708 604 141750 2 11
493 751 896 804 283500 16 30
497 596 886 791 212625 9 21
561 483 587 587 70875 2 8
759 465 691 668 141750 3 12
700 653 567 674 141750 7 13
696 697 827 689 283500 14 17
667 567 773 751 212625 5 16
896 507 568 504 70875 1 5
871 616 660 624 212625 6 26
645 581 838 567 141750 7 7
538 461 842 890 212625 4 9
894 856 618 655 283500 9 21
682 477 669 899 212625 3 13
591 809 864 767 283500 12 17
509 588 644 870 141750 3 10
868 665 468 487 70875 3 4
588 777 755 717 212625 13 9
483 853 590 858 212625 3 16
562 881 841 755 283500 18 34
525 686 769 763 212625 5 12
567 471 886 812 212625 10 24
703 462 817 780 212625 8 20
796 778 860 820 283500 5 24
736 493 832 631 141750 8 10
499 633 848 707 141750 4 6
736 478 642 727 141750 4 12
460 498 874 627 70875 2 7
868 728 644 791 283500 6 27
724 568 462 503 70875 4 5
716 475 888 640 212625 14 11
675 621 745 511 141750 9 13
531 886 798 657 212625 13 18
725 839 546 811 283500 16 30
633 528 583 611 70875 4 7
522 510 761 492 70875 4 4
559 809 606 839 212625 3 13
715 600 789 548 141750 7 13
463 660 632 731 70875 4 8
746 519 626 623 70875 1 4
764 651 858 558 212625 8 9
462 721 451 812 70875 4 5
762 483 580 798 141750 8 7
880 828 608 510 212625 12 18
636 654 750 455 70875 1 4
718 475 748 681 141750 7 7
573 587 796 806 212625 4 16
557 645 576 863 141750 9 12
671 717 787 485 141750 3 17
764 515 883 633 212625 7 22
680 506 755 722 141750 5 11
878 645 836 489 212625 14 10
554 651 802 686 141750 7 8
487 815 468 877 141750 9 17
692 758 809 551 212625 5 13
693 787 676 757 283500 10 18
756 730 724 887 283500 7 35
506 709 819 502 141750 7 7
794 510 576 611 70875 1 6
466 487 552 675 70875 3 8
484 662 476 895 70875 2 3
860 826 551 847 283500 19 29
690 597 578 571 70875 1 6
821 612 878 541 212625 9 26
524 899 469 674 141750 2 15
638 797 657 651 212625 9 10
658 637 766 882 283500 13 17
548 802 737 763 212625 9 23
471 583 896 584 141750 8 6
762 802 830 716 283500 10 34
691 526 546 724 70875 3 5
754 640 867 781 283500 15 30
595 813 843 625 283500 4 12
522 797 866 808 283500 19 32
723 665 498 657 141750 6 15
642 625 812 468 141750 8 7
726 559 870 517 141750 6 6
868 645 857 578 283500 5 15
602 603 516 671 70875 1 7
874 540 764 847 283500 7 14
640 844 821 731 283500 7 18
802 765 499 664 212625 11 24
866 555 637 706 212625 10 24
639 688 691 488 70875 2 5
807 806 724 528 212625 4 26
768 692 573 796 212625 12 23
605 843 624 636 212625 14 19
509 601 759 530 70875 3 5
881 619 689 880 283500 5 33
825 593 575 796 212625 4 19
495 560 624 879 141750 3 7
882 549 486 888 212625 11 16
623 615 852 702 212625 14 16
748 567 578 615 70875 3 5
865 630 623 533 141750 5 6
895 661 593 485 141750 8 10
662 834 669 761 283500 14 22
758 812 512 809 283500 6 29
805 861 517 859 283500 12 20
712 776 466 589 141750 9 11
543 769 690 517 70875 4 3
682 672 626 490 70875 3 3
880 785 781 847 283500 13 16
516 859 670 798 212625 10 22
699 649 747 693 212625 4 10
453 560 457 529 70875 3 8
509 502 494 579 70875 3 5
739 825 494 791 212625 11 19
519 810 549 821 141750 2 6
885 682 474 707 212625 14 15
472 833 653 471 70875 2 8
725 753 761 475 212625 6 26
742 839 702 632 283500 19 30
892 683 790 609 283500 9 32
790 861 600 842 283500 10 29
861 812 872 504 283500 15 23
649 830 476 580 141750 4 6
511 842 749 487 141750 9 8
790 682 522 651 141750 7 7
463 548 722 875 141750 4 9
758 700 541 673 141750 9 9
818 640 826 753 283500 7 13
724 632 556 819 212625 7 26
836 801 672 811 283500 8 12
637 539 883 864 283500 18 34
506 554 549 602 70875 4 4
844 555 700 530 141750 7 13
605 762 795 809 283500 18 26
812 541 617 763 212625 13 25
702 482 826 596 141750 5 14
565 792 586 520 70875 1 7
828 669 727 666 283500 19 12
617 560 885 578 141750 5 15
863 568 638 857 283500 15 20
757 605 671 456 70875 4 5
593 522 803 832 212625 6 26
626 634 748 785 212625 8 25
791 506 833 466 141750 3 17
691 691 578 725 141750 8 7
627 790 714 630 212625 13 22
613 557 488 606 70875 4 4
623 624 771 620 141750 8 14
519 835 558 899 212625 6 14
872 539 773 644 212625 12 22
701 535 504 495 70875 4 6
881 894 532 495 212625 14 10
614 479 467 807 70875 3 8
530 486 806 863 141750 2 14
450 578 483 582 70875 1 7
865 856 751 618 283500 8 19
675 656 832 604 212625 11 22
644 573 652 886 212625 13 12
517 594 708 464 70875 2 4
800 881 494 537 212625 14 26
815 475 774 595 141750 6 10
888 740 837 626 283500 4 29
754 848 497 644 212625 10 12
855 607 590 746 212625 3 17
854 805 480 883 283500 16 27
577 867 721 790 283500 13 26
752 508 772 837 212625 9 23
541 650 560 474 70875 3 7
749 756 589 474 141750 7 8
467 696 629 635 70875 1 6
454 662 823 668 141750 3 15
878 612 683 732 283500 4 17
691 686 726 474 141750 7 16
561 893 547 707 212625 5 10
721 622 693 797 212625 6 26
851 855 642 671 283500 12 30
662 576 881 549 141750 7 9
592 558 803 626 141750 8 16
507 754 740 679 141750 6 10
894 839 697 733 283500 7 34
610 532 577 778 70875 3 3
718 784 638 832 283500 13 24
566 827 755 846 283500 10 29
796 630 837 473 212625 6 18
723 878 692 568 212625 11 22
638 807 800 823 283500 4 35
662 544 563 748 70875 2 4
542 505 649 865 141750 9 16
634 744 760 625 212625 4 17
688 819 815 626 283500 12 29
780 759 542 509 141750 5 6
775 487 773 776 212625 6 15
666 646 617 591 70875 3 8
768 823 715 655 283500 17 16
516 528 729 493 70875 2 4
663 611 723 634 141750 2 10
657 534 852 750 212625 13 19
821 655 827 779 283500 7 23
673 856 713 463 212625 3 23
770 756 814 587 283500 9 16
851 778 875 700 283500 17 14
741 705 498 499 70875 2 8
575 873 659 830 283500 12 20
699 594 651 715 141750 9 12
865 889 694 812 283500 9 16
855 526 757 565 141750 5 16
673 583 742 547 141750 8 9
746 701 874 721 283500 4 24
723 670 858 742 283500 4 30
486 625 774 863 212625 10 9
504 833 847 825 283500 14 24
553 683 809 889 283500 15 23
871 730 590 722 283500 7 14
521 499 818 692 141750 8 11
864 555 580 461 70875 1 7
472 789 735 661 141750 3 13
573 668 829 510 141750 4 6
464 657 780 486 70875 4 8
648 586 686 829 212625 8 24
704 562 505 718 70875 4 5
623 595 651 497 70875 4 7
844 497 546 792 141750 3 14
532 786 490 482 70875 4 6
844 788 458 813 283500 12 12
660 817 644 601 212625 13 11
461 559 499 510 70875 4 7
598 823 611 596 141750 4 8
758 864 799 863 283500 5 19
539 749 463 562 70875 1 5
561 643 669 561 70875 2 8
815 626 780 823 283500 10 20
712 587 539 806 141750 9 7
792 596 826 703 283500 11 20
785 785 745 747 283500 8 29
612 566 795 685 141750 6 16
598 642 724 469 70875 3 5
583 705 678 794 212625 13 21
641 859 867 815 283500 18 30
822 683 580 859 283500 18 26
835 659 451 579 70875 4 8
738 476 745 590 141750 3 10
554 817 605 660 141750 2 15
572 607 521 886 141750 8 12
612 657 748 475 70875 2 8
559 579 860 496 70875 4 8
845 569 709 617 212625 8 11
638 529 762 747 141750 8 12
844 683 611 873 283500 5 13
600 753 785 580 212625 13 11
511 792 557 722 141750 4 14
659 823 709 717 283500 13 15
527 691 663 639 70875 2 3
600 894 846 681 283500 14 33
654 531 488 478 70875 2 6
522 459 773 633 70875 4 8
480 568 687 742 70875 4 6
801 833 516 674 212625 7 14
811 717 579 712 212625 11 20
785 692 848 827 283500 4 29
747 506 662 760 141750 5 9
609 587 704 563 70875 2 5
612 534 517 760 70875 3 6
746 828 697 475 212625 6 19
741 529 589 888 212625 13 18
853 763 716 591 283500 17 27
742 741 709 465 141750 3 9
895 575 547 629 141750 5 13
762 614 788 571 212625 13 18
774 887 726 741 283500 19 34
502 584 836 599 70875 4 4
868 513 869 512 212625 8 21
650 753 704 477 141750 3 6
541 644 716 526 70875 3 3
465 764 781 881 283500 12 30
694 596 890 674 212625 7 9
823 639 751 887 283500 16 28
567 783 692 631 141750 8 14
783 760 718 567 212625 12 25
620 568 562 488 70875 4 7
748 638 523 580 70875 2 7
618 743 479 689 70875 2 8
896 511 890 804 283500 8 21
631 747 623 456 70875 4 4
764 500 570 671 70875 3 4
742 505 699 558 70875 3 3
751 744 804 507 212625 11 19
614 517 825 706 141750 4 15
643 504 507 642 70875 4 6
779 651 709 542 141750 8 11
508 716 673 778 141750 6 12
801 706 717 531 212625 11 15
608 792 641 740 212625 5 12
865 567 492 802 212625 14 20
682 656 877 563 212625 14 17
725 785 735 546 212625 10 19
616 524 708 726 141750 3 11
852 572 690 459 141750 3 8
501 556 634 866 141750 9 7
456 829 557 738 141750 8 11
454 460 572 470 70875 2 5
840 542 623 882 283500 4 14
633 899 738 803 283500 6 17
632 583 573 777 141750 6 11
823 518 797 892 283500 4 23
632 496 772 582 70875 1 6
561 642 732 588 70875 4 7
699 818 595 871 283500 6 21
495 771 648 847 212625 11 18
539 599 554 523 70875 1 4
540 794 743 794 212625 7 15
769 451 842 829 283500 17 14
601 697 850 456 141750 7 8
523 787 468 579 70875 3 3
489 750 638 517 70875 2 4
692 849 805 716 283500 11 17
806 895 847 881 283500 17 15
477 864 777 529 141750 9 7
779 762 788 856 283500 13 24
745 654 787 678 212625 12 25
883 479 663 623 141750 2 15
740 678 896 690 283500 13 18
533 742 551 559 70875 3 4
745 664 582 786 212625 11 10
761 564 731 560 141750 3 17
716 888 849 768 283500 14 28
603 590 768 796 212625 3 19
847 770 480 628 212625 10 12
747 896 829 746 283500 11 17
822 617 526 609 141750 3 9
737 646 859 662 283500 18 20
893 707 466 641 212625 4 14
450 897 663 484 70875 4 7
633 706 496 832 141750 9 8
814 587 834 484 212625 10 9
512 615 600 686 70875 1 7
627 877 824 784 283500 4 14
557 579 632 588 70875 2 5
668 513 675 780 141750 5 6
774 624 563 615 141750 7 13
496 750 805 474 70875 4 5
699 825 694 725 283500 16 29
720 674 777 523 141750 3 6
743 821 826 845 283500 18 19
571 779 537 534 70875 3 7
632 896 543 649 212625 3 24
481 558 474 737 70875 1 6
640 693 563 724 141750 5 14
538 778 667 476 70875 3 7
516 730 728 775 212625 5 10
484 769 748 514 70875 2 7
660 715 580 804 212625 14 12
554 890 701 477 141750 7 11
569 494 799 469 70875 1 5
678 596 802 826 283500 16 12
484 511 789 666 70875 2 4
895 590 739 809 283500 4 28
601 717 694 813 212625 5 10
840 751 519 614 212625 5 20
505 597 533 463 70875 3 5
811 506 453 528 70875 2 8
789 519 737 652 141750 8 16
665 625 767 787 212625 11 23
695 626 758 509 141750 4 14
647 623 588 508 70875 1 8
644 705 844 696 283500 11 25
610 807 567 883 212625 10 19
508 805 644 554 70875 2 3
707 878 723 618 283500 16 22
552 707 590 507 70875 2 7
579 571 463 652 70875 1 7
691 776 722 877 283500 15 19
513 836 537 672 141750 4 12
527 574 781 565 70875 4 3
769 734 581 821 283500 13 28
733 705 865 525 212625 13 23
589 732 740 665 212625 6 18
513 535 477 778 70875 4 8
494 746 728 632 141750 3 8
556 675 863 841 283500 8 12
765 523 547 643 70875 1 7
828 767 686 708 283500 19 35
647 897 697 808 283500 19 27
619 693 889 665 212625 8 15
481 739 470 610 70875 1 6
669 708 746 810 283500 7 21
729 676 669 841 283500 14 33
533 877 846 453 212625 7 22
525 777 588 785 141750 3 9
460 837 619 585 70875 1 7
647 552 496 859 141750 2 10
490 688 547 535 70875 3 6
623 491 648 507 70875 4 7
804 558 603 807 212625 10 18
546 551 497 815 70875 4 7
823 764 763 823 283500 13 23
466 719 766 493 70875 2 4
639 899 637 645 212625 9 14
526 890 772 732 283500 19 30
604 876 776 864 283500 16 32
469 527 874 886 212625 7 23
542 695 664 616 70875 4 5
705 642 601 641 141750 4 14
878 871 701 652 283500 14 33
560 511 792 747 141750 2 9
473 763 812 513 141750 6 10
632 564 848 872 283500 4 20
536 593 515 835 70875 3 6
481 859 844 502 141750 8 7
718 586 574 797 141750 7 15
642 753 678 865 283500 6 17
756 570 726 894 283500 5 27
733 588 831 751 283500 9 16
840 837 851 801 283500 7 35
462 605 727 613 70875 3 5
885 481 742 715 212625 9 17
869 711 680 476 212625 5 9
674 782 697 795 283500 9 28
871 644 489 740 212625 4 26
