400
14 44 30 44 10947 1 2
14 11 21 41 520 5 8
33 34 33 21 121 6 1
13 16 15 48 7139 1 4
49 24 41 27 1479 1 2
30 46 42 47 9071 3 3
42 39 35 15 8364 1 1
38 14 22 39 5486 1 1
14 24 24 41 4562 4 3
43 33 31 44 11615 4 4
29 28 14 34 1396 3 2
11 11 17 35 9277 4 7
17 13 10 17 2341 4 4
18 38 38 30 933 1 8
48 10 19 13 1722 3 3
28 20 12 36 12049 6 8
22 11 23 49 10151 2 6
39 29 29 11 12081 6 8
11 34 23 49 6180 8 6
44 30 41 23 8836 8 7
18 41 44 30 10529 5 7
16 28 31 44 5064 2 2
39 33 44 43 1920 7 7
42 49 32 23 6103 2 2
21 41 42 17 6628 7 5
39 38 40 49 7687 8 1
11 43 43 48 7426 4 8
40 18 30 30 3846 3 2
28 16 27 30 3989 2 6
40 37 30 49 11828 2 3
43 20 49 11 3502 3 1
47 19 42 40 2417 3 4
18 28 34 13 4958 3 1
45 11 38 21 9350 4 3
32 35 40 38 3814 3 2
36 17 32 13 468 4 4
24 14 15 19 4727 7 2
15 10 10 35 8002 3 4
30 27 44 42 11320 2 2
17 37 20 32 8008 4 4
13 42 25 29 8393 6 1
43 49 45 49 6853 3 1
26 17 28 23 8218 6 5
45 42 13 38 832 7 5
30 27 13 18 7739 7 1
39 31 41 17 605 4 2
21 34 16 27 2358 4 6
39 37 34 37 8087 4 2
32 41 16 25 8132 1 1
45 44 19 45 2766 7 1
27 39 41 25 12338 1 2
42 12 21 15 5501 8 6
35 44 45 41 11056 4 4
20 35 42 39 8567 7 3
35 27 15 44 5168 5 2
45 12 18 46 6803 1 7
46 23 40 47 9590 3 1
48 32 34 25 7764 5 8
17 20 43 23 5351 3 7
23 32 23 18 9162 7 8
10 49 22 19 732 4 1
14 41 33 46 3756 7 1
48 43 37 39 5810 1 3
33 21 12 12 3515 6 6
34 32 16 18 11321 7 6
23 45 22 34 6023 2 3
47 35 16 18 7881 3 6
23 21 24 15 1552 3 3
32 32 18 36 11164 1 1
16 30 12 16 7503 3 2
45 48 15 24 2875 1 3
46 42 40 25 7008 3 6
15 40 41 27 294 5 3
20 26 15 30 9990 7 1
17 41 27 38 10028 6 4
46 15 42 12 817 1 3
48 27 26 14 1264 3 4
32 28 22 39 9813 5 5
29 48 30 16 630 4 6
32 32 38 20 9141 3 3
44 30 17 38 11843 5 8
31 26 45 25 4573 5 7
13 23 28 32 8075 8 7
45 26 18 47 4548 6 5
16 29 14 30 3912 6 8
11 43 45 40 5717 4 1
23 47 37 18 4078 5 2
16 30 19 27 2199 4 4
21 18 23 37 4844 7 7
24 20 43 15 12496 3 1
41 21 38 32 9608 2 7
42 13 21 19 5174 4 1
19 13 28 14 12465 5 3
19 11 22 40 8273 2 4
16 25 46 48 2652 7 8
45 44 23 26 2396 2 7
47 45 42 39 10458 5 1
29 26 20 32 8107 8 8
25 41 25 26 11118 1 6
39 30 35 18 11999 4 3
16 44 31 41 3044 4 1
11 37 43 27 9462 4 6
44 10 21 38 9960 8 6
48 46 20 25 2325 1 2
41 13 37 47 10198 5 5
28 18 33 27 3459 3 4
28 17 31 22 2115 3 1
41 40 24 26 320 2 3
36 29 23 14 3033 4 8
10 42 27 36 10565 3 1
47 24 12 46 2331 3 4
42 41 44 46 2011 3 5
14 33 46 12 11649 1 4
31 23 37 25 2164 6 2
26 41 25 24 3072 3 6
31 13 26 39 11157 8 1
18 26 27 28 6131 3 4
49 27 27 48 2830 7 4
11 38 12 43 5086 6 8
10 47 20 48 4903 1 2
30 20 43 18 11953 4 4
36 30 14 21 12070 8 5
18 43 45 18 10583 4 1
39 45 19 36 1598 1 4
18 42 41 41 10425 4 2
26 47 31 48 10407 1 8
10 49 38 44 4230 2 2
12 29 23 16 11498 7 6
38 35 43 43 1383 3 1
30 31 37 20 4459 2 5
26 16 12 21 12486 3 1
26 11 25 27 9576 6 4
43 14 17 42 4439 1 1
13 45 15 14 6696 2 1
38 20 38 28 3163 4 8
42 36 40 17 5211 4 2
37 42 18 33 10061 3 7
11 32 21 22 10347 5 6
21 32 43 16 7562 4 2
21 22 23 27 6315 8 2
11 34 38 37 10683 1 5
47 27 20 31 2978 7 5
42 40 18 45 1965 7 7
25 47 13 17 7140 2 2
24 34 38 47 4060 4 5
33 39 47 11 8611 3 4
40 44 30 42 5287 4 4
44 26 13 28 6289 2 3
31 10 28 42 5603 3 2
20 40 40 39 10811 1 6
37 24 35 41 1452 7 1
30 21 22 16 3632 2 1
41 16 20 29 362 6 7
34 48 16 14 11265 3 3
33 42 17 29 11431 7 5
18 24 46 35 6494 4 5
15 21 11 15 9549 1 1
19 46 27 46 9051 3 1
37 48 10 40 877 1 3
27 23 23 15 11077 4 4
34 39 14 39 2930 5 7
49 20 11 16 8426 8 8
38 48 32 41 11579 2 4
40 19 46 38 9242 1 4
30 33 49 28 846 2 4
35 44 14 40 8759 8 6
11 22 43 16 3268 3 7
42 45 16 22 4252 6 6
43 16 27 30 8692 3 4
33 36 21 27 10885 7 3
49 17 28 40 3326 4 6
14 39 21 22 8902 2 3
38 35 48 18 10858 8 7
17 16 18 47 3959 6 2
33 26 42 39 3410 4 4
31 24 49 39 11695 4 5
32 13 33 32 8759 3 3
19 22 26 38 267 4 1
43 10 30 26 9144 6 2
23 45 20 37 10756 2 4
39 43 33 22 5328 4 7
23 45 37 29 7570 3 7
44 44 42 25 4765 1 4
19 42 19 44 10242 4 5
17 39 49 16 2077 4 3
43 36 17 35 11235 5 5
25 27 43 30 11265 6 6
27 32 11 47 12180 6 5
11 33 36 29 9260 1 2
41 32 38 24 1316 3 4
22 49 43 40 199 3 3
20 36 19 20 9405 5 1
24 38 25 44 2417 1 2
48 18 23 31 6942 5 6
36 17 19 32 11953 3 4
37 42 27 21 8861 7 7
19 41 38 43 11200 1 5
13 27 12 42 9204 7 1
42 31 25 47 5853 7 3
14 11 20 48 911 1 3
39 10 26 13 333 5 3
24 22 25 42 11232 4 1
11 11 32 15 3100 8 3
48 12 45 13 6791 1 2
42 38 39 19 11363 1 1
10 32 25 22 6588 8 6
46 12 18 45 4669 1 3
44 45 36 26 1139 3 2
46 29 24 31 1589 5 6
22 20 44 23 3368 3 1
12 40 31 40 6770 3 3
16 19 46 38 6218 3 7
28 18 46 10 2454 1 4
31 36 38 18 11449 4 5
16 16 25 32 7115 4 4
24 37 24 22 7294 1 2
28 37 41 17 2159 3 4
36 46 44 41 5102 2 4
13 26 30 16 3816 8 2
40 33 16 44 6262 2 3
37 48 21 36 5247 2 8
38 37 22 14 947 2 6
30 23 36 12 4264 5 5
49 49 48 43 6846 3 3
25 20 11 28 9786 1 2
31 32 19 10 5365 4 2
35 46 11 31 6494 4 4
32 10 36 26 2422 6 6
14 47 41 30 6873 4 2
21 30 29 38 11303 4 4
11 21 33 21 7136 3 1
20 16 12 38 1174 3 3
40 30 23 10 12308 4 1
18 20 45 37 7045 2 7
14 45 31 38 11536 8 2
36 22 44 23 6459 7 8
28 24 39 47 1012 6 7
37 36 30 36 3882 5 1
47 46 30 49 7458 2 3
21 39 21 39 9647 6 2
47 32 16 39 614 7 5
11 12 21 16 10120 4 4
22 49 26 46 11921 2 6
10 33 29 12 8195 4 6
27 41 39 33 11482 2 6
48 16 41 34 4298 4 3
29 43 16 26 5194 2 7
39 33 31 19 3196 4 3
23 19 39 38 5124 7 2
36 29 22 23 11344 1 3
40 35 19 45 2554 7 6
17 44 14 49 8914 3 7
43 40 36 32 11749 5 3
30 35 13 13 794 4 2
10 49 27 47 4345 1 1
21 33 37 22 8183 1 3
31 41 17 47 9118 8 7
45 38 44 37 3630 5 1
10 33 19 25 8592 5 4
39 20 27 35 10922 3 2
12 29 46 28 7583 2 1
12 33 12 14 7849 2 5
42 39 23 12 8017 2 3
16 17 28 43 5640 4 4
29 31 37 21 4626 2 3
10 30 36 15 10934 1 1
24 41 38 40 2051 6 5
12 26 23 28 1362 7 7
20 46 16 42 2093 3 6
41 47 48 38 10923 8 5
36 30 46 38 7541 2 4
15 45 22 44 4186 5 1
25 25 35 11 8910 1 2
27 15 31 26 1093 3 3
13 10 29 19 11514 4 2
11 48 19 26 6288 5 8
18 12 17 23 6611 5 3
10 31 49 19 12087 2 2
36 12 25 14 11709 4 8
35 28 33 30 713 8 3
42 36 22 18 7629 2 2
40 33 23 29 9491 8 1
46 23 17 10 6415 1 2
49 29 25 36 2704 3 2
29 19 22 27 9674 1 8
40 34 36 33 12213 8 2
38 43 12 22 4553 2 3
41 17 15 49 8025 5 6
12 46 24 27 7976 8 4
41 43 26 25 8135 3 1
48 37 41 32 4397 1 4
30 22 43 41 10612 2 4
21 25 40 37 5677 7 5
36 24 15 11 7872 1 3
32 34 33 47 6349 3 2
23 15 36 15 9828 6 1
32 45 48 48 1410 1 2
15 22 48 30 550 1 8
33 14 33 43 9534 5 3
16 46 25 33 10992 7 1
41 34 40 49 6911 1 4
41 43 37 22 655 2 2
38 43 29 13 6859 2 1
29 24 49 40 4676 2 1
32 19 15 24 4013 4 8
49 28 38 20 4365 3 7
39 36 37 37 7342 7 2
46 40 20 32 8458 1 3
44 13 29 42 2241 2 2
29 12 17 39 8360 3 3
22 22 37 42 8719 8 4
44 29 36 30 714 1 1
22 23 10 17 4788 6 7
34 32 19 31 9859 4 6
49 23 38 35 7611 8 1
11 47 41 36 399 1 1
20 39 40 28 7272 4 7
14 37 21 12 10419 6 5
43 23 49 19 5412 5 2
14 31 35 18 3286 2 1
13 21 41 42 1860 6 4
31 37 24 23 3704 1 5
20 29 31 21 6436 2 2
20 44 41 11 5285 6 8
25 28 47 45 12531 4 3
49 19 42 46 1778 2 6
33 23 41 15 1411 1 5
31 24 43 27 7237 6 8
40 35 40 29 1360 2 4
26 17 46 16 11876 3 1
20 35 40 45 12258 2 4
10 43 10 24 2139 2 5
17 22 12 45 12435 7 1
46 27 35 14 2604 8 4
46 35 34 46 4124 4 1
41 46 13 35 683 5 2
30 36 19 41 3333 1 3
41 26 10 16 2668 5 1
14 27 32 49 9326 7 2
47 36 13 11 11631 1 2
16 15 39 38 2104 3 3
34 27 20 47 738 3 3
27 13 46 24 781 5 3
24 10 41 18 11792 1 2
34 22 42 30 9435 7 7
17 19 30 30 4240 2 3
44 26 46 24 9698 1 7
47 24 17 13 7452 4 3
20 43 49 23 3681 6 2
17 19 47 26 4624 6 7
19 33 43 22 3432 2 1
42 27 47 18 8043 2 2
12 31 49 46 9744 8 5
37 24 28 13 11966 2 4
15 38 23 18 648 8 4
13 45 43 42 1251 7 6
46 32 13 18 8274 2 3
36 31 37 21 8802 5 8
38 17 22 41 8466 1 2
13 12 10 29 8161 7 7
23 11 22 35 8261 4 4
41 47 14 20 7198 4 6
27 22 18 26 12390 1 7
26 15 27 18 10616 1 2
11 37 26 32 5967 5 5
35 32 35 17 5264 6 1
22 42 16 38 7083 3 4
15 48 27 19 5893 2 3
15 42 38 13 10102 8 5
29 31 24 35 1636 1 2
44 37 33 32 2454 7 7
40 41 35 38 11171 2 1
35 36 36 11 8090 1 3
19 40 28 12 7210 2 2
11 13 21 45 3371 5 1
24 41 39 21 5306 7 1
20 40 27 39 11063 7 4
23 38 20 32 9358 5 6
33 39 20 21 8991 5 5
28 46 12 47 12013 1 3
31 14 45 24 4483 1 6
36 37 47 15 7706 3 4
44 36 10 10 6016 2 4
11 21 16 32 1621 4 2
36 46 29 24 7788 8 7
48 44 18 11 8610 3 1
28 42 41 30 6006 6 7
47 28 42 49 8507 7 1
33 10 48 27 9911 1 6
30 22 38 18 1334 8 4
20 30 20 16 6032 8 4
46 24 24 27 9385 1 4
16 18 39 40 1709 6 5
40 15 10 34 7721 7 2
21 10 28 13 8520 3 2
16 38 33 36 3445 3 3
40 21 47 22 2509 2 8
31 16 16 25 9884 3 4
16 19 19 30 6742 2 3
31 36 38 42 1710 2 3