100
40 44 10 40 2441 8 3
46 26 34 17 588 4 5
37 10 13 43 2112 2 3
43 10 38 36 1784 6 1
27 37 12 21 361 4 8
44 14 17 18 2801 5 3
33 20 24 18 1194 1 2
45 21 22 26 2827 6 2
17 34 16 12 1557 3 1
31 42 12 45 1469 3 3
19 31 49 12 848 7 8
28 23 18 18 1834 3 4
48 36 35 36 1075 1 1
17 27 19 16 678 2 3
28 38 27 49 1021 6 6
41 10 13 20 2271 5 3
46 31 26 13 340 5 1
34 17 27 49 1393 6 3
49 47 19 20 535 1 5
10 42 34 13 517 3 4
40 10 10 37 2864 3 2
18 17 36 14 2455 6 4
34 45 32 34 3220 2 5
21 42 16 23 824 4 4
22 48 22 25 2120 7 8
25 11 40 47 1414 1 2
13 47 47 29 1255 1 3
39 33 21 40 2619 7 2
18 14 14 28 1992 5 5
31 44 48 35 849 1 2
37 22 11 23 2995 1 1
31 37 26 33 2998 5 2
33 21 19 13 3163 4 6
43 24 48 38 515 6 7
42 28 26 29 1176 8 8
22 15 27 15 2135 7 6
31 24 23 46 363 2 3
31 32 14 43 327 5 7
17 42 13 42 1556 8 5
18 47 46 10 1403 3 1
20 19 47 49 2707 1 5
16 28 35 19 1188 2 4
40 45 26 44 2197 8 6
35 45 14 45 911 7 5
12 43 29 45 1665 5 7
45 42 21 36 2401 8 6
10 27 45 32 2095 8 4
24 47 27 30 2748 8 7
29 25 33 17 2929 3 5
35 10 19 34 1699 2 2
44 20 20 39 2251 5 1
29 20 29 11 2718 5 2
24 17 23 41 1959 4 3
48 42 49 37 284 6 2
46 39 39 49 1411 1 1
42 46 29 39 2031 6 8
21 22 38 36 2965 2 3
17 24 20 42 403 4 1
34 10 17 34 1262 8 7
20 28 33 23 2006 3 3
13 26 39 24 1860 4 2
46 45 49 22 1806 3 7
32 39 15 40 2992 4 2
36 32 48 11 863 1 1
24 40 46 44 452 3 8
13 43 38 21 1429 7 6
19 27 10 25 477 3 2
46 42 26 31 2902 4 2
23 29 45 15 2212 3 3
18 17 17 36 116 4 4
20 22 25 38 164 4 3
20 13 43 10 1031 2 8
31 29 29 12 1449 2 1
38 18 17 30 836 5 1
34 15 12 35 262 1 1
22 39 16 14 138 2 1
25 37 14 16 2635 1 5
20 10 11 15 2286 2 7
49 30 14 44 2499 8 8
11 15 13 19 1125 7 5
38 44 23 43 3041 8 4
20 23 46 41 1344 8 8
21 18 17 43 2682 1 1
46 44 34 26 1832 3 6
31 21 22 10 2898 7 6
49 42 37 49 763 7 6
39 14 17 32 2063 8 7
28 44 15 36 200 4 2
49 44 48 24 1856 5 1
24 49 24 15 339 2 3
16 47 27 22 1147 5 6
19 41 32 41 1946 6 8
46 17 37 40 1514 4 6
37 14 27 36 571 3 1
13 17 36 35 1825 3 4
28 20 24 43 806 3 6
31 27 15 31 187 4 4
40 48 26 17 623 6 6
30 20 22 18 1964 1 7
48 38 35 45 1905 5 2