500
25 26 3 32 7953 55 24
26 39 21 22 7383 42 34
28 30 16 14 5005 26 66
7 31 14 11 6030 29 84
12 27 27 8 7004 60 20
23 34 10 3 6827 44 28
15 38 23 29 5938 17 60
45 28 26 8 4668 13 49
39 26 34 17 4328 20 50
36 16 19 20 4655 38 42
21 25 18 21 8179 41 3
33 27 27 24 5683 3 85
26 21 27 22 7913 67 4
39 28 4 10 5071 34 62
22 30 22 19 7387 53 18
33 31 24 20 7645 48 6
18 31 23 29 6377 98 13
18 26 34 17 6624 78 3
28 25 9 19 6326 55 7
15 24 32 29 6442 98 34
36 43 11 12 7154 86 21
37 30 17 21 5037 34 75
41 23 22 9 6646 92 14
32 28 19 19 5057 33 83
43 39 10 25 6220 26 46
20 28 20 17 6765 41 29
41 35 33 18 5095 26 66
31 22 8 31 7402 87 24
26 32 25 20 5185 31 88
25 45 19 24 6320 74 28
14 35 16 15 6526 53 16
21 31 29 8 5882 8 54
27 27 19 9 5173 32 92
23 19 7 27 7921 80 29
37 34 28 27 4823 13 96
24 33 19 15 6529 59 26
41 37 20 6 6141 26 95
26 32 18 10 4556 34 78
23 49 27 24 4444 31 42
33 22 3 10 4963 4 98
17 45 13 25 4733 26 79
30 36 29 20 4909 12 45
33 53 17 17 4683 8 92
23 40 30 21 5919 35 87
22 49 17 6 4340 10 77
19 47 26 24 7861 72 11
25 21 19 13 7024 47 20
32 35 23 38 5273 36 51
23 37 37 13 5069 36 97
20 35 18 11 5935 39 46
17 27 27 23 8183 67 23
29 45 23 18 5522 27 47
31 32 18 24 6442 60 10
22 39 16 2 7869 53 32
54 39 4 20 5408 32 86
19 43 14 13 5603 9 55
23 42 7 30 4369 25 63
24 31 23 13 7844 62 30
33 40 21 7 5906 5 100
25 31 20 11 6756 49 35
23 18 35 10 5830 9 85
33 46 16 28 5699 23 100
22 31 27 11 7096 80 5
23 26 27 30 6879 44 26
21 16 22 29 5109 7 65
37 46 14 29 6530 47 38
26 38 18 21 4620 29 83
25 27 25 28 6531 61 15
39 28 27 4 5865 13 85
36 38 24 15 7988 49 8
33 34 21 14 7361 46 40
40 26 27 8 7947 48 16
35 18 23 12 6413 49 26
40 24 8 29 7188 56 39
14 29 21 8 7239 90 14
40 18 11 7 6796 82 18
30 21 27 33 7723 69 39
30 38 32 26 5717 15 65
39 23 12 21 7297 90 2
27 21 2 30 7555 74 11
27 23 28 10 7114 66 35
31 19 14 10 6865 88 3
24 26 11 21 7917 42 22
39 33 33 34 6835 76 10
34 46 12 34 7134 64 28
23 43 12 10 6225 92 38
38 32 24 31 4378 22 56
23 31 13 24 7120 79 19
23 41 27 28 7465 83 1
39 33 31 21 4240 30 70
17 37 25 29 6715 75 2
34 25 35 20 8150 78 24
21 38 20 33 7058 72 11
32 22 17 16 7838 78 3
20 36 25 24 5686 25 59
28 23 35 5 5874 11 81
11 33 25 28 4487 15 45
14 22 30 27 5192 36 67
27 30 14 10 4189 17 89
35 18 25 20 5953 29 97
23 22 32 18 6985 92 15
40 45 38 27 5925 39 42
17 51 17 6 7595 87 5
33 34 14 25 8031 85 27
39 33 39 9 5741 31 66
28 27 15 43 6043 16 44
40 39 40 22 5544 32 60
15 43 24 10 8270 80 11
27 54 20 27 7535 90 9
9 36 4 24 4811 12 67
20 22 24 16 4720 3 44
35 19 17 15 6215 66 29
26 19 18 18 7828 54 22
12 21 34 28 7910 97 25
19 37 33 34 7948 84 8
31 33 22 26 4812 6 87
41 26 39 13 7806 41 13
28 11 35 25 4373 30 68
21 38 13 10 4357 40 46
21 18 14 22 6541 96 26
30 43 24 49 5973 3 60
39 39 21 13 7036 52 4
42 44 17 24 4742 8 41
27 27 39 6 6401 69 30
26 23 21 12 7056 94 8
35 45 31 29 5024 12 59
39 43 27 15 7683 81 21
30 35 38 25 6626 79 25
21 31 26 18 4706 10 90
11 33 32 23 7824 45 26
28 49 2 24 7150 94 35
25 33 17 16 5897 8 76
21 41 19 9 4540 31 71
31 32 21 2 5915 2 85
27 46 22 22 4941 4 72
18 37 32 38 5707 26 65
22 27 12 7 6307 68 18
22 10 22 26 6688 60 27
20 43 26 25 5609 32 84
31 28 39 1 4689 16 91
13 40 28 6 6207 43 7
13 36 42 36 6418 69 5
32 34 26 15 6324 46 20
6 36 20 3 5652 25 79
16 38 12 17 5507 23 58
13 22 25 21 6545 79 20
14 20 41 12 4616 20 78
34 32 32 20 6830 73 37
21 22 42 27 5038 10 86
30 30 35 8 5281 35 49
40 29 21 22 7338 66 40
16 29 28 37 4307 24 94
33 31 11 16 4947 31 95
21 39 14 5 5378 19 42
21 35 19 9 6668 43 29
13 37 25 20 4520 27 58
8 35 44 18 4663 7 97
32 30 36 25 6260 78 38
20 39 17 26 6500 94 8
16 39 27 1 7132 47 4
38 22 11 8 7001 90 29
1 42 16 16 7223 53 36
9 25 39 22 6666 61 9
36 38 43 22 5353 33 59
22 14 15 12 8157 89 10
23 13 16 10 6092 38 54
19 52 33 26 8293 46 2
34 19 23 2 5249 4 74
18 10 26 32 7131 52 32
31 18 11 2 6153 32 73
25 45 49 23 8077 84 5
43 34 20 11 7405 43 38
29 28 20 7 6509 94 17
30 20 4 18 6627 69 7
19 37 24 10 7668 57 19
8 8 23 16 8178 71 26
20 32 18 24 8080 84 16
27 32 30 40 5593 17 57
32 31 21 16 4958 25 62
20 24 15 5 5922 11 77
15 24 24 23 5866 10 97
29 36 12 8 5586 8 70
25 37 26 26 4674 19 82
10 34 16 8 8028 44 29
28 17 21 27 6306 98 17
23 30 32 34 5664 13 81
36 45 37 22 6093 12 52
19 19 28 41 6481 78 14
21 37 2 12 4516 2 62
9 28 34 39 7846 69 16
21 30 14 13 4809 10 57
34 25 32 12 8266 54 22
4 41 17 19 5569 39 58
31 29 36 14 6611 96 18
31 30 31 21 7630 92 27
14 27 44 25 4309 36 53
28 34 18 13 6074 1 98
28 41 21 8 6694 74 29
19 27 21 16 7592 65 25
47 49 20 19 6969 73 9
29 43 5 28 5784 17 78
24 52 15 21 4900 20 83
35 25 35 33 7193 75 31
26 25 26 5 7038 46 1
21 16 26 12 5885 16 71
41 38 36 16 5704 3 42
22 26 24 25 4934 37 99
22 65 22 33 7283 47 17
14 38 32 25 7340 53 28
38 42 36 5 4978 4 44
38 30 4 29 7974 65 14
30 14 32 16 6055 18 49
32 24 44 4 6214 9 52
47 30 21 19 5988 33 63
31 42 20 24 7343 100 35
26 18 19 20 5118 18 63
19 33 5 34 6592 88 8
20 25 15 6 5325 33 69
32 37 20 14 6964 56 27
26 21 5 28 5470 32 51
31 38 10 17 5621 32 82
29 32 6 15 4490 38 56
37 25 33 4 6580 66 33
29 20 22 5 4235 20 68
24 35 33 19 6154 37 46
28 16 20 33 8165 80 6
17 7 17 23 4640 37 66
9 15 33 28 7868 75 36
32 49 22 22 7988 66 5
18 34 18 12 7314 77 33
26 42 26 16 4284 9 89
20 19 26 3 6377 70 40
36 30 3 29 4484 19 93
30 20 47 1 6568 50 19
20 38 10 22 6768 71 26
32 43 17 36 6416 45 28
38 25 7 33 6292 99 1
22 34 19 1 4226 38 74
20 41 14 4 6305 96 32
39 40 24 30 5529 5 55
38 34 20 26 5454 21 64
35 13 34 3 7776 96 21
31 42 25 8 7243 66 16
29 27 18 8 7149 64 21
38 38 19 14 8023 66 27
38 25 35 3 7867 84 23
25 29 16 2 6694 61 17
37 25 8 4 7021 51 9
19 19 17 36 6620 76 25
33 30 17 17 4399 19 41
49 37 40 35 5131 40 71
20 8 22 19 5713 8 58
20 32 23 33 4359 20 51
20 9 1 24 8072 50 16
23 29 23 14 5481 25 78
19 23 9 1 6603 93 4
30 21 13 19 7196 41 27
28 34 25 19 5133 6 87
30 17 19 22 4500 16 85
8 37 15 18 5620 27 65
29 41 41 11 6560 71 28
18 37 14 24 4384 13 58
45 43 18 15 7570 83 28
35 21 12 24 4676 19 54
13 30 30 19 5223 30 87
17 23 9 20 6528 77 37
16 51 11 25 6040 37 70
25 45 14 23 4313 37 75
7 44 27 16 5001 1 95
26 38 22 20 5869 18 63
20 42 20 15 5248 12 64
41 49 26 18 6659 73 10
15 18 30 26 4323 14 48
23 33 27 14 8160 57 17
23 34 9 19 4469 18 96
15 32 29 20 6353 77 13
21 49 19 15 7298 77 38
10 27 16 9 6222 61 35
35 34 6 15 5013 30 67
22 45 35 10 4347 19 65
25 35 43 32 4421 40 42
31 49 18 25 5034 16 47
33 19 25 4 7549 72 7
16 38 14 29 5488 40 46
25 24 35 12 7807 100 1
31 21 34 29 6249 61 28
30 33 11 16 8201 65 9
34 43 23 12 4462 34 43
10 21 14 26 4913 11 76
46 27 1 23 7969 61 35
39 32 29 34 5650 36 82
35 44 23 14 6393 53 11
35 44 14 21 7487 52 34
42 36 13 24 7802 67 37
21 25 7 28 8004 88 21
22 35 30 26 5187 12 42
32 20 27 20 5623 20 86
35 29 13 2 7328 85 9
49 51 31 5 8225 43 23
23 49 33 19 5019 39 88
25 28 15 26 5568 23 62
39 42 3 20 5276 16 43
13 33 30 21 6552 81 31
16 28 11 18 7975 88 29
10 30 19 22 4594 24 73
14 51 11 5 8171 69 29
34 30 25 11 4322 10 96
46 39 31 4 5519 14 90
38 29 5 4 7254 85 24
45 36 8 4 7549 73 21
43 36 1 25 4725 31 64
20 27 17 4 4897 33 81
36 36 9 31 8065 48 31
33 22 23 31 4421 4 41
34 13 5 25 4803 33 83
17 39 10 19 6674 65 31
31 27 36 8 7095 77 18
22 42 10 20 7335 74 6
30 13 13 25 4410 35 41
37 24 22 20 7668 44 23
38 24 35 33 5337 16 90
32 40 32 1 4309 36 86
8 30 33 16 5885 16 93
7 48 21 32 8063 89 4
21 50 16 20 7821 46 7
33 27 28 9 5028 10 94
30 32 22 13 5735 28 72
29 25 19 35 6876 58 22
22 49 11 13 7562 64 38
31 33 20 20 6470 53 18
20 27 19 2 4956 29 45
30 49 2 2 5856 5 51
18 34 25 23 5292 15 42
12 35 23 6 8082 68 2
23 17 21 30 5332 12 69
12 13 31 28 5510 13 64
25 47 31 24 4623 21 97
36 30 35 29 4829 34 100
28 26 12 17 5742 2 82
17 44 33 17 5751 25 65
3 25 28 23 8249 75 31
15 32 17 29 7209 63 36
37 18 16 24 6017 22 66
37 43 24 25 4850 9 67
22 39 24 30 4743 4 98
31 32 33 7 7030 83 16
29 33 29 1 5798 16 88
23 42 18 7 8082 91 19
35 14 21 15 4315 15 82
43 45 43 21 7999 48 35
19 18 4 33 7104 43 9
19 37 34 15 5546 13 79
31 48 29 17 6034 5 93
30 30 14 18 4201 19 43
37 39 19 19 5034 30 47
28 33 25 21 7807 71 25
24 39 27 24 7553 59 25
17 20 17 12 7334 52 24
29 32 29 14 8052 48 38
31 32 33 11 4675 32 95
13 30 13 24 5333 20 82
32 39 32 24 5947 14 90
12 44 6 20 5742 16 97
43 36 18 16 4870 35 73
21 38 25 11 6155 39 56
27 27 14 21 8097 90 33
27 14 14 30 4681 22 49
25 34 22 35 7384 48 4
18 31 15 11 5625 27 51
18 24 23 15 4568 22 75
30 37 27 18 4923 33 83
20 17 27 7 7124 46 40
41 29 9 8 8036 79 39
26 37 41 23 6878 100 15
3 44 27 9 5551 9 80
23 39 6 41 5074 37 62
25 27 6 5 6457 80 23
32 31 22 9 7559 98 34
45 39 32 15 6273 97 26
42 24 23 37 6059 3 76
33 16 35 17 5770 9 41
29 28 32 36 4325 23 73
27 23 10 16 6260 95 11
36 21 18 8 4536 34 49
8 33 3 34 5134 26 84
44 40 16 18 7252 66 6
37 34 22 19 6123 17 66
32 31 20 19 7212 88 23
31 32 9 25 4196 17 43
40 35 30 17 5998 1 45
25 53 26 14 5905 10 49
31 30 16 1 6636 100 20
39 33 19 10 7270 90 26
17 40 19 24 5059 12 59
30 29 21 21 6022 40 43
35 50 26 13 4914 3 85
27 27 20 18 7710 72 37
29 26 15 5 6385 98 26
31 18 18 13 7300 59 19
46 21 14 5 5982 30 86
35 25 23 16 8060 60 9
32 34 26 19 7422 72 26
31 43 50 19 5889 10 96
31 54 15 11 5372 27 65
20 20 27 8 4575 14 98
5 35 26 27 5842 27 74
34 55 20 29 7443 42 6
18 34 36 3 7815 59 30
39 27 27 8 6310 53 17
29 34 21 13 6978 65 17
20 12 7 9 4489 12 71
46 55 16 26 6514 53 37
4 10 5 15 4170 30 50
2 5 12 16 6179 85 21
37 40 24 12 7863 60 38
37 27 16 15 7759 81 21
41 38 6 16 5705 13 72
28 30 20 2 7844 66 30
26 39 20 23 6885 95 37
24 21 22 29 7055 98 4
21 27 16 15 5286 26 68
40 15 9 31 4688 23 74
19 27 25 13 7260 92 19
14 24 23 33 6201 31 77
8 43 12 1 6053 2 51
12 37 11 2 7319 48 13
30 21 18 8 5133 35 71
15 38 16 14 6045 26 66
29 36 17 31 5515 24 82
35 32 30 22 8121 90 25
30 33 33 14 5570 27 61
18 29 14 20 6683 69 21
41 30 25 38 5558 15 76
17 45 8 13 6743 53 4
25 50 9 21 6007 34 81
38 42 13 33 6669 43 36
27 32 15 18 6488 42 39
19 13 27 37 7059 41 7
31 21 10 26 7494 65 25
36 32 2 6 5595 17 46
17 33 17 27 6891 50 32
21 35 4 23 7940 93 3
55 47 18 21 4494 17 52
42 27 33 14 6689 47 25
41 37 14 7 6325 82 20
27 35 4 32 4386 2 45
37 30 19 18 5136 22 66
14 29 38 14 5817 6 66
22 36 21 37 7465 85 6
28 27 15 14 5238 10 83
42 34 25 22 5466 7 85
39 38 15 7 7143 43 19
19 14 35 25 5883 36 59
39 35 31 19 5096 9 70
6 25 15 14 6786 59 23
16 28 26 17 8115 83 27
25 21 39 18 8127 48 29
12 41 19 20 6988 91 31
25 33 15 12 5979 9 61
26 43 8 17 5542 34 75
32 41 18 13 8017 95 7
27 38 22 15 7639 94 33
7 36 8 13 5223 35 80
38 30 19 30 6995 64 21
6 35 20 37 4719 22 93
13 38 24 22 4303 21 88
30 59 28 1 4558 19 96
18 38 12 11 4302 13 88
31 25 32 23 7847 60 8
10 27 27 14 5843 30 75
30 31 21 14 7256 57 17
12 11 27 2 4939 9 61
27 30 1 22 4354 2 64
22 29 3 10 7372 89 15
17 45 21 11 7951 76 15
20 39 19 19 4188 22 69
40 40 1 30 6705 94 5
20 30 29 15 7351 77 20
6 26 23 30 6144 36 73
27 34 37 35 7316 57 26
15 34 11 16 6960 45 39
31 19 29 29 5113 2 98
33 22 19 33 6687 70 33
47 40 21 11 6159 18 53
33 22 21 19 8186 72 22
40 20 24 13 4754 12 61
17 50 8 4 7982 49 35
7 32 15 18 5064 8 66
26 39 18 16 7487 70 5
29 31 27 21 4706 5 44
36 30 39 12 6041 39 68
33 36 21 3 6961 60 25
28 16 24 30 6632 97 21
20 35 11 15 5818 19 45
15 42 15 15 7369 72 13
23 36 28 21 5908 3 76
38 5 27 19 7244 69 18
31 21 30 17 6552 76 35
42 33 18 6 5381 19 52
42 37 33 5 5844 25 68