50
19 38 48 46 914 5 5
25 45 32 34 575 6 1
11 18 10 26 1652 4 5
17 19 39 19 1068 1 1
38 29 21 44 767 2 1
30 15 13 20 1358 8 8
17 39 28 10 445 5 2
48 23 46 33 435 4 1
27 12 36 32 1069 8 7
30 17 40 20 969 3 7
44 31 39 14 983 7 5
17 31 22 44 1607 1 1
19 35 37 48 1226 4 5
48 19 22 47 1456 4 2
13 34 35 35 396 2 3
27 36 13 35 1305 8 8
30 18 12 35 1470 2 2
40 18 40 24 616 1 1
16 35 16 31 402 5 8
24 29 32 42 823 4 6
36 29 47 15 1435 5 7
22 30 27 43 1401 5 8
28 24 28 46 1037 1 4
46 13 45 34 1106 1 1
11 18 22 38 371 8 2
10 14 20 36 286 3 5
34 40 49 30 620 4 1
10 42 34 46 526 4 8
34 12 16 33 153 3 3
22 11 21 13 606 2 7
14 31 21 22 1288 2 4
15 38 46 24 680 2 3
15 23 39 22 116 2 1
21 29 12 29 1135 3 2
28 30 39 12 145 8 4
10 22 23 31 86 1 3
43 35 16 35 949 8 6
26 24 12 27 1178 3 3
15 14 11 16 773 3 1
42 31 19 15 1485 2 2
34 22 37 12 587 8 2
29 46 44 12 1452 3 1
13 28 39 34 857 6 4
44 21 49 36 1626 8 1
16 40 29 48 1612 3 2
24 13 27 14 1520 1 1
44 40 16 19 1518 5 2
25 11 17 28 899 4 3
22 36 17 15 1271 3 2
46 26 30 15 178 5 3