250
9 44 11 3 69 2 8
38 12 12 2 92 1 9
18 18 18 5 101 7 3
7 38 10 3 137 2 8
18 28 20 6 151 7 3
3 10 26 9 182 4 6
5 8 25 13 185 4 6
11 41 10 3 212 2 8
32 10 8 2 259 1 9
10 43 17 3 264 2 8
21 22 24 5 285 7 3
24 21 24 3 309 7 3
45 9 14 2 311 1 9
6 48 19 3 338 2 8
5 6 26 8 372 4 6
7 36 10 3 379 2 8
31 16 16 5 397 7 3
16 15 18 4 415 7 3
4 9 30 8 435 4 6
21 18 13 5 477 7 3
8 46 15 3 481 2 8
6 11 46 9 518 4 6
6 9 33 10 530 4 6
6 9 37 12 548 4 6
53 10 18 2 583 1 9
47 11 14 2 595 1 9
4 11 24 8 604 4 6
23 13 20 5 645 7 3
4 10 31 10 659 4 6
18 12 12 4 679 7 3
10 51 8 3 700 2 8
13 24 16 4 732 7 3
8 50 17 3 733 2 8
5 9 28 9 767 4 6
6 9 34 9 773 4 6
41 9 16 2 811 1 9
4 8 27 9 811 4 6
17 17 16 4 849 7 3
54 14 17 2 878 1 9
44 8 17 2 904 1 9
21 14 11 5 920 7 3
35 9 12 2 941 1 9
5 8 23 9 937 4 6
35 10 18 2 973 1 9
4 8 25 9 984 4 6
7 42 12 3 1017 2 8
35 9 12 2 1034 1 9
46 10 15 2 1047 1 9
36 13 16 2 1078 1 9
59 11 21 2 1095 1 9
5 9 22 9 1121 4 6
5 10 25 8 1131 4 6
16 15 23 7 1146 7 3
37 10 13 2 1183 1 9
12 39 13 3 1205 2 8
23 16 19 3 1225 7 3
20 14 19 4 1244 7 3
33 11 18 2 1271 1 9
12 10 23 6 1286 7 3
50 6 13 2 1330 1 9
8 43 11 3 1335 2 8
19 11 17 5 1351 7 3
10 37 10 3 1374 2 8
13 43 16 3 1402 2 8
44 11 17 2 1404 1 9
52 11 12 2 1425 1 9
9 44 16 3 1461 2 8
21 19 19 5 1478 7 3
38 10 15 2 1483 1 9
65 8 18 2 1527 1 9
5 6 31 9 1538 4 6
14 34 10 3 1566 2 8
8 30 16 3 1566 2 8
18 12 11 4 1601 7 3
17 11 27 6 1628 7 3
16 7 10 2 1639 1 9
32 10 13 2 1665 1 9
3 10 38 7 1678 4 6
45 11 11 2 1715 1 9
22 23 20 5 1736 7 3
4 8 33 13 1751 4 6
4 9 25 8 1787 4 6
4 8 24 13 1777 4 6
47 8 15 2 1811 1 9
9 56 13 3 1843 2 8
12 48 16 3 1855 2 8
8 46 14 3 1873 2 8
55 8 16 2 1904 1 9
26 23 23 4 1918 7 3
6 34 14 3 1944 2 8
28 10 13 2 1950 1 9
3 11 31 7 1975 4 6
3 10 22 11 1999 4 6
4 7 27 12 2043 4 6
43 12 16 2 2028 1 9
5 9 27 11 2070 4 6
10 43 11 3 2087 2 8
12 26 18 3 2107 2 8
10 32 16 3 2137 2 8
10 42 15 3 2156 2 8
5 8 25 7 2159 4 6
4 10 23 8 2208 4 6
5 7 31 8 2220 4 6
32 12 13 2 2226 1 9
13 25 16 3 2265 2 8
10 35 15 3 2264 2 8
46 11 8 2 2298 1 9
5 9 29 8 2306 4 6
13 39 16 3 2332 2 8
19 21 22 4 2380 7 3
6 10 33 11 2389 4 6
14 50 20 3 2413 2 8
7 20 15 3 2422 2 8
18 10 12 2 2462 1 9
21 26 27 4 2471 7 3
5 6 29 4 2492 4 6
38 8 18 2 2506 1 9
48 13 15 2 2525 1 9
11 47 13 3 2562 2 8
29 19 27 5 2572 7 3
52 12 15 2 2588 1 9
6 10 34 11 2619 4 6
11 37 10 3 2621 2 8
35 10 15 2 2638 1 9
19 18 23 5 2673 7 3
11 33 15 3 2703 2 8
37 10 19 2 2708 1 9
35 11 10 2 2735 1 9
7 47 14 3 2745 2 8
8 41 19 3 2789 2 8
6 38 18 3 2807 2 8
11 37 17 3 2833 2 8
24 22 14 4 2849 7 3
4 7 26 12 2869 4 6
3 8 12 10 2867 4 6
21 20 15 3 2928 7 3
39 8 13 2 2934 1 9
34 10 18 2 2960 1 9
23 22 25 6 2979 7 3
19 20 18 3 2989 7 3
16 14 18 3 3028 7 3
17 22 22 5 3033 7 3
45 10 11 2 3066 1 9
22 23 17 6 3072 7 3
48 10 16 2 3094 1 9
48 11 14 2 3109 1 9
8 42 15 3 3132 2 8
33 11 18 2 3165 1 9
12 51 15 3 3182 2 8
11 26 17 3 3190 2 8
9 50 15 3 3214 2 8
3 11 38 8 3229 4 6
29 23 21 5 3248 7 3
13 36 9 3 3269 2 8
36 9 8 2 3317 1 9
5 9 39 8 3339 4 6
39 11 16 2 3354 1 9
2 8 36 8 3358 4 6
5 10 29 9 3375 4 6
7 47 14 3 3399 2 8
13 18 20 5 3433 7 3
8 39 13 3 3455 2 8
38 12 7 2 3487 1 9
5 9 20 7 3488 4 6
46 12 14 2 3517 1 9
4 9 25 9 3540 4 6
34 7 14 2 3543 1 9
45 10 13 2 3577 1 9
43 6 13 2 3602 1 9
8 36 17 3 3619 2 8
5 10 30 11 3631 4 6
9 41 21 3 3670 2 8
8 38 18 3 3676 2 8
5 8 22 11 3718 4 6
10 49 10 3 3716 2 8
5 10 35 10 3746 4 6
3 10 36 10 3763 4 6
11 40 16 3 3791 2 8
8 39 15 3 3806 2 8
50 10 18 2 3819 1 9
11 39 9 3 3858 2 8
36 5 17 2 3864 1 9
12 18 27 4 3889 7 3
6 8 33 12 3930 4 6
43 11 16 2 3939 1 9
7 41 15 3 3958 2 8
52 10 15 2 3977 1 9
8 49 16 3 3995 2 8
71 10 12 2 4020 1 9
42 8 17 2 4035 1 9
17 16 12 4 4051 7 3
5 10 27 12 4061 4 6
43 12 17 2 4099 1 9
19 22 27 5 4118 7 3
7 11 22 11 4139 4 6
33 9 11 2 4154 1 9
57 10 11 2 4180 1 9
11 43 13 3 4193 2 8
56 9 10 2 4232 1 9
55 11 14 2 4243 1 9
11 48 9 3 4271 2 8
53 12 14 2 4286 1 9
11 41 19 3 4317 2 8
4 10 27 11 4342 4 6
19 19 23 6 4355 7 3
5 9 30 7 4392 4 6
46 11 13 2 4402 1 9
4 11 35 7 4430 4 6
20 19 21 4 4441 7 3
9 37 13 3 4452 2 8
9 35 11 3 4470 2 8
6 11 34 8 4494 4 6
18 25 17 4 4522 7 3
9 57 17 3 4559 2 8
4 7 26 10 4562 4 6
34 6 12 2 4598 1 9
9 41 12 3 4601 2 8
5 5 26 7 4630 4 6
47 8 21 2 4650 1 9
45 11 12 2 4678 1 9
19 19 21 3 4680 7 3
23 16 18 4 4707 7 3
18 13 12 3 4735 7 3
4 6 30 11 4755 4 6
16 18 21 5 4774 7 3
61 6 17 2 4784 1 9
7 47 14 3 4824 2 8
18 21 18 4 4858 7 3
8 53 13 3 4861 2 8
6 6 26 10 4885 4 6
4 7 32 9 4903 4 6
12 25 20 4 4909 7 3
6 43 15 3 4950 2 8
36 13 16 2 4952 1 9
4 38 11 3 4978 2 8
53 10 12 2 5003 1 9
35 11 16 2 5030 1 9
11 19 20 4 5059 7 3
26 11 15 2 5073 1 9
14 16 14 4 5113 7 3
6 24 13 3 5108 2 8
11 41 13 3 5128 2 8
7 51 11 3 5172 2 8
17 23 24 5 5180 7 3
19 13 16 4 5203 7 3
41 14 15 2 5213 1 9
4 7 25 10 5216 4 6
30 11 13 2 5256 1 9
5 9 26 12 5268 4 6
9 47 15 3 5302 2 8
