500
932 645 786 706 262500 11 21
893 681 680 724 175000 4 13
884 963 566 861 350000 16 12
706 988 726 608 262500 6 9
607 917 634 762 175000 9 17
602 716 538 834 87500 1 4
907 856 627 758 262500 13 22
700 761 613 694 87500 3 7
844 932 916 728 350000 12 12
662 607 874 651 87500 2 3
803 671 707 585 87500 4 7
826 528 674 573 87500 3 8
980 701 719 823 350000 15 33
843 983 530 501 175000 3 13
582 892 995 821 350000 6 32
999 749 607 700 262500 6 15
995 785 720 876 350000 9 25
939 825 862 844 350000 5 21
830 737 891 682 262500 3 17
873 835 820 611 262500 5 23
812 602 928 758 262500 11 21
747 739 616 803 175000 5 15
679 749 772 589 87500 4 6
629 964 625 759 175000 7 14
797 811 798 793 350000 7 15
575 525 555 896 87500 4 3
871 654 622 740 175000 9 6
875 624 820 773 262500 7 17
771 797 810 767 262500 8 25
907 632 917 605 262500 4 12
723 998 732 582 262500 5 12
642 843 919 528 175000 4 17
991 748 915 838 350000 8 14
611 783 930 869 350000 16 32
745 962 823 985 350000 11 20
875 908 594 705 262500 3 21
577 731 997 581 175000 2 13
884 585 627 590 87500 2 3
556 748 735 797 175000 4 12
737 772 591 656 87500 1 7
685 733 563 999 175000 9 7
820 852 785 754 350000 10 34
804 694 565 661 87500 4 8
552 880 655 573 87500 1 8
761 989 854 978 350000 18 34
925 955 788 746 350000 13 28
811 513 976 794 262500 6 25
901 580 707 505 87500 4 3
707 581 927 977 350000 16 29
684 995 735 776 350000 18 24
524 965 768 583 175000 7 6
776 628 938 705 262500 6 18
609 918 800 605 175000 8 15
822 817 695 943 350000 6 26
664 780 758 706 175000 5 7
609 819 770 973 262500 4 10
569 572 547 612 87500 2 4
753 715 735 711 175000 7 10
723 726 804 950 350000 17 16
880 593 681 733 175000 8 17
846 527 651 698 87500 3 6
920 937 858 653 350000 17 17
830 946 728 644 262500 12 10
937 582 733 749 262500 14 16
649 723 812 937 262500 5 21
628 761 528 642 87500 4 7
533 783 961 517 87500 1 3
804 758 805 829 350000 4 18
954 720 662 521 175000 3 17
515 660 616 830 87500 4 6
986 675 519 822 262500 11 13
761 893 531 520 87500 1 7
665 737 810 728 175000 3 16
888 618 991 737 350000 8 21
634 579 608 622 87500 1 8
578 723 938 883 262500 11 25
732 683 964 883 350000 7 34
634 777 976 969 350000 12 12
957 501 908 511 175000 8 10
795 771 612 856 262500 4 15
636 995 957 884 350000 6 27
571 533 793 828 87500 3 8
649 763 629 875 175000 7 17
660 691 788 951 262500 13 12
722 983 567 589 175000 7 12
959 684 850 727 350000 6 19
885 651 671 528 87500 3 4
564 861 791 601 175000 2 16
834 854 532 865 262500 10 18
958 992 964 687 350000 10 23
580 626 688 833 87500 2 8
582 741 883 646 175000 6 9
840 937 589 529 175000 6 15
553 705 749 539 87500 4 3
762 998 890 789 350000 19 31
784 646 657 940 262500 6 14
757 736 933 889 350000 5 32
744 901 799 630 262500 5 17
817 884 844 605 262500 4 15
673 558 915 841 262500 9 9
690 798 757 982 350000 13 23
555 727 581 666 87500 4 4
798 880 800 781 350000 18 34
674 955 877 751 350000 7 30
538 687 938 725 175000 5 13
802 653 974 762 350000 8 18
775 951 837 701 350000 19 27
603 840 687 721 175000 2 7
862 722 518 910 262500 6 10
820 753 790 695 262500 9 21
671 914 697 832 262500 13 20
992 986 786 790 350000 12 13
507 962 681 865 262500 10 13
603 531 671 739 87500 4 7
547 857 558 645 87500 1 5
711 938 595 750 262500 14 24
570 723 983 938 350000 5 19
660 675 675 834 175000 3 7
772 897 569 795 262500 7 17
990 544 818 801 262500 8 22
969 645 597 556 87500 1 7
992 522 575 656 87500 3 6
513 687 807 996 262500 10 24
638 990 792 599 262500 12 12
645 687 974 923 350000 16 25
763 822 679 908 262500 4 26
533 552 646 987 87500 4 3
634 526 687 647 87500 3 3
865 747 660 812 262500 12 13
643 700 678 580 87500 3 8
707 810 827 703 262500 11 18
526 989 519 637 87500 4 6
660 710 734 646 87500 2 7
992 584 897 852 350000 12 35
548 658 973 680 175000 8 8
866 500 938 520 175000 7 13
933 516 618 777 175000 5 12
621 926 818 954 350000 10 22
651 739 780 850 262500 10 22
895 651 674 504 87500 3 4
827 706 660 621 175000 4 10
921 799 849 949 350000 9 23
669 930 530 947 262500 8 12
889 573 663 772 175000 2 10
920 655 969 650 350000 18 35
803 535 517 729 87500 3 3
782 869 533 984 262500 9 12
519 778 975 647 175000 6 12
626 851 707 830 262500 5 25
624 525 648 692 87500 2 3
568 609 615 866 87500 3 4
935 757 557 665 175000 5 9
822 871 786 577 262500 9 15
552 601 593 837 87500 3 7
932 953 863 847 350000 14 26
546 636 935 706 175000 3 15
647 921 880 752 350000 5 34
978 713 828 771 350000 8 28
576 677 692 802 87500 1 3
553 775 582 901 175000 2 11
509 929 702 695 175000 6 7
645 948 935 953 350000 14 24
836 996 760 680 350000 7 12
975 934 587 967 350000 6 19
738 666 674 697 87500 2 8
613 955 707 550 175000 9 13
644 551 862 778 175000 3 12
760 953 616 764 262500 4 14
972 735 517 602 175000 4 16
897 561 819 518 87500 2 4
662 507 609 969 87500 3 7
756 709 970 579 262500 3 20
718 738 866 751 262500 7 10
604 533 931 619 87500 3 4
985 775 894 647 350000 7 12
652 676 883 633 175000 4 17
840 836 990 745 350000 7 19
560 996 533 603 87500 3 4
699 655 910 510 87500 1 6
883 610 878 630 262500 3 10
752 574 881 600 87500 3 3
827 564 718 761 175000 8 17
768 875 747 707 262500 11 10
803 898 532 588 175000 5 11
610 668 857 589 87500 1 4
934 907 708 632 350000 16 12
513 846 647 566 87500 1 4
627 901 776 704 262500 13 10
932 557 965 744 350000 12 20
843 507 746 713 87500 2 5
517 697 716 658 87500 2 7
689 842 723 912 262500 4 23
776 907 852 658 350000 4 13
689 849 740 547 175000 8 9
957 739 624 752 262500 11 20
515 530 696 670 87500 3 7
657 508 755 952 175000 5 8
807 680 621 518 87500 1 8
886 584 760 557 87500 4 6
510 729 761 684 87500 4 4
749 930 921 937 350000 13 26
975 625 646 773 262500 10 12
802 545 917 891 262500 3 12
881 668 648 892 262500 11 15
860 536 933 509 175000 4 10
709 854 654 623 175000 6 14
967 712 924 757 350000 8 19
787 544 931 853 262500 11 21
975 559 821 532 175000 7 14
734 563 569 713 87500 4 8
797 881 570 931 262500 5 9
721 594 832 625 87500 3 3
638 789 703 909 262500 3 25
744 751 743 959 350000 13 35
581 999 583 599 87500 1 7
735 626 660 872 175000 3 14
594 555 699 683 87500 1 7
574 897 827 959 350000 8 21
900 613 789 899 350000 17 23
807 726 502 605 87500 2 3
597 509 569 703 87500 4 7
658 898 504 838 175000 2 6
924 640 992 776 350000 8 34
858 538 892 847 262500 9 17
968 644 524 599 87500 4 4
648 519 892 819 175000 8 11
731 820 764 911 350000 19 22
597 664 804 965 262500 6 25
921 661 595 546 87500 3 5
552 531 602 977 87500 3 5
923 569 717 679 175000 6 9
879 567 710 924 262500 10 15
706 704 693 642 87500 2 5
690 532 728 906 175000 4 9
608 797 509 760 87500 1 3
859 663 805 668 262500 13 11
879 725 943 886 350000 10 29
768 925 660 841 350000 14 14
774 934 750 861 350000 10 16
660 760 880 566 175000 7 9
766 966 813 568 262500 5 17
849 696 919 675 262500 11 22
995 685 844 944 350000 18 30
865 505 800 639 175000 2 12
618 568 757 628 87500 2 3
858 672 740 577 175000 7 8
541 822 555 658 87500 4 6
680 570 977 923 262500 3 12
823 927 966 784 350000 11 23
635 739 720 685 87500 4 6
546 640 799 755 87500 3 5
505 986 531 917 175000 9 10
541 710 972 751 175000 2 11
705 892 573 913 262500 13 18
638 774 761 900 262500 12 13
991 588 539 668 87500 1 7
894 547 930 768 262500 12 13
509 993 782 608 175000 6 12
678 623 966 715 175000 4 13
640 693 741 930 262500 11 15
882 957 592 664 262500 12 16
675 884 913 578 262500 5 13
758 691 848 882 262500 9 21
962 551 648 793 175000 7 10
586 940 781 651 175000 5 13
796 940 994 510 350000 9 20
577 765 546 758 87500 2 6
728 537 725 650 87500 2 6
815 622 871 928 350000 18 23
590 885 892 529 175000 8 7
823 560 929 515 175000 8 6
951 804 686 926 350000 18 32
594 886 870 979 350000 15 30
626 728 949 591 175000 7 16
946 685 513 810 175000 7 15
728 798 911 514 175000 9 14
839 865 815 961 350000 19 35
838 718 984 836 350000 5 21
749 837 755 881 350000 10 15
706 997 500 534 87500 2 3
840 583 767 925 262500 9 18
948 616 528 987 262500 6 19
627 902 945 631 262500 11 23
934 946 768 770 350000 4 34
862 823 763 927 350000 10 17
893 761 788 529 175000 5 13
543 579 521 744 87500 2 8
799 908 550 656 175000 3 14
964 995 921 957 350000 11 31
975 818 540 812 262500 13 9
985 827 861 922 350000 19 33
838 818 976 931 350000 14 31
746 728 757 533 87500 3 8
776 623 623 529 87500 4 5
902 620 813 732 262500 12 24
939 633 965 765 350000 5 27
777 539 729 738 87500 1 4
669 947 926 597 262500 4 12
685 729 675 814 175000 5 13
598 860 967 501 175000 3 15
652 835 810 694 262500 10 11
864 686 865 948 350000 16 13
618 709 707 554 87500 3 3
886 599 656 791 175000 4 10
629 987 905 945 350000 14 28
702 800 569 522 87500 2 8
505 702 743 899 175000 9 14
658 936 856 519 175000 2 9
885 744 816 575 262500 7 17
569 546 597 751 87500 4 6
618 657 655 798 87500 3 4
717 525 744 843 175000 7 6
682 545 561 552 87500 3 8
920 958 807 834 350000 17 20
625 530 708 870 87500 2 8
598 958 712 781 262500 3 9
541 867 974 888 350000 5 15
718 791 890 525 175000 4 9
694 622 720 813 175000 7 11
797 690 741 770 262500 9 17
932 554 716 877 262500 6 22
700 827 757 967 350000 5 23
672 899 937 848 350000 8 15
847 756 926 551 262500 13 25
518 932 762 696 175000 4 12
600 801 620 605 87500 2 4
669 693 968 587 175000 7 6
897 593 676 812 175000 6 11
773 733 526 857 175000 9 11
836 713 522 991 262500 4 10
875 564 806 937 350000 7 23
896 883 899 863 350000 16 32
918 823 970 789 350000 5 15
721 576 616 536 87500 2 4
832 652 610 742 175000 7 15
538 719 787 953 262500 10 10
927 779 921 654 350000 13 24
611 824 959 802 350000 19 26
603 716 842 813 175000 7 8
945 925 808 799 350000 13 24
567 825 524 699 87500 4 3
899 925 859 919 350000 8 34
660 700 609 887 175000 7 14
695 828 941 905 350000 15 34
653 912 545 765 175000 6 7
817 868 953 981 350000 9 24
968 794 547 872 350000 14 16
744 505 942 528 87500 3 5
722 545 807 879 175000 7 14
946 881 839 969 350000 10 13
911 873 980 838 350000 7 16
566 804 967 742 262500 14 25
840 779 621 513 87500 2 4
666 976 682 756 262500 6 26
749 650 956 674 262500 4 18
501 899 740 956 262500 11 19
949 909 836 870 350000 12 15
618 954 995 878 350000 19 17
887 726 573 730 175000 7 10
576 687 572 997 175000 2 9
741 644 637 613 87500 4 4
915 600 679 563 87500 3 7
860 757 924 589 262500 8 24
645 681 603 925 175000 3 6
751 542 841 848 262500 9 18
996 767 976 585 350000 18 29
851 816 675 922 350000 17 22
884 937 581 703 262500 10 23
941 635 706 639 175000 2 13
916 795 840 825 350000 17 19
791 619 940 633 262500 6 26
533 614 606 500 87500 3 6
692 512 661 591 87500 1 4
884 961 661 959 350000 17 19
754 841 511 793 175000 9 11
972 641 513 907 262500 8 22
980 636 554 808 175000 6 7
908 979 958 663 350000 11 21
690 705 562 564 87500 3 4
705 546 812 728 87500 4 4
589 831 634 791 175000 7 16
712 976 507 795 262500 14 10
537 815 635 761 87500 4 4
846 503 799 673 175000 7 10
747 637 748 560 87500 4 7
976 659 529 797 175000 4 16
655 978 812 536 175000 3 13
896 934 860 521 350000 12 21
710 699 750 717 175000 2 12
807 524 571 919 175000 6 14
674 536 988 683 175000 9 12
987 629 676 561 175000 7 16
519 814 848 720 175000 5 10
596 723 657 786 87500 4 7
589 750 654 524 87500 4 7
584 532 844 767 87500 2 8
857 985 622 515 175000 3 9
565 675 597 589 87500 4 3
938 714 565 615 175000 5 12
587 954 954 885 350000 8 27
562 761 919 773 262500 6 20
556 658 542 972 87500 1 5
781 668 907 999 350000 19 35
996 875 639 576 262500 8 19
772 618 623 676 87500 4 6
981 836 592 527 175000 8 7
852 587 722 822 262500 7 17
744 892 780 591 262500 7 20
806 874 759 809 350000 11 35
645 898 775 834 262500 6 16
665 940 663 559 175000 9 12
665 942 555 749 175000 4 14
903 919 905 679 350000 15 22
882 840 671 790 350000 13 14
746 537 545 755 87500 4 6
567 613 836 722 87500 2 5
643 709 815 662 175000 7 11
810 571 907 842 262500 9 20
558 774 689 743 87500 4 7
999 539 871 821 350000 10 33
593 753 602 888 175000 8 14
739 811 893 718 262500 8 14
545 916 724 910 262500 3 16
742 542 966 887 262500 4 18
831 565 515 993 175000 7 13
576 649 940 823 262500 11 10
851 793 956 751 350000 11 29
577 647 933 797 175000 7 14
730 668 855 829 262500 9 18
902 767 934 569 262500 14 21
820 828 623 930 350000 14 31
839 805 860 799 350000 5 26
898 961 587 984 350000 16 19
594 543 527 750 87500 1 6
566 643 750 751 87500 4 6
893 855 659 844 350000 12 29
960 632 656 785 262500 13 25
533 663 616 663 87500 1 4
700 965 795 924 350000 8 13
802 761 679 563 87500 4 4
761 591 757 878 262500 4 18
824 614 943 514 175000 9 13
878 682 894 736 350000 4 23
535 508 969 748 87500 4 4
851 575 558 645 87500 2 6
667 744 966 637 262500 8 16
751 988 758 596 262500 8 18
851 756 918 564 262500 8 23
969 643 794 758 262500 14 9
681 764 882 803 262500 11 26
550 591 935 771 175000 9 8
510 907 942 562 175000 3 15
784 563 792 585 87500 2 6
507 780 852 799 175000 4 11
950 957 724 986 350000 16 35
825 527 912 851 262500 14 21
965 668 753 903 350000 9 28
659 523 911 941 262500 7 18
523 821 745 733 175000 6 14
662 818 725 770 175000 8 15
943 946 698 943 350000 17 26
838 503 807 530 87500 4 6
895 867 543 658 175000 9 8
535 641 523 709 87500 1 3
579 708 684 516 87500 3 7
981 983 822 916 350000 8 13
920 529 766 520 87500 4 4
806 706 950 679 262500 10 11
712 836 745 884 262500 9 17
878 843 925 895 350000 6 15
931 636 843 948 350000 12 25
985 578 529 780 175000 3 11
997 906 882 768 350000 13 33
800 587 877 692 175000 8 8
509 575 797 954 175000 8 17
576 733 751 803 175000 4 10
860 533 617 712 87500 1 8
690 650 693 631 87500 2 5
580 962 927 531 262500 12 15
639 509 947 746 175000 7 9
544 868 888 831 262500 5 13
957 695 739 758 262500 9 16
834 893 622 962 350000 16 21
711 922 566 895 262500 6 24
589 972 732 630 175000 5 11
700 749 595 673 87500 3 4
754 802 756 724 262500 6 18
786 898 516 597 87500 3 8
804 582 949 797 262500 7 9
501 946 586 831 175000 3 13
528 577 753 713 87500 4 8
607 954 811 939 350000 4 14
551 814 743 546 87500 3 3
554 546 848 715 87500 1 7
896 737 626 636 175000 2 17
664 800 780 964 350000 11 28
790 864 948 727 350000 7 12
505 704 608 896 87500 2 4
786 756 862 524 175000 9 12
582 632 652 836 87500 3 3
