50
8 45 14 3 59 2 8
33 9 17 2 89 1 9
5 9 34 9 131 4 6
17 22 21 4 133 7 3
5 8 39 8 177 4 6
12 49 16 3 202 2 8
5 10 29 9 219 4 6
5 9 26 11 258 4 6
9 21 14 3 278 2 8
45 12 17 2 288 1 9
4 11 36 10 317 4 6
11 44 15 3 354 2 8
25 21 18 4 367 7 3
29 14 27 5 407 7 3
18 23 19 5 424 7 3
40 9 14 2 445 1 9
3 10 31 5 459 4 6
4 9 34 8 497 4 6
6 35 15 3 513 2 8
11 41 10 3 548 2 8
31 11 19 2 579 1 9
11 53 15 3 605 2 8
39 8 13 2 629 1 9
10 33 13 3 641 2 8
23 19 25 4 689 7 3
52 9 17 2 678 1 9
11 47 10 3 718 2 8
8 43 14 3 730 2 8
9 33 11 3 772 2 8
7 30 13 3 816 2 8
2 7 19 7 809 4 6
45 7 13 2 840 1 9
24 19 28 4 878 7 3
48 7 17 2 892 1 9
5 5 30 10 920 4 6
15 20 21 6 925 7 3
18 21 23 3 960 7 3
39 9 17 2 987 1 9
8 47 9 3 1027 2 8
44 10 17 2 1045 1 9
9 45 16 3 1070 2 8
18 18 17 4 59 7 3
27 14 21 5 115 7 3
23 21 19 4 125 7 3
18 22 17 5 151 7 3
61 5 12 2 167 1 9
10 40 16 3 194 2 8
13 45 14 3 229 2 8
43 8 16 2 246 1 9
49 8 16 2 279 1 9
