400
20 14 12 15 5529 58 11
30 18 34 15 3979 9 84
32 21 14 22 5033 97 8
25 31 38 14 3758 33 43
17 35 6 22 4262 30 91
37 37 35 4 4927 24 89
18 19 12 13 4815 32 42
27 39 21 21 4990 4 94
31 27 24 12 4407 12 56
29 38 27 21 5773 93 20
35 27 33 35 6408 90 3
20 20 30 16 3762 10 65
1 20 14 13 3737 25 68
39 29 19 26 3989 7 85
15 29 27 20 4743 20 42
24 21 39 31 5403 81 25
40 22 32 28 3696 33 56
29 36 21 15 3955 7 47
39 22 40 15 4696 6 73
29 34 28 16 5874 83 26
14 32 24 21 5810 78 38
14 44 21 23 5149 87 15
19 43 27 23 4862 5 60
15 43 34 16 5480 50 13
28 34 9 12 4342 21 54
33 16 6 25 3402 30 75
36 48 20 21 6627 58 9
22 38 19 10 3684 23 47
26 23 31 25 6554 87 33
24 31 18 36 5922 60 4
30 25 20 17 3468 37 70
39 29 30 7 5230 81 10
14 42 25 11 6292 49 18
17 22 11 10 4094 29 47
43 41 27 30 4764 14 76
23 37 24 31 5562 61 27
23 36 15 24 5111 45 10
8 18 20 2 3697 19 85
13 20 16 28 4852 30 85
42 26 28 8 4046 26 46
23 34 43 25 5866 77 7
39 18 19 33 5065 63 34
29 24 10 11 3927 14 68
10 33 19 6 5985 96 38
27 40 27 1 5710 52 10
25 26 22 34 6276 93 39
13 51 8 9 3822 28 86
13 31 12 17 3389 35 53
26 21 18 7 3426 7 96
27 40 45 33 3921 27 60
26 32 56 40 6539 51 20
5 43 22 15 4626 23 60
21 35 23 18 6265 86 8
36 38 6 17 4377 10 48
18 35 16 9 6316 66 6
41 35 22 15 4216 32 100
19 11 18 23 5591 92 11
29 44 23 5 6496 69 6
12 33 14 36 3657 19 66
21 35 5 18 3524 2 88
30 31 26 35 4648 31 51
24 27 23 18 4616 14 89
8 34 29 28 4841 26 86
20 44 19 24 3728 30 67
20 36 18 6 3588 1 54
39 37 25 21 4099 3 59
24 22 22 19 4144 12 92
36 27 19 6 6264 82 38
39 17 25 2 3446 10 65
23 15 18 32 3760 30 49
31 46 27 13 3794 38 49
16 41 9 20 5986 71 6
24 32 28 7 4162 19 80
31 40 39 18 5472 68 35
16 22 40 16 4184 24 77
39 31 21 15 4564 8 57
27 34 16 17 4372 32 67
27 37 35 25 6528 41 5
15 30 21 7 4227 4 51
37 50 19 8 5500 65 34
23 40 27 33 5843 74 5
28 33 17 10 3703 23 63
19 19 18 16 5166 81 39
30 26 11 27 5385 84 3
34 34 23 12 3410 32 63
20 40 29 17 6191 47 11
20 35 24 36 6216 65 32
21 20 19 12 6324 60 28
6 36 28 20 5847 50 25
29 53 20 15 6509 66 24
29 46 11 25 3657 16 53
42 13 43 11 3980 21 53
21 35 12 11 5228 55 3
37 44 19 16 5862 44 9
18 39 24 33 4295 1 50
32 38 20 32 5091 46 27
20 21 7 21 3686 12 86
27 26 26 9 6302 54 21
20 29 14 20 3835 1 98
38 34 5 27 4612 26 68
32 18 7 23 3998 5 75
21 40 29 7 3725 10 93
23 35 10 19 3508 26 66
14 39 7 14 3680 19 75
37 45 28 14 4615 4 67
42 29 42 7 3703 32 86
17 42 25 2 4272 14 53
21 36 23 20 6286 96 1
26 16 12 24 5332 77 12
58 26 3 23 3860 14 46
19 19 25 10 3959 40 92
37 40 32 1 6552 68 29
11 35 23 1 5244 54 36
46 54 35 1 6171 57 36
8 43 35 14 6450 100 10
26 26 13 27 4757 5 58
21 20 19 22 5847 41 35
42 30 2 11 3392 14 78
42 20 27 29 6554 78 29
31 22 41 18 6115 74 8
27 36 27 23 5839 63 17
28 40 21 13 4346 4 64
35 14 11 23 4256 34 60
26 45 34 20 4196 12 86
17 31 22 34 5326 53 21
39 53 28 23 6666 58 16
18 36 31 18 5658 45 32
33 32 33 20 5904 99 11
47 42 30 26 6268 68 12
37 31 22 7 4679 7 88
32 43 36 29 4934 12 77
37 21 27 6 4979 15 83
25 45 18 15 5490 72 11
18 21 31 19 6407 46 1
22 44 29 26 4520 27 91
31 25 19 20 3773 8 69
34 39 7 10 4778 8 54
30 15 21 14 3661 24 92
25 30 29 6 5209 71 14
31 37 12 22 5671 82 2
34 41 28 29 3502 11 98
31 15 20 11 5376 55 6
27 43 30 28 5295 77 32
28 29 20 17 6491 50 27
28 26 16 34 6048 60 27
17 18 26 16 5779 50 9
22 29 27 6 6183 68 36
23 32 26 26 6167 42 31
11 35 25 9 3560 6 63
30 30 31 26 5192 60 28
29 21 25 19 4676 34 71
27 31 20 11 5574 69 40
15 43 31 24 4900 1 78
31 34 29 24 6221 80 6
32 38 31 20 5881 76 27
57 32 19 40 6261 79 31
29 37 28 27 3933 33 48
35 39 1 24 3775 27 84
20 35 21 6 6567 42 9
19 32 20 35 5749 96 5
15 36 11 17 5763 74 17
27 32 19 26 3424 6 63
24 24 30 25 3885 5 67
42 23 12 23 4028 39 85
16 27 11 20 4672 9 50
24 29 20 40 6301 99 3
38 23 6 16 3384 20 80
28 41 41 19 4344 33 82
38 33 36 13 5196 71 14
33 28 21 15 5254 92 37
32 36 6 2 6086 86 5
19 41 7 21 5778 77 12
32 26 20 18 4386 4 67
7 34 29 24 5274 94 11
32 7 17 8 6214 48 19
25 25 11 22 4634 40 56
19 23 36 19 6603 58 19
16 29 26 19 5972 63 15
23 18 24 13 4624 34 94
19 29 20 14 5883 43 7
40 27 14 28 4160 28 96
26 34 35 13 6410 74 15
32 52 24 35 5381 100 32
19 28 24 10 4526 35 69
20 40 27 22 3710 10 58
19 43 13 21 4939 5 48
37 29 4 22 5206 92 36
30 31 17 18 5805 90 5
18 24 41 6 4423 16 53
28 32 21 10 6523 75 37
21 53 33 19 4604 35 55
17 38 28 42 4987 7 45
18 28 21 12 5033 64 33
40 44 25 12 5981 72 23
34 34 15 8 5200 69 25
53 25 28 23 5156 55 21
33 11 4 22 4793 4 45
27 32 31 24 5409 82 33
36 29 29 1 5290 49 11
26 20 15 13 5377 52 33
26 25 26 15 6018 92 24
33 36 18 13 5310 48 18
23 33 38 6 4105 27 44
39 41 12 20 6614 83 14
14 25 18 32 3492 10 84
50 28 24 26 6049 54 7
23 35 27 33 5740 93 13
21 35 36 19 4619 19 64
26 36 15 11 4529 8 64
26 6 30 46 3478 23 90
23 24 11 20 4762 21 97
21 30 30 2 4555 26 68
14 36 12 26 4637 28 52
45 17 16 10 4805 13 93
15 33 32 5 4987 1 90
23 22 19 7 3819 31 52
15 26 10 15 4311 33 61
23 37 24 14 6244 49 17
7 32 20 24 5544 71 13
14 34 28 12 3985 3 73
57 29 12 18 5555 85 1
15 36 27 33 3880 32 41
27 24 37 23 4058 31 57
27 29 23 20 5663 46 28
25 41 6 29 3512 30 54
21 11 18 23 4832 13 54
36 33 11 18 5540 58 2
22 44 12 4 4555 13 57
24 34 28 3 6302 88 21
17 33 6 4 4757 11 100
22 30 20 10 4315 19 50
29 30 21 21 4313 12 65
27 36 39 23 5277 55 21
16 31 2 14 4681 35 78
12 35 32 38 4162 9 79
31 35 15 10 4229 2 48
16 32 15 41 6087 83 37
28 50 16 23 5254 88 14
25 36 11 13 4437 29 60
14 23 11 4 6063 98 4
44 31 35 3 4022 26 54
37 36 15 16 5378 64 13
21 31 3 18 6365 100 19
16 38 20 34 5700 71 30
40 40 15 12 4334 39 74
38 17 4 25 6086 97 8
32 23 17 26 3739 29 63
31 23 22 9 4263 27 70
41 39 19 8 6382 95 30
20 51 36 20 4439 20 75
29 28 3 9 4574 29 85
14 43 15 32 5355 100 26
31 22 24 4 6136 71 9
17 34 25 27 4037 13 72
24 27 26 17 6063 45 35
26 41 16 19 4659 29 78
23 19 23 18 3899 33 93
31 36 12 19 3459 29 76
23 45 7 19 4231 25 83
32 49 14 3 4279 40 77
19 45 24 18 4799 18 98
20 17 19 39 4356 35 65
30 9 49 8 5752 55 25
31 37 12 9 3818 35 44
31 29 17 17 6394 85 19
28 47 16 18 5600 93 14
24 29 18 27 4816 2 62
31 18 16 18 3698 14 65
33 34 29 7 4379 26 73
21 21 31 21 5235 72 7
42 26 16 9 3847 37 68
33 38 20 22 4429 24 73
25 33 14 2 6444 47 5
38 24 14 22 5325 51 1
26 38 24 34 4147 22 70
9 24 23 29 6247 82 9
39 32 12 15 5444 98 3
41 37 29 16 4341 16 85
38 51 3 28 4459 7 69
30 38 22 19 4528 12 55
21 37 18 28 5351 82 5
25 42 15 21 5520 97 40
17 10 18 11 4702 16 79
20 53 29 3 6381 50 28
34 23 2 15 5673 56 30
33 29 25 31 6653 46 33
33 18 35 35 4165 14 46
20 52 40 2 4953 33 86
35 24 23 18 3844 24 96
26 22 5 29 4013 17 45
22 30 10 32 5965 81 33
27 23 20 40 6040 49 28
40 33 30 28 4613 23 81
29 32 24 22 5955 54 31
28 41 35 24 5335 78 30
42 39 20 20 5569 68 22
13 29 16 20 5357 78 24
29 14 8 9 6298 92 9
15 38 17 19 6402 66 25
23 31 11 14 6559 69 3
20 44 25 25 6363 71 36
29 36 11 17 4466 7 97
33 47 17 24 5764 83 14
6 43 25 16 4015 5 69
26 24 20 11 4879 33 91
11 20 10 13 4974 79 4
32 35 12 22 4658 3 98
25 30 20 39 3961 28 77
15 20 25 17 3608 10 77
23 26 17 26 4665 15 92
11 14 30 23 5661 87 30
23 32 27 15 6573 61 37
34 20 14 22 4366 2 83
17 46 36 45 4976 37 42
42 31 34 21 5658 88 7
23 33 30 7 3431 33 84
13 21 31 17 5458 87 35
37 34 26 4 6346 70 24
15 36 17 7 4319 20 51
30 22 15 10 5337 57 6
26 21 8 44 5757 59 13
16 26 11 32 5195 86 37
36 24 13 5 5423 100 3
15 17 27 38 5140 43 15
32 28 3 12 4436 26 55
23 28 35 24 5953 90 6
8 27 22 24 6565 58 18
22 38 25 11 6446 54 5
21 26 15 25 3553 19 53
27 25 9 27 4407 27 86
20 40 18 21 5298 90 10
24 36 40 37 5967 73 35
21 43 35 10 5421 55 17
23 5 26 34 4472 40 83
35 32 38 28 4080 19 99
26 38 24 1 5205 73 25
27 53 27 23 4233 3 61
46 26 13 5 5432 78 4
43 35 35 28 6507 80 21
16 22 21 23 5513 78 36
29 28 17 26 3516 28 78
10 29 30 16 3882 23 91
28 19 30 26 5114 52 2
3 13 16 42 4306 40 62
22 39 32 21 3838 25 94
33 34 26 19 6275 92 39
26 15 40 38 6588 62 6
39 25 25 25 3867 15 81
16 25 29 13 3604 32 84
31 31 18 20 3440 16 76
23 28 39 18 3580 27 63
22 18 24 11 6549 62 19
30 41 35 14 3477 37 90
16 23 24 21 4951 31 43
40 24 33 9 6168 87 36
30 40 21 32 6100 95 1
14 21 35 24 5415 44 7
27 40 2 8 5486 68 27
45 35 27 26 5356 93 32
37 48 29 21 3884 21 61
40 36 29 30 3727 25 96
43 35 17 17 4669 20 98
42 26 30 7 5346 46 21
25 34 27 15 5616 74 27
31 48 18 29 5885 86 21
35 18 22 10 5144 47 21
16 38 33 14 3636 19 47
38 26 16 21 5825 59 39
29 22 25 41 5413 73 17
26 25 27 19 4911 32 76
34 25 36 22 5159 83 8
24 25 17 16 5917 64 28
18 20 24 18 6515 91 13
17 29 21 21 5657 50 2
8 33 19 32 5016 59 9
27 37 20 3 4806 19 50
20 39 34 3 5215 91 18
30 29 14 31 5231 58 6
22 34 19 24 6608 88 39
27 42 25 23 5987 75 17
13 43 12 5 3864 30 54
39 33 37 26 5918 79 25
15 41 28 13 6473 85 10
14 47 28 9 4285 17 69
40 3 24 27 6624 89 10
25 31 22 13 4779 10 54
21 11 30 11 4005 35 49
34 19 21 26 4795 7 94
24 23 14 20 6329 82 3
5 54 11 23 6565 80 34
25 8 25 5 6360 84 17
37 19 22 19 3968 26 62
30 25 15 18 3734 28 82
11 17 19 7 5399 95 25
18 34 25 1 3591 17 79
39 18 13 27 5659 84 2
25 14 30 26 4094 22 99
45 12 14 14 5645 86 38
17 45 7 15 6523 93 4
14 22 22 33 5368 63 19