200
331 290 266 380 56000 10 31
347 266 202 346 28000 8 16
233 302 323 322 28000 9 14
261 239 364 208 14000 4 8
302 309 354 276 42000 14 17
358 366 330 229 56000 9 17
289 303 242 344 28000 8 6
262 213 221 339 14000 2 6
226 383 287 277 28000 4 11
367 225 206 287 14000 1 8
375 283 330 229 42000 6 17
318 322 225 270 28000 3 15
312 323 334 259 42000 7 23
233 323 323 236 14000 1 6
262 238 353 379 42000 4 26
203 296 266 358 28000 2 9
332 302 270 357 42000 5 18
278 229 346 337 42000 5 21
317 276 272 308 28000 4 9
263 359 358 239 42000 6 9
294 264 395 291 42000 13 13
228 357 387 288 42000 3 15
205 313 320 291 28000 9 8
378 343 319 341 56000 19 20
317 262 368 227 28000 7 9
307 255 347 202 14000 3 7
317 284 208 208 14000 1 7
279 244 233 381 28000 6 7
285 301 220 244 14000 2 5
365 334 359 369 56000 14 32
343 314 258 308 42000 11 24
311 358 210 214 14000 2 8
315 330 240 324 42000 13 10
335 206 358 321 42000 7 11
316 203 210 305 14000 3 4
381 263 353 394 56000 15 15
269 320 299 355 42000 7 23
299 263 351 242 28000 4 12
390 374 333 376 56000 19 35
333 354 391 246 56000 4 15
311 238 389 306 42000 12 17
379 273 250 228 28000 6 9
371 295 358 389 56000 13 27
386 203 228 231 14000 3 5
332 235 224 349 28000 8 10
210 369 391 233 42000 7 26
258 328 243 383 42000 6 22
205 370 291 358 42000 7 12
340 340 384 245 56000 5 23
345 225 360 285 42000 12 26
384 209 350 335 56000 8 12
368 204 200 230 14000 2 8
263 279 358 220 28000 3 15
292 335 386 281 56000 6 12
268 387 326 216 42000 4 11
202 382 212 226 14000 4 5
212 350 207 390 28000 3 13
314 220 206 263 14000 4 6
347 327 232 277 28000 3 17
371 390 311 368 56000 10 21
297 222 270 310 14000 1 4
372 376 218 348 56000 11 13
213 275 259 358 14000 1 8
230 294 399 214 28000 3 17
277 230 315 308 28000 6 12
300 375 316 218 42000 8 15
352 373 388 294 56000 8 15
329 289 314 323 42000 12 10
275 304 239 363 28000 5 7
321 225 213 321 14000 3 4
308 303 230 207 14000 3 5
354 237 281 313 28000 8 14
353 289 274 360 56000 5 19
251 368 379 275 56000 7 17
271 294 200 342 14000 2 7
245 254 229 277 14000 2 3
294 299 373 364 56000 10 35
328 282 377 218 42000 13 17
340 357 334 352 56000 14 20
307 316 355 306 56000 10 15
208 200 337 374 14000 2 3
239 397 266 227 28000 5 13
344 358 233 234 28000 7 10
278 242 255 263 14000 3 4
295 328 217 314 28000 8 9
315 366 283 212 28000 7 8
204 210 330 331 14000 1 8
258 287 296 262 14000 3 3
285 283 382 221 28000 3 14
339 308 303 355 56000 19 27
315 237 365 235 28000 2 13
232 335 340 392 56000 10 20
226 278 387 236 28000 4 15
320 322 306 368 56000 15 23
284 361 313 302 42000 5 21
317 231 370 244 28000 6 8
201 212 253 275 14000 1 8
242 285 377 206 14000 2 3
299 396 300 238 42000 9 16
261 265 218 234 14000 3 6
374 359 231 243 42000 7 19
208 237 257 255 14000 2 6
276 238 288 376 28000 5 9
239 382 246 392 42000 4 22
357 204 201 212 14000 1 5
279 343 295 269 28000 2 13
395 257 245 252 28000 4 15
339 213 347 382 56000 4 20
395 372 396 367 56000 17 32
267 260 248 396 28000 5 14
345 370 221 206 28000 5 16
241 221 363 242 14000 4 8
245 284 237 260 14000 4 3
385 226 383 342 56000 14 16
278 235 267 365 28000 5 13
330 217 339 286 28000 8 15
304 389 384 350 56000 7 30
388 346 300 240 56000 14 26
267 222 397 238 28000 3 11
210 313 387 321 42000 6 25
387 390 271 398 56000 12 21
252 224 317 322 14000 2 6
391 279 291 376 56000 5 29
322 231 235 399 42000 10 20
304 358 339 325 56000 15 24
354 322 326 345 56000 6 34
339 205 247 379 28000 8 10
297 336 350 267 42000 5 24
374 273 273 230 28000 8 17
331 363 218 264 28000 2 9
331 318 331 381 56000 7 27
246 390 234 211 14000 2 8
265 231 231 353 14000 3 4
327 264 393 312 56000 16 16
242 315 232 347 28000 5 11
273 373 351 262 42000 13 16
317 350 382 367 56000 4 15
375 304 349 207 42000 3 15
351 322 278 271 42000 11 26
287 331 268 395 56000 9 23
375 374 255 251 42000 3 26
302 204 377 339 42000 4 22
372 296 244 282 42000 4 18
330 272 214 216 14000 3 8
279 321 237 253 14000 4 6
372 298 389 329 56000 8 12
373 345 348 243 56000 14 12
221 256 358 329 28000 2 15
356 310 230 390 56000 19 16
309 226 304 252 14000 1 4
359 220 284 304 28000 8 8
226 367 296 201 14000 3 4
229 385 266 277 28000 6 9
220 387 333 390 56000 17 17
337 250 349 281 42000 10 17
387 327 319 213 42000 5 13
346 224 243 310 28000 6 8
358 258 334 257 42000 7 16
366 330 232 261 42000 4 26
375 393 212 394 56000 11 13
379 305 205 275 28000 9 17
364 346 366 300 56000 12 19
234 380 355 346 56000 12 31
286 297 246 213 14000 3 7
299 298 277 339 42000 4 18
288 327 281 376 56000 16 32
371 386 244 306 56000 5 14
296 254 365 202 14000 1 3
299 308 215 200 14000 3 6
341 256 240 201 14000 1 4
352 308 376 202 42000 8 13
347 226 210 328 14000 3 7
301 208 212 224 14000 2 6
349 270 285 249 28000 5 6
220 369 245 260 14000 4 8
297 200 278 322 14000 4 5
374 291 308 221 42000 7 25
224 207 215 292 14000 2 6
278 281 311 323 42000 10 12
241 213 307 276 14000 3 4
356 235 257 384 42000 3 26
375 337 243 363 56000 14 16
243 300 353 289 28000 5 7
285 232 380 383 56000 9 34
348 257 298 302 42000 7 18
397 338 262 320 56000 13 16
231 213 274 394 14000 3 5
365 235 262 342 42000 4 19
266 236 228 206 14000 4 3
216 388 319 252 28000 8 7
382 236 288 232 28000 9 14
283 389 283 283 42000 8 21
303 275 370 317 56000 19 24
298 286 384 241 42000 3 22
293 380 232 368 56000 18 12
316 339 357 371 56000 19 20
245 351 328 223 28000 6 14
335 242 254 243 14000 2 5
362 361 289 248 42000 10 25
255 344 211 385 42000 11 24
