150
156 186 278 255 15749 9 10
181 291 210 180 15749 2 15
265 274 278 279 31499 8 27
261 173 182 274 23624 9 21
218 216 238 222 23624 13 13
253 233 264 272 31499 19 25
202 171 175 272 7874 2 5
168 271 250 154 15749 2 13
268 209 288 164 23624 4 21
246 262 212 281 31499 5 23
177 211 201 265 15749 8 10
191 231 166 272 15749 8 8
287 163 163 282 23624 11 22
235 171 152 212 7874 1 3
180 189 201 268 7874 1 3
209 219 288 259 31499 4 29
208 297 245 242 31499 18 12
230 262 177 170 7874 3 4
244 216 297 216 31499 8 17
287 218 257 249 31499 10 31
201 274 160 235 15749 6 11
194 267 202 161 7874 4 3
265 270 231 271 31499 4 17
171 225 226 196 7874 4 3
282 215 158 291 23624 9 11
161 289 231 275 23624 4 25
259 187 234 252 23624 7 19
215 168 280 226 23624 10 11
252 212 153 193 7874 3 5
212 201 193 265 15749 8 17
243 222 230 177 15749 4 16
169 276 263 163 15749 5 16
211 199 238 168 7874 1 5
290 203 276 258 31499 19 28
258 280 265 238 31499 18 23
250 206 296 154 23624 4 17
284 244 270 270 31499 16 24
290 223 261 237 31499 15 32
151 223 196 232 7874 3 7
285 290 240 232 31499 7 27
268 215 184 174 15749 8 16
203 177 296 165 15749 3 11
267 249 291 171 31499 19 22
157 220 244 178 7874 4 6
165 156 191 159 7874 2 8
222 275 224 291 31499 14 25
278 162 167 248 15749 8 10
193 283 241 158 15749 4 14
163 170 255 230 7874 4 6
165 165 218 244 7874 1 4
153 196 242 178 7874 1 7
276 230 220 294 31499 17 17
208 150 282 181 7874 2 5
249 295 249 282 31499 7 33
228 193 267 175 15749 2 6
212 212 196 219 15749 3 8
270 232 239 226 31499 11 13
286 283 192 213 31499 19 24
281 244 273 279 31499 5 23
189 248 212 252 23624 14 26
185 178 260 256 15749 6 14
163 258 240 214 15749 8 11
165 205 165 242 7874 2 4
222 213 275 272 31499 7 18
155 257 205 210 7874 2 4
222 266 286 211 31499 8 19
238 292 182 262 31499 19 21
169 171 241 171 7874 3 4
241 168 252 280 23624 5 16
278 259 265 253 31499 6 27
296 190 203 178 15749 5 17
175 202 186 228 7874 1 5
155 157 151 189 7874 4 8
160 161 188 267 7874 2 8
207 264 211 297 31499 15 23
294 170 158 298 23624 10 16
227 170 247 176 7874 2 8
199 220 152 232 7874 2 6
298 243 226 180 23624 3 16
205 246 196 260 23624 8 16
253 178 272 233 23624 10 19
249 248 201 162 15749 9 17
150 287 184 203 7874 3 5
283 162 299 264 31499 10 28
208 209 271 200 15749 9 13
170 291 198 272 23624 6 19
292 286 219 240 31499 18 32
248 247 187 174 15749 5 15
193 221 286 281 31499 7 35
200 200 271 164 7874 2 6
194 192 154 208 7874 1 4
201 273 172 243 23624 8 25
204 274 226 241 23624 12 24
219 227 226 269 23624 5 25
186 209 217 229 15749 9 6
170 212 256 252 23624 9 15
298 231 252 244 31499 6 14
220 265 192 272 23624 8 26
178 195 192 238 7874 2 6
262 268 253 276 31499 7 14
282 168 272 207 23624 3 10
213 219 181 232 15749 8 11
182 197 200 219 7874 4 8
244 193 171 264 15749 3 10
266 191 232 295 31499 13 34
212 259 196 292 23624 8 20
285 293 249 204 31499 12 14
189 240 195 229 15749 7 7
223 217 183 235 15749 8 11
187 279 228 159 15749 6 11
223 228 274 162 15749 8 11
151 255 212 155 7874 1 3
283 175 284 166 23624 8 23
218 258 230 247 23624 8 23
298 157 220 218 23624 12 22
193 268 192 236 23624 8 25
215 246 214 195 15749 7 6
297 158 179 250 15749 3 16
161 230 233 265 23624 5 10
247 272 240 195 23624 13 10
156 240 230 175 7874 2 5
244 273 265 290 31499 12 19
273 204 239 172 15749 8 16
229 178 249 219 15749 6 10
170 209 262 237 15749 5 9
258 192 206 175 7874 3 7
234 181 197 181 7874 3 7
239 208 283 257 31499 12 17
180 273 172 241 15749 8 15
196 265 154 291 23624 3 9
234 207 249 294 31499 11 18
271 268 175 176 23624 3 15
168 218 181 159 7874 3 3
157 255 205 288 23624 8 22
175 267 221 203 15749 3 9
226 274 203 174 15749 4 16
175 201 160 266 7874 4 6
226 280 199 229 23624 9 23
239 280 230 209 23624 6 12
162 280 225 169 7874 1 8
281 220 185 299 31499 6 13
163 285 180 204 7874 2 7
284 247 292 189 31499 4 14
207 162 247 245 15749 5 17
183 208 243 164 7874 1 7
259 295 273 283 31499 13 22
158 188 284 296 23624 5 13
278 298 244 245 31499 19 28
289 178 179 260 23624 5 17
224 164 239 225 15749 9 10
