200
47 37 37 15 2776 60 22
21 27 4 33 2085 28 84
23 36 19 6 2529 83 1
28 20 21 25 2218 27 65
24 27 28 25 3293 99 1
28 27 28 20 2644 88 2
15 25 4 10 2264 24 80
29 23 22 34 2677 41 19
11 19 9 8 3033 49 20
36 45 29 11 2500 39 56
16 35 30 5 3065 59 35
46 38 11 26 2219 14 50
25 37 19 15 2721 42 12
28 29 16 12 1952 28 87
39 45 27 27 1806 26 80
25 34 16 3 2860 69 15
16 27 27 14 2218 34 90
13 37 19 13 3098 73 10
30 51 30 35 2792 94 7
30 37 27 11 2930 59 38
23 43 15 5 2019 28 46
36 9 17 21 3264 76 23
10 23 30 15 2617 65 15
34 15 3 7 1977 7 73
23 28 27 18 2612 45 22
32 24 15 23 2837 83 33
32 36 11 32 1792 6 72
33 16 25 19 2871 74 15
25 28 35 19 2642 49 24
39 36 36 3 2205 39 76
34 20 16 18 2453 3 54
33 46 34 19 2177 14 60
23 19 30 11 3100 99 1
24 39 28 20 2922 69 37
34 31 25 14 2390 38 69
20 24 23 20 3200 82 40
39 46 19 22 2708 44 16
11 35 17 9 2435 38 62
29 47 19 3 2915 95 26
9 36 29 15 2443 14 76
30 16 22 31 2370 8 44
36 27 26 20 2625 41 21
34 30 23 27 2416 33 92
29 34 24 18 2492 12 77
39 38 25 44 2778 47 7
22 37 39 17 2040 10 44
16 33 12 9 1787 25 99
33 28 21 25 3052 43 11
9 35 15 17 2132 9 100
34 34 19 46 2520 14 69
19 16 11 20 1920 19 81
30 43 15 21 2936 72 4
47 45 40 22 1991 2 100
17 35 26 27 2782 79 1
22 33 37 22 1905 1 65
13 29 11 31 2126 31 99
22 24 13 16 3274 90 31
21 34 15 14 2195 5 90
21 30 32 12 3102 96 18
28 37 9 12 2771 86 23
30 22 25 31 2607 65 6
7 31 8 26 2214 33 72
14 12 26 25 3327 55 3
43 19 29 4 2169 23 45
22 27 45 20 2069 4 86
24 23 1 10 1711 35 79
14 36 24 12 2108 1 89
28 32 37 24 2945 100 22
28 39 12 26 2810 93 24
10 23 33 6 2251 3 80
29 18 23 22 3266 45 9
25 29 21 31 2957 90 19
22 25 17 8 2785 78 37
35 32 12 6 2189 36 78
15 34 21 19 2900 63 35
14 35 25 17 1756 31 43
29 25 1 13 1970 13 98
28 39 13 4 1866 10 68
36 43 22 17 2383 9 72
29 33 18 13 2406 40 70
11 38 4 16 2150 29 44
30 25 5 6 1831 5 43
28 30 17 13 3316 51 32
29 35 13 19 3292 86 3
27 38 43 34 2870 95 14
23 14 37 8 1734 40 98
29 29 16 27 3135 86 28
20 49 40 3 2965 90 12
23 40 15 27 2524 16 61
35 29 12 6 1804 25 81
8 35 11 20 1880 34 77
15 36 2 4 2516 65 9
26 28 10 22 3288 53 9
26 33 24 18 3043 95 22
17 22 13 13 2058 14 74
25 27 9 14 3052 49 9
29 13 28 10 2041 21 88
28 20 7 10 3066 67 36
20 45 15 11 2871 42 14
34 44 27 27 2250 27 97
40 40 26 26 1843 22 78
19 24 27 15 2030 17 62
20 33 22 25 2351 3 56
36 25 39 16 2359 9 55
13 63 10 8 1773 27 56
31 47 34 27 2297 1 50
26 47 11 14 1796 30 95
27 42 17 38 2073 22 46
4 39 23 23 3105 99 39
38 33 4 6 2745 41 9
23 30 12 18 2492 20 48
39 37 5 30 2623 55 28
8 27 27 11 1751 1 84
23 44 21 6 2620 65 28
37 30 23 18 2328 33 94
23 19 34 4 2441 37 70
11 26 1 24 2991 85 5
29 32 38 39 3317 96 39
7 24 16 9 3117 54 6
15 21 8 31 2270 1 70
26 43 52 13 3198 58 15
36 32 30 9 1746 40 54
16 28 38 35 2259 4 72
42 24 31 25 2560 7 92
30 9 12 23 2970 100 37
16 43 35 18 2871 45 4
40 33 32 40 2275 36 92
27 28 15 15 2612 99 17
30 19 17 10 2073 34 49
19 25 30 7 1867 33 61
16 42 30 22 3013 90 31
48 33 24 17 2672 44 8
27 29 28 19 2740 92 23
33 27 25 17 3199 86 26
38 32 14 12 3191 44 17
23 37 2 22 3318 53 35
33 44 15 20 1879 27 85
17 32 25 6 1994 21 64
27 24 18 20 3194 55 18
33 26 17 9 3219 85 4
24 34 18 25 2409 36 59
23 31 10 16 2802 49 30
14 48 28 43 3280 88 40
27 28 29 27 3315 62 40
46 45 25 24 3410 91 27
19 40 5 16 2158 36 80
10 34 29 19 2947 75 17
22 35 33 18 2479 3 52
20 40 11 15 1957 14 100
18 33 14 29 3170 56 24
35 32 8 23 2952 63 17
31 42 19 12 3153 72 28
38 35 27 35 1879 32 84
26 27 26 11 3067 95 23
30 33 28 6 2030 7 49
21 38 19 20 3358 90 33
31 37 32 5 2087 30 67
25 35 27 23 2801 43 15
47 38 25 11 1983 25 64
19 26 24 25 2040 28 100
35 29 23 17 2769 96 25
26 32 15 11 2495 12 85
32 42 17 13 2001 27 46
17 16 16 3 2413 40 70
32 33 19 6 2307 16 78
23 30 24 8 2541 91 31
16 37 20 15 2081 6 83
26 37 10 12 2222 15 93
52 26 23 21 2989 51 25
19 36 18 39 2374 23 97
38 38 28 27 2429 2 82
36 25 39 18 1821 2 100
31 24 42 29 1962 22 74
10 36 35 24 2934 49 19
22 26 28 17 3271 64 22
10 55 30 16 2404 5 98
9 38 17 10 2422 20 67
18 35 22 30 3102 75 24
47 45 31 20 2242 38 50
19 34 14 29 3031 65 27
27 37 18 5 3308 42 28
26 48 22 12 2449 8 42
24 39 46 20 2601 64 14
28 26 18 4 2583 83 15
34 29 33 29 3370 43 13
26 38 22 28 1771 8 54
26 45 20 26 2930 45 29
41 47 30 23 1954 4 41
24 26 24 6 3066 79 40
16 24 36 22 3172 99 19
19 27 24 34 2920 53 21
47 6 43 24 2897 68 2
37 37 15 48 1875 33 64
30 36 26 22 2109 38 81
23 15 17 7 2491 28 55
31 30 27 5 2376 34 48
12 34 13 29 2513 8 49
15 34 12 17 2373 35 67
18 34 7 29 2234 39 86
40 39 10 20 2073 13 92