100
145 183 150 136 10500 5 21
172 137 139 197 14000 7 25
159 171 173 144 14000 9 31
164 156 155 168 14000 10 28
120 184 128 109 3500 4 7
176 103 132 151 7000 9 13
177 108 114 122 3500 2 6
111 175 111 101 3500 4 6
137 184 100 129 7000 4 17
130 156 131 125 3500 4 7
184 122 199 114 10500 8 26
114 170 112 195 7000 2 9
169 157 103 146 7000 6 8
127 158 129 178 10500 4 22
156 126 150 178 10500 7 20
162 180 141 105 7000 5 6
101 170 154 139 7000 7 15
168 130 142 190 14000 7 18
113 155 181 153 10500 7 14
187 189 157 103 14000 6 14
114 120 191 148 7000 7 10
185 146 105 164 10500 13 26
101 172 188 196 14000 4 22
167 136 187 152 14000 18 22
150 169 192 169 14000 16 26
188 155 134 185 14000 8 27
186 158 100 175 10500 13 12
119 111 137 136 3500 3 8
170 181 158 175 14000 19 17
129 180 184 157 14000 17 35
155 139 152 132 7000 2 15
154 186 190 116 14000 17 22
157 128 117 163 7000 8 7
189 125 166 131 10500 14 15
121 131 167 187 10500 7 23
163 106 159 199 10500 10 11
165 155 110 181 10500 14 10
190 147 148 163 14000 18 17
163 118 135 109 3500 4 3
168 139 130 115 7000 5 8
130 162 137 166 10500 8 10
162 109 173 101 3500 4 5
115 162 152 164 10500 5 25
121 185 171 122 10500 7 9
149 191 149 129 10500 7 23
112 169 153 195 14000 14 18
164 105 145 174 7000 4 6
192 128 141 142 10500 4 23
138 118 134 107 3500 1 5
107 180 185 131 10500 10 9
197 127 125 136 7000 9 9
170 173 183 129 14000 13 25
151 195 166 178 14000 9 12
162 111 140 124 3500 3 5
110 146 135 141 3500 4 7
142 129 121 184 7000 8 11
146 168 197 103 10500 13 21
166 183 191 106 14000 8 27
129 158 115 100 3500 4 7
102 119 143 109 3500 1 5
144 146 150 122 7000 8 10
196 182 189 156 14000 17 27
123 122 131 119 3500 2 4
177 172 143 135 10500 11 10
167 146 131 124 7000 8 8
146 167 114 111 3500 1 6
124 129 146 184 7000 8 15
145 190 195 143 14000 9 15
194 119 102 105 3500 2 7
122 128 163 160 7000 7 6
153 131 134 154 7000 5 10
159 126 116 140 3500 3 3
125 135 146 116 3500 1 7
102 170 191 116 7000 3 14
161 107 130 127 3500 3 7
154 131 136 112 3500 2 4
188 128 166 152 14000 12 28
158 152 119 198 10500 9 24
162 122 158 126 7000 9 13
167 176 186 101 14000 10 20
130 124 119 173 3500 4 3
185 181 119 194 14000 11 32
107 116 120 179 3500 3 6
174 113 118 105 3500 2 4
113 136 131 144 3500 2 5
118 111 146 150 3500 1 4
178 106 150 135 7000 8 11
197 126 153 105 7000 8 12
176 169 131 162 14000 5 20
100 165 132 196 10500 3 16
174 118 105 149 7000 6 6
171 148 177 159 14000 12 35
100 141 172 193 10500 3 10
124 149 141 149 7000 6 11
107 159 188 157 10500 12 11
134 142 169 174 10500 4 16
115 180 194 158 14000 12 14
132 190 114 128 7000 8 15
121 153 137 130 3500 1 5
162 125 157 161 10500 4 12
