300
19 29 40 46 6555 5 8
18 47 14 30 2179 4 4
19 42 30 44 8018 1 8
28 23 18 17 4013 4 1
28 26 33 13 2950 1 4
32 40 49 17 6086 7 5
41 19 28 10 6565 5 3
36 45 44 25 4484 4 2
10 31 30 47 1949 6 4
47 27 30 46 1176 8 3
41 41 22 24 318 6 4
43 27 26 14 6628 8 5
10 23 17 18 7939 7 3
43 17 26 45 4740 6 7
32 25 26 12 1340 2 2
19 13 24 48 7177 5 1
13 11 13 49 8919 2 2
29 44 42 10 3994 3 7
42 40 17 34 2383 1 1
11 31 24 33 9437 7 7
30 45 18 13 331 3 1
25 23 18 24 7047 1 6
48 14 22 11 7023 1 8
41 17 36 35 7974 1 6
45 18 46 37 7116 8 1
38 28 31 17 114 3 3
24 17 40 15 8129 5 5
20 22 18 44 6571 1 1
26 29 28 31 5585 3 1
26 20 28 19 5773 5 5
45 42 38 29 1184 4 3
49 34 34 34 6869 3 4
24 15 27 18 5458 5 8
36 36 41 47 4448 4 6
22 16 34 36 5164 7 6
47 43 13 37 2831 1 4
25 23 49 13 9004 3 2
48 43 26 11 4495 4 3
31 14 19 12 4256 5 8
29 31 37 10 8342 5 2
34 11 23 26 4863 7 3
38 11 43 39 8463 7 6
49 41 23 17 2423 2 6
35 21 11 25 3241 2 8
23 18 25 20 1825 7 7
41 28 17 43 5956 4 6
18 33 11 47 3323 1 2
45 24 41 18 876 7 2
27 12 13 31 2893 1 5
25 27 16 30 1462 6 4
10 37 13 17 7896 3 7
13 11 15 38 3672 8 2
16 48 16 11 141 4 6
24 36 28 34 3962 2 7
47 15 25 41 5377 2 1
15 31 30 19 6227 7 3
44 35 24 25 4626 4 1
13 17 44 48 5298 1 2
24 13 42 38 4778 2 2
28 48 14 49 8555 8 6
40 45 10 29 5498 4 1
44 37 36 31 2305 5 8
21 20 23 43 4313 1 1
43 25 33 33 1019 1 4
23 14 10 15 9097 7 8
17 32 10 14 3782 1 1
25 26 30 41 8446 4 3
23 16 36 27 4370 1 2
32 38 27 31 2650 1 3
38 30 23 36 2986 5 4
48 11 11 15 4523 3 3
38 17 30 48 8761 4 5
29 44 49 46 4579 4 4
36 15 34 36 7576 6 3
14 43 46 23 7352 4 1
49 47 44 32 7079 1 8
38 39 36 34 6872 4 4
10 17 24 16 3857 4 7
26 39 17 17 3758 1 4
41 33 10 47 843 2 6
22 11 38 18 8573 3 1
14 19 13 30 8645 4 6
13 29 32 44 1726 5 4
30 11 13 22 4270 1 2
27 49 24 15 7368 6 1
47 33 44 36 5440 8 6
16 32 46 49 6746 2 6
46 19 33 47 2604 3 7
37 48 10 25 2044 6 3
46 11 47 27 8094 7 1
13 41 32 47 5084 2 7
36 21 27 11 8067 1 2
31 42 22 42 9020 1 3
49 32 10 24 1529 5 4
32 30 26 19 5862 6 3
19 24 39 45 2047 4 3
34 35 32 29 5771 3 3
43 19 34 25 4376 1 1
14 22 12 32 9264 5 7
24 16 23 49 520 3 8
42 44 18 40 1242 3 3
19 42 16 48 9474 1 1
10 23 33 25 5189 4 8
10 18 43 49 9245 2 1
46 27 42 10 7659 3 6
47 49 22 22 3870 4 4
30 27 44 22 7681 3 1
31 19 39 10 8205 4 4
30 38 15 28 3047 2 1
12 31 39 20 8580 3 2
21 43 16 42 6880 3 3
46 28 33 35 7977 4 4
13 39 31 30 3841 4 2
27 44 47 21 5857 2 4
37 30 40 10 1907 2 4
32 30 27 13 5380 3 6
41 38 19 28 5540 2 6
30 22 31 21 3007 4 3
48 15 34 39 6337 6 4
22 31 39 20 5976 2 4
47 37 28 45 3607 1 8
16 25 39 30 7003 2 4
41 45 27 31 4090 1 4
24 37 17 18 9282 7 5
17 12 14 30 6796 3 7
40 40 35 39 3912 4 2
22 36 13 33 2240 4 1
45 19 27 32 2782 1 1
49 30 47 39 4166 3 1
24 44 29 31 5210 2 1
13 38 20 23 2406 5 2
48 32 35 48 2976 1 3
43 25 46 20 3070 6 6
44 23 47 32 4858 2 2
43 44 34 16 739 1 2
27 34 28 25 3195 4 4
46 32 20 33 6509 1 8
32 49 26 39 7418 2 1
42 34 47 25 6952 5 5
36 39 38 11 8417 3 3
31 33 10 21 8879 7 8
35 15 16 39 559 6 1
38 26 14 40 4903 5 2
44 18 16 25 7855 3 4
10 10 30 47 3928 6 5
37 35 44 42 8858 7 8
17 48 22 30 6257 6 1
33 16 38 20 6766 2 6
36 28 21 47 6927 2 2
10 32 21 25 4616 3 1
29 47 20 40 471 1 2
18 36 36 40 916 8 5
18 46 45 14 4917 5 2
16 13 17 39 4351 7 6
29 38 46 44 713 4 4
39 49 26 27 2268 8 6
36 24 34 11 8389 8 6
31 18 15 25 3817 3 3
39 47 20 30 1539 1 3
17 31 19 12 1031 2 2
17 13 46 49 8284 4 7
46 26 47 14 6351 3 5
18 23 21 23 395 5 2
31 17 45 11 1600 2 1
48 39 24 33 7077 4 3
49 46 24 35 976 6 7
23 11 16 27 3547 1 4
30 17 46 44 4217 4 2
47 17 42 40 3170 2 1
35 37 36 39 2019 6 8
34 35 15 42 3138 1 1
23 19 40 17 9155 4 1
32 26 49 43 6694 7 8
12 27 23 22 3440 1 1
11 23 10 49 5255 2 2
23 21 38 17 1889 2 8
45 44 28 42 6166 8 3
15 31 19 13 7129 4 3
35 34 43 14 4883 1 1
48 42 25 41 6444 4 3
35 37 39 45 8195 5 4
11 38 46 32 4310 3 4
46 40 24 25 5200 2 3
14 21 25 44 2727 8 6
32 49 30 42 6403 8 6
31 12 35 46 5512 1 4
16 37 30 45 5829 2 8
27 32 38 36 431 5 6
31 48 16 49 310 1 4
13 25 20 10 986 3 1
42 42 33 10 5753 3 8
23 35 24 21 3216 8 4
12 29 41 43 3638 3 2
25 19 34 24 4534 8 1
25 36 40 35 1682 5 5
29 20 43 21 671 1 3
35 16 21 44 7756 1 3
40 23 17 35 4029 6 4
16 47 17 38 6124 5 7
45 34 33 25 9082 6 3
25 12 27 30 6023 3 4
44 41 31 27 4244 2 6
48 47 42 17 9366 5 4
17 36 13 16 1635 5 1
12 21 12 34 7715 8 1
44 45 29 20 4096 1 3
11 27 30 24 2502 1 1
32 38 42 27 3634 8 1
31 37 47 48 9181 4 1
49 46 41 42 8615 4 6
29 40 33 14 5843 5 7
47 16 48 15 3256 8 4
21 42 41 47 734 7 7
24 24 42 22 6614 8 5
14 37 49 26 2205 7 4
39 38 12 33 466 1 2
41 11 13 17 9094 4 3
46 26 48 22 6889 2 4
24 42 10 35 8424 7 5
33 30 37 41 9138 7 5
21 37 44 28 8091 2 4
47 18 45 38 1426 3 1
35 45 30 10 5714 4 8
35 42 38 37 1345 4 2
43 11 35 16 7012 7 8
40 17 36 36 203 6 4
38 20 21 26 7402 2 1
17 37 35 42 6495 4 4
33 18 39 48 8332 4 2
12 39 27 21 3418 7 7
36 33 31 15 2350 2 3
20 34 20 38 8056 8 8
17 48 12 15 5635 4 4
17 34 12 21 5704 7 7
32 35 19 33 8713 8 6
47 40 16 36 8378 8 6
22 18 18 41 336 3 2
36 29 10 18 8779 7 7
27 12 49 15 6916 4 1
33 39 11 25 4401 5 4
41 25 36 48 1091 7 7
40 20 36 39 7754 7 2
46 26 42 23 5367 8 5
12 44 49 26 2458 2 3
34 29 24 45 8977 1 4
38 24 48 49 7520 8 8
19 11 38 31 3119 3 2
39 28 44 12 3019 1 7
42 48 23 45 1429 4 2
24 20 34 12 1647 6 5
12 45 31 25 2149 8 8
35 30 28 43 4299 8 4
15 15 19 20 8750 2 1
15 22 29 26 1860 5 4
20 11 48 24 4993 2 8
40 17 21 38 9404 6 5
23 13 32 39 2083 2 3
46 11 17 27 6592 3 1
42 17 28 19 1799 3 1
14 33 37 31 2862 8 6
12 47 30 37 9057 1 7
17 31 47 30 8212 2 4
28 28 13 25 9307 1 1
40 44 44 20 5644 4 3
37 16 35 45 8183 2 1
35 49 30 24 2124 6 7
26 43 13 10 6361 4 4
18 44 19 21 5968 1 1
48 25 37 23 8738 1 2
27 26 36 26 1752 8 6
42 13 31 44 3522 3 7
42 40 38 21 423 2 1
29 36 30 18 639 7 7
23 29 40 32 9349 1 1
48 25 19 10 9452 3 2
13 30 36 15 3768 1 2
34 32 41 45 3064 3 4
37 13 17 14 8477 1 2
31 13 40 42 6208 8 2
16 10 49 31 8931 7 2
14 37 25 15 4105 4 2
16 43 28 13 171 3 1
47 20 15 47 1619 1 8
46 33 35 11 7220 2 7
10 26 28 48 7649 1 5
19 44 31 30 2794 2 1
45 33 21 45 2478 5 2
43 27 22 13 4312 4 4
33 37 38 20 5964 3 4
42 34 11 37 2764 5 6
15 34 36 34 3753 4 6
47 22 11 11 4837 4 1
40 36 35 34 4601 2 3
26 32 33 44 2937 1 1
33 25 36 10 7020 2 3
39 14 15 34 840 1 3
12 42 14 36 4484 1 3
33 20 21 11 9448 5 1
36 46 49 35 8196 3 2
13 45 36 48 5668 7 3