250
427 444 383 402 87500 9 33
433 436 360 464 87500 10 31
352 342 389 454 65625 7 11
400 315 490 326 65625 9 9
395 257 483 279 43750 9 15
326 340 410 410 43750 9 13
261 262 386 414 21875 2 6
349 316 421 271 21875 4 6
281 310 317 486 43750 7 14
352 286 465 490 87500 18 21
341 262 286 263 21875 4 7
429 499 346 380 87500 14 16
278 483 333 472 65625 4 11
382 391 461 408 87500 17 13
491 499 280 339 87500 6 23
265 281 467 403 43750 9 11
262 326 415 485 43750 3 9
343 328 396 486 65625 6 12
326 483 330 255 43750 7 6
470 270 421 455 87500 13 34
265 358 444 408 43750 3 12
389 304 343 461 65625 5 18
347 366 383 346 43750 4 12
473 283 317 491 65625 12 14
324 491 274 274 21875 4 6
334 457 483 493 87500 11 26
470 256 420 442 65625 11 25
355 493 327 275 43750 4 16
372 390 459 361 65625 5 12
335 325 447 466 65625 7 19
318 419 459 258 43750 5 11
252 342 277 297 21875 2 3
435 282 416 393 65625 9 26
321 377 309 290 21875 3 8
418 438 474 254 65625 7 20
304 485 434 441 87500 14 31
261 382 411 282 21875 2 3
331 373 367 443 65625 9 17
457 274 330 484 65625 12 19
423 288 390 418 65625 7 22
307 315 250 344 21875 2 5
488 481 409 441 87500 10 35
440 488 440 404 87500 18 20
380 437 286 279 21875 3 3
261 319 417 394 43750 2 14
315 344 472 340 43750 4 9
259 473 469 377 65625 3 22
253 262 472 367 21875 1 8
287 390 347 444 43750 6 15
312 350 396 300 21875 3 3
448 277 484 307 65625 13 21
382 484 355 301 65625 4 11
431 443 376 482 87500 7 20
254 495 330 333 43750 3 13
477 414 447 474 87500 16 20
436 333 254 291 21875 4 8
404 303 351 276 21875 3 6
324 282 342 421 21875 3 8
267 396 486 404 65625 10 13
409 361 339 420 65625 7 10
396 271 347 343 21875 1 4
412 443 418 490 87500 18 22
333 333 310 474 43750 6 13
490 334 362 332 65625 7 24
334 271 382 286 21875 1 6
286 292 377 290 21875 2 3
275 491 450 373 87500 7 19
468 411 410 397 87500 5 23
444 382 384 344 65625 12 9
489 440 257 463 87500 16 12
470 442 290 304 65625 6 26
384 381 456 405 87500 5 27
355 276 302 253 21875 2 7
324 467 413 366 65625 14 23
401 433 326 269 43750 5 8
372 370 304 306 21875 3 4
484 460 255 449 87500 15 25
262 318 421 344 21875 4 8
385 373 414 448 87500 10 18
492 388 258 478 87500 6 17
478 310 368 459 87500 11 13
281 362 269 305 21875 1 6
258 386 371 421 43750 7 6
319 422 344 367 43750 7 13
312 361 285 488 43750 5 9
316 278 431 423 43750 8 11
466 335 362 309 43750 9 9
329 274 441 418 43750 4 10
433 406 318 417 65625 6 24
357 381 371 363 43750 4 9
495 338 457 322 87500 10 34
335 498 330 404 65625 9 21
443 372 382 251 43750 2 12
309 343 327 368 21875 4 3
431 319 469 425 87500 12 35
435 290 292 483 65625 12 22
325 397 354 315 43750 7 17
398 333 459 313 65625 4 22
340 354 269 291 21875 1 3
314 284 300 399 21875 1 3
367 472 275 293 43750 3 15
257 373 350 429 43750 7 6
331 374 256 447 43750 3 13
452 322 306 438 65625 7 24
437 342 297 403 43750 8 12
373 276 376 369 43750 7 14
292 300 424 412 43750 5 9
309 494 339 276 43750 3 15
411 312 310 304 21875 4 4
368 437 273 269 21875 4 6
398 411 340 469 87500 10 28
478 286 294 381 43750 4 13
317 401 333 384 43750 2 12
486 398 337 465 87500 13 12
432 321 331 279 21875 4 6
454 413 398 422 87500 13 35
286 401 453 305 43750 5 16
424 491 438 370 87500 17 32
408 366 413 310 65625 14 12
479 423 267 464 87500 6 26
410 282 342 488 65625 6 20
454 299 439 485 87500 5 14
471 428 273 281 43750 7 8
412 464 317 409 87500 13 23
485 368 434 426 87500 16 34
395 397 336 428 65625 14 23
376 306 329 404 43750 9 11
436 452 306 364 65625 5 20
276 397 307 340 21875 3 7
323 293 405 424 43750 4 8
477 321 379 308 43750 8 9
466 430 469 449 87500 6 31
296 402 318 339 21875 4 5
419 315 388 327 43750 4 10
435 483 261 290 43750 6 11
387 487 485 250 87500 8 15
365 438 449 344 87500 12 19
376 454 470 406 87500 19 16
391 358 497 429 87500 4 17
371 368 456 402 87500 18 18
330 291 470 268 21875 2 8
362 356 402 393 65625 10 15
345 453 480 305 65625 6 24
363 425 265 418 43750 3 15
441 279 489 322 65625 3 15
369 383 371 480 87500 13 26
393 252 277 360 21875 2 5
440 295 386 445 65625 12 9
253 458 256 375 21875 1 4
407 448 395 494 87500 7 15
395 482 268 373 65625 14 21
299 263 434 321 21875 1 8
470 466 400 463 87500 5 15
481 383 365 354 65625 10 13
317 498 433 294 65625 11 20
349 317 301 459 43750 9 9
397 415 378 412 87500 5 33
440 326 337 269 21875 1 8
435 318 399 302 43750 9 13
374 270 470 256 21875 3 8
404 368 496 303 65625 13 23
411 491 273 416 87500 16 23
489 443 468 389 87500 19 24
496 389 250 333 43750 7 10
289 298 482 346 43750 5 15
410 469 341 427 87500 11 20
377 389 480 333 65625 6 21
295 372 475 384 65625 7 24
320 325 396 271 21875 2 8
313 497 393 472 87500 8 23
283 448 382 404 65625 4 14
329 346 283 481 43750 5 13
281 361 446 298 21875 3 4
406 347 420 383 65625 7 15
348 320 308 265 21875 1 5
424 366 470 425 87500 19 23
383 401 257 342 21875 4 4
319 436 265 351 21875 4 3
354 426 445 303 65625 10 20
314 404 369 449 65625 10 20
374 477 488 402 87500 12 21
370 451 253 284 21875 3 8
328 415 464 309 65625 6 9
466 274 287 296 21875 4 7
287 444 492 455 87500 18 24
315 367 355 307 21875 3 3
315 439 374 432 65625 6 21
346 343 430 277 43750 9 14
467 409 384 498 87500 7 34
462 481 279 447 87500 14 34
379 418 456 394 87500 4 31
329 391 253 456 43750 8 15
434 338 395 268 43750 6 17
345 356 364 299 21875 1 3
286 379 452 313 43750 7 8
336 443 310 287 21875 2 5
298 354 345 495 65625 14 13
371 444 319 253 43750 8 17
419 358 310 477 65625 5 9
278 319 304 425 21875 3 8
385 366 433 365 65625 13 14
375 341 292 335 21875 4 3
409 281 454 324 43750 3 9
432 469 402 338 87500 14 21
260 451 252 356 21875 1 8
342 438 475 464 87500 8 16
484 281 446 281 65625 11 10
454 442 277 416 87500 12 14
357 276 364 368 21875 1 3
348 399 301 469 65625 6 20
340 319 456 371 43750 6 15
388 367 337 468 65625 8 16
266 264 422 365 21875 2 3
388 254 309 302 21875 3 7
263 283 255 338 21875 3 3
369 381 435 422 87500 7 31
420 471 434 254 65625 11 14
423 330 383 315 43750 8 10
252 250 257 271 21875 2 4
282 411 362 318 21875 3 8
391 279 274 446 43750 9 9
309 405 414 283 43750 2 17
270 334 374 360 21875 4 4
416 339 462 377 87500 18 27
274 341 302 342 21875 2 6
489 338 348 446 87500 17 15
336 297 375 465 43750 2 14
251 466 296 412 43750 9 7
272 385 263 311 21875 2 7
428 395 270 444 65625 12 23
395 382 447 281 65625 7 15
388 296 370 486 65625 11 18
484 291 371 457 87500 16 31
466 443 310 435 87500 10 15
381 394 378 468 87500 5 34
448 297 303 408 43750 5 7
419 264 479 340 65625 4 25
379 408 480 396 87500 14 13
370 322 294 368 21875 1 6
434 286 308 293 21875 2 4
488 485 468 264 87500 11 15
270 374 439 354 43750 2 15
481 328 296 427 65625 7 20
486 312 364 381 65625 11 19
426 258 370 375 43750 7 14
420 350 465 498 87500 17 21
355 332 385 393 43750 8 17
259 323 379 340 21875 3 7
317 293 267 293 21875 3 6
261 282 379 321 21875 2 3
