500
27 38 47 13 12511 7 3
45 24 12 11 11401 3 1
42 43 23 14 15839 3 1
37 16 22 24 8840 1 8
30 36 49 26 9298 6 6
35 15 16 38 9395 1 2
40 12 28 45 5890 6 5
11 39 10 34 1471 4 3
15 19 41 26 12098 7 5
12 33 24 37 8089 1 4
11 48 13 43 1819 3 1
10 25 33 46 14607 8 2
43 14 46 25 4701 7 8
26 24 15 10 4951 4 8
16 11 38 11 2807 3 2
17 32 49 41 2484 3 2
28 47 48 22 3131 8 6
15 19 43 36 13338 4 4
18 38 11 21 3484 5 4
25 48 39 16 7668 2 5
29 17 33 32 3718 1 4
25 14 40 49 7946 5 4
13 30 43 18 7355 5 4
43 25 42 25 5723 1 7
13 29 37 34 8463 2 2
45 47 44 32 7761 6 1
20 31 39 26 8616 2 7
32 14 20 28 7696 8 5
34 36 48 23 5278 2 3
23 26 14 23 8995 1 3
45 30 11 15 12689 7 1
46 16 22 38 14454 5 3
42 29 24 14 10803 5 3
37 26 38 25 6757 3 3
24 34 21 43 10137 4 2
35 18 35 40 10050 3 6
41 24 40 41 10289 8 7
20 42 20 23 5533 3 1
20 15 24 34 255 8 8
22 20 21 38 4281 2 7
13 12 13 19 12708 5 7
45 31 13 46 7046 2 3
11 18 31 29 10430 6 3
14 47 48 38 13529 7 3
25 39 20 39 14318 5 4
30 40 38 33 11390 8 2
46 11 33 43 2995 4 1
37 32 49 12 10220 8 3
47 49 35 28 9375 5 6
49 18 22 33 3591 5 2
41 15 43 36 6231 3 2
36 25 27 48 14416 2 2
32 14 34 23 3259 4 3
20 42 32 31 8304 2 4
15 34 40 40 10401 1 3
11 39 45 44 8351 6 8
25 29 26 19 7531 7 5
42 34 38 37 13796 7 2
49 12 31 33 10719 3 4
28 20 14 26 5220 1 1
12 31 26 26 2078 5 8
32 34 24 10 10147 3 6
23 47 32 32 5998 7 5
31 26 31 36 3627 3 1
33 38 15 11 9703 6 7
20 36 21 13 5298 6 6
20 16 22 11 1733 1 1
45 10 41 29 4882 3 1
48 45 42 19 1249 5 6
27 14 44 46 13676 3 4
47 19 48 15 13819 1 1
14 48 36 31 7807 8 1
19 26 33 17 8946 3 4
46 22 19 21 1652 5 5
38 29 42 14 4174 1 2
25 19 45 17 12855 2 2
21 19 16 24 15648 4 1
48 27 39 39 6533 3 2
40 46 11 38 3558 8 8
29 41 35 17 15206 4 2
39 42 42 24 6978 3 2
29 37 21 33 4115 5 3
24 26 28 40 5930 2 2
17 30 20 45 7099 8 7
35 36 13 45 7991 1 2
44 15 40 42 8699 3 3
38 38 45 43 9629 2 4
17 40 42 31 14638 7 5
47 39 33 28 2026 3 2
48 19 22 33 15127 6 3
37 37 21 32 13491 4 3
34 26 14 11 7032 6 6
30 45 46 34 15837 2 4
45 45 31 14 8432 7 4
18 15 45 12 2230 8 4
20 23 27 34 9231 3 3
22 49 44 20 1173 3 2
22 32 30 46 8052 2 8
36 14 48 11 2310 3 7
33 22 26 13 15224 4 4
25 33 18 48 1448 2 3
35 42 41 36 1307 1 4
47 41 37 44 4058 1 4
15 13 49 38 2796 6 8
27 37 27 16 2151 3 3
13 24 42 18 5005 2 4
43 24 15 22 11615 1 1
49 25 17 45 4397 2 8
44 40 20 23 13629 2 3
44 33 40 30 9342 2 8
22 43 33 12 8186 4 2
26 47 28 36 14020 2 4
39 12 25 43 13031 1 1
40 47 33 44 10818 2 1
32 23 26 16 14196 1 4
17 25 41 10 7216 6 2
12 22 16 11 1201 4 8
22 11 27 46 3945 7 4
33 49 47 31 10663 3 1
28 40 38 49 8400 8 2
31 15 31 25 12688 2 2
10 38 15 45 11535 4 1
47 38 42 36 2545 4 2
22 35 41 46 12785 2 3
45 49 41 28 13984 2 4
17 24 14 17 1049 1 3
29 44 31 26 3463 5 8
42 24 18 35 9176 1 1
21 48 30 17 10186 4 4
18 47 19 36 5151 6 3
37 23 45 11 5104 1 8
45 37 18 25 9762 4 1
20 22 45 31 3606 1 1
28 17 20 20 9836 6 5
15 10 35 39 11799 5 5
35 22 47 20 12913 7 6
26 42 29 20 160 3 6
17 34 41 47 13169 7 1
41 15 24 32 8294 6 2
30 16 12 15 9692 6 4
48 12 42 34 13865 3 3
12 18 38 10 8626 8 1
21 45 32 35 12139 8 5
35 21 32 44 10094 6 4
38 41 39 29 3011 2 4
28 32 25 46 7262 6 4
17 29 28 32 4922 4 2
27 30 11 22 6644 2 1
15 40 26 17 13821 4 3
10 38 34 38 2689 6 1
44 11 45 34 5223 1 1
14 45 42 48 9221 4 4
10 40 31 13 14176 3 2
19 11 16 20 11251 3 4
32 30 36 30 8611 3 3
41 16 34 19 8108 6 6
43 39 38 33 6366 1 3
13 47 33 36 10325 8 6
42 37 31 12 3679 1 2
44 27 38 20 1799 3 1
18 17 33 13 8747 6 5
47 24 34 43 9321 2 1
35 18 23 39 9034 2 1
10 44 10 25 10496 4 4
21 12 44 14 4243 7 7
19 26 32 26 12630 3 5
27 24 26 47 7146 7 3
33 11 23 46 9536 7 2
17 11 14 44 7575 6 3
11 22 10 41 9907 7 8
46 30 10 26 7310 2 2
12 36 39 34 1717 8 8
21 48 48 36 10758 3 5
28 34 47 28 1066 8 8
29 29 38 30 8777 8 2
32 25 28 25 14479 7 5
41 17 13 43 8217 6 8
31 10 44 20 7375 8 1
36 13 18 49 1631 5 4
26 37 39 13 13272 2 4
22 29 21 37 6719 3 2
15 23 19 13 13424 3 3
14 16 42 32 8843 2 2
46 48 35 48 1765 7 1
39 32 43 15 2979 2 4
31 15 41 25 8940 3 1
34 34 44 10 1856 1 4
36 37 29 47 7512 3 3
33 26 35 43 1808 1 7
40 46 23 43 8883 2 5
41 37 32 11 9254 4 3
49 41 16 24 11425 1 5
19 18 34 43 4229 1 1
32 45 47 42 15594 3 2
12 26 19 47 3674 7 7
48 37 14 48 3595 3 3
33 36 20 39 8530 7 7
45 31 27 32 11039 1 4
33 46 47 32 13459 2 5
10 47 41 35 392 4 2
14 17 31 32 15159 1 5
31 27 13 31 15860 1 6
23 43 45 31 10865 7 3
45 22 38 37 5760 5 4
15 47 11 36 13107 1 3
27 24 12 48 10963 3 3
17 21 26 19 9197 1 7
22 15 31 10 671 6 8
23 28 26 23 15829 2 2
37 47 35 15 11667 5 7
36 18 32 20 6744 7 2
30 20 40 44 2383 7 2
39 12 34 22 6837 3 3
27 17 45 43 4744 3 8
11 38 40 26 1905 4 1
14 16 45 32 9263 3 6
49 14 42 41 7897 6 2
10 24 49 47 6659 2 1
48 15 14 49 14867 3 3
34 30 25 22 7284 7 7
34 14 45 18 11635 4 7
23 17 44 13 8939 8 5
34 31 36 27 9490 7 7
49 47 16 45 6799 5 3
19 49 41 22 5258 3 2
15 33 48 12 12237 1 5
28 28 45 34 10530 2 5
26 20 32 49 15731 3 6
40 20 37 28 6997 2 2
13 13 28 40 925 6 3
33 32 45 42 1792 3 1
15 15 14 33 13677 1 1
42 41 31 21 2710 1 1
16 43 43 29 10906 6 3
41 15 17 26 2907 3 3
31 35 32 10 5638 5 5
11 43 20 34 5145 3 1
20 47 32 37 6724 1 6
40 24 15 39 11838 2 3
35 12 41 44 13477 1 2
29 42 45 39 9153 6 1
18 14 29 18 13547 5 2
26 30 15 25 4422 1 2
12 12 16 29 12971 3 5
19 28 19 13 7794 4 4
12 13 37 47 2135 6 6
15 25 17 34 15432 5 4
36 39 14 36 4151 7 3
37 33 23 35 1951 1 4
46 43 38 25 10555 2 7
43 19 49 27 3160 7 8
43 41 33 25 1846 3 3
28 20 42 20 4538 5 6
43 24 40 32 11442 4 3
26 14 31 16 9866 8 7
33 36 16 49 134 1 6
46 29 33 22 12042 2 1
25 48 20 48 12293 7 1
45 38 14 39 10467 1 2
49 35 44 49 591 4 3
26 14 27 48 12092 3 4
47 34 12 27 12657 8 7
46 36 34 41 13759 6 4
44 41 21 37 14355 8 8
19 20 10 27 2929 4 1
28 15 24 43 2566 6 7
28 17 29 19 729 3 3
24 40 16 12 11109 2 5
19 24 22 31 6081 4 4
49 43 40 12 1960 6 2
18 11 26 40 12604 6 8
36 48 36 30 13002 5 2
22 29 13 26 5820 3 7
21 23 29 30 11793 1 2
49 45 17 28 1022 4 7
21 19 11 13 13957 2 3
42 32 48 25 9677 7 8
32 22 42 28 2394 3 3
45 23 38 21 9928 4 1
20 16 40 43 12889 3 1
10 33 46 27 7337 5 8
47 25 45 29 2857 7 2
12 12 46 43 11878 2 3
30 40 30 33 15239 3 5
33 22 18 28 9213 3 2
28 17 25 43 14279 7 1
45 28 15 42 14596 2 2
37 20 16 13 13015 4 2
49 14 14 38 11231 5 7
37 25 43 35 2038 4 2
44 43 10 45 4626 1 6
43 27 37 23 873 5 5
31 33 37 34 15273 2 8
21 21 26 15 10615 1 3
22 45 17 47 6939 3 4
39 39 16 31 4082 7 7
44 11 12 33 4359 4 4
15 25 44 26 15436 1 3
20 10 15 42 850 4 6
27 29 24 24 6409 6 4
27 31 32 11 9178 1 1
46 40 33 48 10971 4 1
41 48 14 27 6560 4 1
48 44 16 49 1533 2 3
45 12 21 25 13655 2 1
40 44 21 16 9643 6 3
17 24 21 24 6806 2 2
22 16 43 44 8088 1 2
15 49 24 12 13340 8 5
43 44 17 47 11309 2 1
47 42 39 42 6494 2 8
11 46 39 23 12706 1 4
36 11 18 45 2010 4 2
38 35 26 28 10934 1 8
14 44 14 14 3251 4 4
23 47 28 29 12835 2 4
38 11 35 15 489 1 2
36 20 31 16 4008 2 4
27 16 17 23 5225 1 4
46 10 47 43 11891 2 4
26 15 41 35 4026 2 4
10 31 11 42 531 4 2
41 22 26 45 10600 8 5
38 35 43 43 4581 7 6
37 27 40 21 12559 5 3
30 34 39 13 7709 6 4
13 23 18 48 7465 5 5
36 38 36 27 12344 1 2
19 41 14 39 14794 2 2
19 38 38 35 8734 7 8
11 12 13 18 8418 2 6
35 34 14 15 8545 1 7
24 32 46 26 13573 1 4
46 44 25 20 3002 1 3
47 15 20 46 14066 7 4
30 26 39 29 7326 4 2
12 38 14 11 10336 4 2
20 19 23 14 4819 2 4
32 40 42 46 3837 2 1
34 46 10 23 602 1 4
25 35 44 41 13670 6 8
44 24 28 33 15534 2 5
35 11 43 26 6896 5 7
16 38 33 19 8236 1 4
28 47 25 41 661 1 1
19 19 10 48 14875 3 3
35 16 40 35 13831 8 1
49 22 43 20 10785 2 7
39 39 45 43 1948 3 8
40 41 46 31 12771 4 8
31 35 10 45 4527 1 4
10 34 23 37 11097 4 7
42 24 26 12 6243 5 3
42 25 26 17 12674 1 2
25 42 29 35 11357 7 8
47 27 17 22 2257 8 6
13 20 43 37 548 2 2
46 17 49 14 2052 5 6
28 29 42 10 883 4 8
44 15 35 31 5297 4 1
32 34 48 13 1083 4 1
28 34 45 33 6870 4 6
42 38 18 39 9742 8 2
10 16 32 11 2426 4 4
36 23 37 42 15806 3 2
31 49 20 15 10198 1 2
10 46 28 13 8307 5 6
25 25 26 41 2093 3 1
22 27 40 34 5794 3 2
17 40 12 41 10988 6 8
44 49 15 25 14745 2 3
28 22 40 18 11127 1 6
25 30 20 30 1441 1 6
10 45 35 37 11140 4 3
44 20 22 37 2603 4 3
33 15 35 17 8840 2 3
30 10 25 48 8061 3 2
20 37 16 16 11028 2 2
19 23 33 49 4037 4 4
18 12 22 40 14907 1 5
38 22 34 21 6768 1 4
11 24 19 24 13193 6 5
41 31 33 43 3791 5 7
12 20 38 25 5966 8 6
22 33 15 28 7005 4 2
20 39 48 15 11453 1 1
38 24 20 34 8174 1 7
49 32 40 31 1683 3 5
41 31 41 35 4186 8 5
49 36 12 44 12469 3 1
45 38 42 45 1344 4 2
24 12 43 42 7417 8 2
41 42 33 21 6951 4 2
29 25 31 18 4890 3 6
32 40 48 29 5698 5 1
26 42 41 19 12797 6 3
47 23 19 43 7021 4 2
24 20 45 40 15061 2 3
43 14 21 49 1582 8 4
31 26 45 45 11471 4 3
39 27 46 40 12012 5 1
14 38 35 13 994 7 2
35 34 14 33 825 3 2
45 47 16 19 2276 5 6
14 45 10 49 9791 1 5
40 12 30 49 7856 8 7
32 16 48 46 2406 3 1
47 43 43 14 211 6 2
32 36 48 32 8140 2 1
30 16 15 23 14241 2 2
42 34 17 45 5422 7 5
14 47 11 24 11012 6 6
11 44 26 10 10346 8 5
46 21 44 35 13328 5 4
38 32 20 34 14682 2 7
15 20 14 37 11164 7 6
49 11 12 40 3377 1 2
27 24 37 34 4778 7 5
39 36 34 40 11760 1 4
46 41 30 29 5063 2 4
46 45 14 20 11950 3 5
37 31 32 43 7652 7 7
11 23 26 24 14133 3 3
35 26 35 30 1757 2 3
33 12 46 14 13416 2 4
11 23 25 15 7776 4 6
10 42 47 11 1353 1 4
29 10 27 10 10847 2 2
41 40 22 10 12130 3 2
18 36 49 34 4745 1 1
39 46 27 11 10626 7 5
48 37 44 43 5465 3 8
23 38 19 46 15360 2 7
10 29 31 47 3081 1 1
11 24 30 41 10471 1 2
37 33 38 40 9971 5 7
12 20 44 21 5300 3 2
15 49 29 10 2088 4 4
10 15 22 34 2941 7 4
30 40 45 27 558 3 6
44 11 14 28 3109 7 6
39 27 16 42 15058 6 2
27 31 43 43 3988 1 5
47 35 27 47 5580 1 8
41 20 43 48 15501 1 4
15 44 34 42 436 3 1
24 45 36 33 12651 3 1
47 18 37 22 6195 7 4
34 19 27 22 12942 4 2
31 39 21 13 14368 5 6
47 30 11 23 5285 5 7
26 26 23 14 13245 6 5
34 38 19 39 8501 1 3
27 49 24 16 3437 1 6
10 17 13 24 12317 5 2
42 39 34 14 4051 3 2
38 23 20 26 8262 5 5
44 28 21 43 11626 3 3
35 31 12 18 6622 1 2
27 20 38 14 9167 4 4
11 44 41 36 4987 2 5
15 34 30 33 2811 2 1
21 25 45 22 14156 8 1
30 20 17 30 4619 1 1
18 40 18 35 10191 3 1
45 21 38 43 6687 3 3
12 23 22 38 1903 3 4
36 24 22 15 8006 8 8
34 19 32 15 13122 4 4
43 47 13 21 4484 5 7
29 36 33 40 3899 3 8
46 15 30 19 4941 2 8
47 47 18 10 14648 3 5
46 45 48 38 12586 1 3
37 33 28 11 6963 3 3
31 13 43 32 12943 4 1
44 36 15 13 5538 2 4
42 13 46 20 8491 5 6
18 27 44 19 15467 2 3
21 13 35 10 5895 1 1
36 12 25 19 9463 8 6
34 18 46 46 3748 4 6
32 32 37 36 12447 3 8
14 39 10 26 14818 7 7
26 11 44 40 7642 3 1
33 21 41 29 14732 4 3
13 29 17 38 6173 6 7
44 41 19 42 5262 1 2
21 25 37 23 770 1 8
15 44 34 18 12030 7 5
37 10 11 38 11909 3 6
31 16 16 41 4463 5 6
29 42 22 16 14404 2 4
13 46 24 45 13427 1 8
28 15 21 23 1879 8 7
14 48 36 16 6815 3 8
22 48 15 15 9602 1 1
22 49 16 36 4352 6 2
19 41 22 42 13382 5 1
33 36 14 24 12212 3 4