350
3 12 25 11 87 4 6
17 20 22 6 79 7 3
48 9 16 2 116 1 9
5 6 29 6 159 4 6
15 21 25 7 165 7 3
9 37 10 3 190 2 8
49 9 16 2 202 1 9
22 19 19 5 233 7 3
11 34 16 3 254 2 8
4 8 33 9 241 4 6
16 16 15 3 297 7 3
39 11 14 2 301 1 9
5 10 40 8 347 4 6
11 44 11 3 353 2 8
5 11 33 7 368 4 6
55 9 16 2 376 1 9
9 54 12 3 407 2 8
19 19 22 5 424 7 3
5 11 35 6 453 4 6
5 10 33 5 482 4 6
4 8 41 8 492 4 6
8 30 13 3 511 2 8
10 46 17 3 527 2 8
3 7 26 11 561 4 6
19 17 13 5 557 7 3
40 11 16 2 588 1 9
22 25 23 4 607 7 3
45 7 16 2 632 1 9
55 12 15 2 676 1 9
5 12 21 9 673 4 6
12 37 12 3 697 2 8
8 39 18 3 728 2 8
51 9 14 2 730 1 9
8 26 10 3 737 2 8
6 12 28 5 779 4 6
22 18 19 4 815 7 3
4 8 28 7 839 4 6
6 7 29 11 847 4 6
5 10 37 9 867 4 6
11 47 19 3 888 2 8
49 12 12 2 899 1 9
10 36 17 3 922 2 8
16 20 17 6 951 7 3
4 11 26 13 983 4 6
23 17 22 4 973 7 3
3 11 29 12 1010 4 6
4 9 32 9 1036 4 6
5 10 30 10 1059 4 6
8 47 12 3 1071 2 8
9 39 11 3 1093 2 8
17 20 20 6 1104 7 3
36 10 10 2 1147 1 9
5 10 29 8 1158 4 6
12 43 19 3 1192 2 8
7 38 14 3 1206 2 8
24 28 18 4 1222 7 3
6 8 28 5 1253 4 6
16 19 18 4 1267 7 3
23 22 21 5 1292 7 3
19 20 16 4 1310 7 3
5 9 19 6 1334 4 6
9 41 15 3 1338 2 8
19 14 16 5 1372 7 3
11 19 29 4 1379 7 3
9 44 16 3 1411 2 8
46 8 12 2 1443 1 9
4 9 35 10 1458 4 6
61 9 17 2 1467 1 9
39 11 15 2 1508 1 9
33 10 16 2 1511 1 9
9 47 12 3 1548 2 8
5 8 35 13 1571 4 6
18 15 23 5 1582 7 3
19 18 24 4 1620 7 3
37 14 10 2 1633 1 9
23 21 17 4 1626 7 3
65 13 17 2 1665 1 9
21 18 12 5 1694 7 3
37 7 10 2 1717 1 9
12 25 19 4 1740 7 3
23 28 20 5 1762 7 3
46 9 20 2 1784 1 9
5 11 31 10 1766 4 6
6 9 34 9 1815 4 6
40 9 11 2 1824 1 9
11 47 18 3 1856 2 8
3 6 29 9 1893 4 6
9 41 14 3 1899 2 8
39 11 15 2 1942 1 9
6 12 23 12 1939 4 6
4 9 24 7 1963 4 6
6 32 19 3 1985 2 8
17 18 31 6 2006 7 3
26 19 23 3 2018 7 3
50 12 14 2 2039 1 9
7 12 23 6 2057 4 6
5 10 34 8 2069 4 6
6 9 30 10 2108 4 6
22 20 20 3 2133 7 3
20 14 15 5 2155 7 3
62 11 11 2 2163 1 9
11 37 14 3 2199 2 8
38 12 12 2 2224 1 9
5 6 38 12 2259 4 6
46 10 12 2 2240 1 9
38 10 13 2 2291 1 9
4 10 37 10 2279 4 6
4 7 40 10 2311 4 6
32 10 12 2 2340 1 9
5 13 23 12 2358 4 6
10 39 10 3 2369 2 8
49 10 12 2 2394 1 9
3 15 29 11 2423 4 6
21 19 24 6 2442 7 3
4 9 34 12 2464 4 6
21 18 17 3 2479 7 3
37 12 14 2 2509 1 9
57 10 19 2 2536 1 9
3 8 23 9 2546 4 6
10 54 16 3 2573 2 8
19 14 17 6 2600 7 3
5 10 20 11 2617 4 6
5 9 41 8 2617 4 6
9 40 16 3 2665 2 8
36 7 19 2 2683 1 9
22 22 23 6 2686 7 3
17 17 24 5 2695 7 3
50 10 17 2 2744 1 9
46 8 18 2 2782 1 9
8 41 14 3 2781 2 8
10 30 12 3 2811 2 8
31 13 16 2 2804 1 9
4 9 36 9 2837 4 6
30 6 12 2 2841 1 9
60 10 9 2 2878 1 9
2 8 27 9 2899 4 6
54 13 13 2 2919 1 9
20 22 25 4 2949 7 3
29 12 17 2 2971 1 9
44 8 8 2 3002 1 9
7 8 39 11 2999 4 6
48 10 14 2 3042 1 9
37 9 14 2 3048 1 9
15 20 20 4 3071 7 3
8 36 13 3 3105 2 8
43 9 17 2 3112 1 9
15 18 22 3 3119 7 3
51 9 19 2 3167 1 9
6 6 33 6 3174 4 6
9 41 16 3 3206 2 8
8 59 14 3 3242 2 8
25 15 19 4 3239 7 3
52 12 16 2 3255 1 9
10 43 18 3 3302 2 8
71 11 12 2 3304 1 9
33 7 15 2 3327 1 9
4 10 28 10 3344 4 6
17 15 18 5 3358 7 3
42 10 17 2 3391 1 9
4 9 35 11 3398 4 6
5 10 32 6 3426 4 6
11 50 16 3 3433 2 8
47 8 11 2 3477 1 9
9 30 11 3 3492 2 8
55 12 15 2 3512 1 9
4 9 16 10 3532 4 6
42 8 13 2 3547 1 9
7 43 12 3 3585 2 8
54 10 11 2 3603 1 9
38 8 16 2 3612 1 9
38 8 19 2 3651 1 9
4 10 28 10 3651 4 6
9 38 16 3 3671 2 8
4 11 38 11 3707 4 6
4 11 27 7 3725 4 6
8 39 13 3 3738 2 8
44 10 11 2 3751 1 9
13 54 12 3 3792 2 8
17 21 19 4 3794 7 3
53 11 12 2 3825 1 9
37 10 12 2 3863 1 9
4 8 23 8 3856 4 6
61 10 10 2 3889 1 9
3 10 30 13 3910 4 6
25 15 18 4 3925 7 3
10 39 17 3 3955 2 8
23 22 16 6 3975 7 3
22 19 15 6 3997 7 3
33 11 15 2 4010 1 9
12 47 12 3 4033 2 8
10 49 18 3 4050 2 8
46 8 17 2 4072 1 9
7 36 14 3 4103 2 8
4 10 34 10 4112 4 6
59 6 15 2 4143 1 9
43 11 15 2 4156 1 9
3 8 44 8 4201 4 6
10 45 11 3 4212 2 8
8 48 17 3 4228 2 8
16 19 25 3 4239 7 3
24 19 17 5 4275 7 3
49 9 11 2 4282 1 9
6 9 24 7 4287 4 6
18 20 21 6 4334 7 3
4 10 21 7 4365 4 6
51 7 13 2 4355 1 9
21 17 22 6 4386 7 3
53 12 15 2 4440 1 9
10 33 16 3 4429 2 8
56 7 14 2 4454 1 9
9 41 15 3 4478 2 8
7 50 13 3 4483 2 8
5 7 25 12 4535 4 6
55 10 14 2 4545 1 9
17 19 27 3 4571 7 3
53 9 17 2 4593 1 9
9 32 13 3 4602 2 8
4 6 23 12 4628 4 6
11 40 18 3 4652 2 8
17 19 26 5 4674 7 3
12 43 11 3 4694 2 8
8 33 12 3 4696 2 8
3 38 12 3 4740 2 8
9 44 18 3 4761 2 8
11 42 17 3 4774 2 8
13 47 18 3 4784 2 8
10 33 15 3 4808 2 8
54 8 7 2 4831 1 9
17 19 17 4 4864 7 3
17 17 23 5 4864 7 3
11 30 15 3 4903 2 8
13 58 14 3 4936 2 8
19 25 23 5 4933 7 3
45 9 19 2 4957 1 9
5 9 25 6 4983 4 6
9 52 13 3 5016 2 8
4 11 26 11 5036 4 6
23 25 23 5 5030 7 3
3 10 36 8 5047 4 6
24 23 22 5 5106 7 3
46 11 8 2 5107 1 9
19 24 22 5 5141 7 3
57 9 14 2 5155 1 9
6 9 26 9 5167 4 6
4 11 28 9 5210 4 6
4 11 37 9 5225 4 6
27 17 14 5 5235 7 3
23 20 14 3 5259 7 3
48 9 15 2 5273 1 9
5 12 18 10 5307 4 6
23 22 15 4 5314 7 3
4 8 35 12 5350 4 6
47 7 16 2 5356 1 9
4 9 32 11 5390 4 6
7 13 33 9 5397 4 6
11 34 12 3 5416 2 8
10 38 8 3 5446 2 8
9 28 16 3 5465 2 8
9 49 11 3 5489 2 8
11 48 16 3 5505 2 8
8 44 21 3 5531 2 8
10 32 14 3 5542 2 8
25 23 21 5 5579 7 3
5 9 20 8 5603 4 6
6 8 30 7 5623 4 6
5 13 35 8 5645 4 6
3 11 25 7 5663 4 6
6 12 20 11 5678 4 6
10 54 12 3 5710 2 8
20 22 12 4 5718 7 3
12 51 18 3 5718 2 8
13 33 13 3 5773 2 8
22 20 16 4 5789 7 3
13 35 13 3 5803 2 8
72 8 13 2 5827 1 9
4 6 37 9 5856 4 6
15 26 9 3 5861 7 3
10 48 12 3 5891 2 8
37 9 16 2 5899 1 9
19 21 27 5 5924 7 3
19 15 22 5 5949 7 3
54 9 17 2 5971 1 9
6 8 33 7 6014 4 6
5 12 34 8 6008 4 6
25 22 12 5 6027 7 3
38 9 13 2 6034 1 9
25 20 20 5 6074 7 3
57 11 12 2 6111 1 9
52 10 11 2 6124 1 9
21 19 17 4 6143 7 3
18 20 18 5 6156 7 3
4 14 23 9 6181 4 6
5 10 38 11 6199 4 6
3 10 28 15 6220 4 6
12 32 10 3 6257 2 8
4 9 27 13 6265 4 6
6 11 20 9 6286 4 6
10 47 14 3 6309 2 8
11 40 17 3 6328 2 8
5 9 37 10 6351 4 6
8 47 7 3 6367 2 8
5 8 25 8 6400 4 6
22 15 18 5 6411 7 3
53 7 14 2 6439 1 9
13 32 16 3 6461 2 8
9 38 17 3 6484 2 8
22 16 17 4 6500 7 3
6 40 15 3 6508 2 8
4 9 24 9 6539 4 6
4 6 30 13 6554 4 6
23 9 14 2 6579 1 9
10 22 14 3 6600 2 8
25 17 17 4 6612 7 3
8 42 13 3 6653 2 8
25 20 27 4 6663 7 3
5 7 18 12 6685 4 6
8 27 16 3 6726 2 8
49 11 16 2 6723 1 9
16 19 23 5 6741 7 3
2 10 27 7 6766 4 6
9 42 13 3 6795 2 8
9 16 14 3 6819 2 8
54 10 16 2 6839 1 9
4 9 34 12 6862 4 6
4 9 27 10 6870 4 6
3 7 33 8 6914 4 6
6 11 23 11 6917 4 6
4 10 25 6 6937 4 6
3 7 29 11 6959 4 6
21 14 20 4 6993 7 3
48 9 13 2 7007 1 9
18 20 26 7 7036 7 3
12 29 11 3 7058 2 8
18 19 13 4 7075 7 3
19 21 18 3 7080 7 3
14 18 20 3 7096 7 3
33 11 14 2 7126 1 9
8 34 8 3 7159 2 8
44 10 8 2 7166 1 9
5 10 30 10 7196 4 6
45 9 21 2 7209 1 9
10 37 12 3 7222 2 8
8 51 14 3 7244 2 8
17 26 18 5 7274 7 3
22 23 13 4 7307 7 3
5 14 44 10 7326 4 6
9 33 13 3 7328 2 8
20 14 19 5 7370 7 3
9 41 15 3 7359 2 8
7 34 13 3 7394 2 8
