100
35 17 40 7 1424 65 36
21 27 13 35 1229 7 50
34 34 22 21 1202 16 42
32 40 15 17 1031 4 56
21 14 19 18 1000 39 69
41 45 18 20 919 24 41
28 29 13 38 1040 25 79
17 25 6 9 1185 13 67
29 34 36 9 1345 51 7
30 16 8 6 1329 72 38
37 51 13 18 1456 86 33
24 20 21 16 918 30 85
38 44 32 24 1075 4 47
12 22 28 6 885 29 81
37 65 6 21 1127 10 82
33 37 32 11 1450 51 17
19 36 10 28 1207 3 73
31 39 19 32 1690 74 33
17 46 15 8 1310 77 18
33 46 27 21 1444 53 37
27 47 11 26 1410 60 9
5 40 25 18 1181 18 43
8 26 17 8 1410 91 8
30 30 12 17 1397 48 22
16 64 46 27 1528 45 29
22 23 27 38 1623 79 12
20 41 21 21 1530 58 27
26 43 4 20 1205 9 98
23 27 2 13 1185 32 50
32 33 9 28 1483 87 27
18 31 19 10 1452 73 23
27 32 30 14 1342 67 37
28 50 21 15 1589 69 26
33 57 21 19 925 32 91
22 13 28 13 1325 65 34
33 36 18 3 902 36 66
34 15 29 16 1557 67 25
15 15 14 7 1592 77 38
17 17 8 40 1021 26 52
12 44 14 24 1520 63 29
58 26 1 14 1325 96 26
27 3 20 20 1057 21 98
20 37 12 14 1601 99 30
19 32 6 14 918 2 86
22 25 34 17 1193 22 42
21 34 9 23 888 7 98
29 30 23 18 1123 11 88
18 33 25 19 1464 49 36
38 40 25 29 1165 33 54
11 35 10 27 1648 72 17
26 36 28 30 1229 5 47
31 28 17 15 1023 29 63
36 34 23 12 1022 38 71
31 14 17 31 1241 33 57
22 25 8 21 1649 43 31
39 32 28 16 1150 5 55
27 30 17 31 1199 8 41
30 24 25 36 1491 43 30
31 16 26 22 1072 7 47
35 43 24 11 996 7 64
31 43 22 10 1427 98 38
19 34 25 13 1625 89 19
20 30 20 7 1452 79 30
24 29 20 11 923 9 77
37 29 4 18 957 9 51
6 22 10 17 1466 84 26
20 28 9 9 1340 87 4
14 28 8 5 1450 99 23
17 40 22 16 943 23 72
30 41 25 10 1531 68 18
25 48 28 22 1127 29 91
16 38 9 35 1054 27 79
29 33 27 29 1397 43 15
20 41 29 27 1184 7 51
19 27 27 11 1331 79 30
27 40 7 7 1082 32 44
16 32 19 11 925 40 42
18 13 1 6 934 22 67
10 26 22 19 1271 75 18
43 34 14 7 947 16 92
13 26 27 23 1050 12 90
26 21 21 24 1395 58 27
34 27 32 15 1316 87 19
27 31 52 23 1513 61 37
11 14 12 9 876 3 45
23 33 12 34 1273 88 26
32 21 33 16 1277 71 29
13 39 5 22 1176 25 59
24 31 41 28 1353 95 38
18 28 17 17 1079 33 64
23 18 19 13 1095 12 46
25 27 1 15 1123 32 57
24 43 19 15 1585 66 23
14 45 1 26 1214 23 52
31 36 21 25 1351 84 1
13 12 19 16 1504 51 29
34 29 11 18 924 23 83
20 17 28 19 1222 18 82
40 29 20 34 1270 34 42
17 43 26 27 1046 27 83