300
15 69 49 54 35874 3 6
14 68 38 56 51581 4 4
14 71 54 47 49992 3 4
14 66 30 47 40044 3 6
16 79 49 44 25017 1 4
15 84 30 45 7558 2 5
20 72 44 58 46386 5 4
15 100 44 49 30847 2 4
16 69 49 40 20290 3 3
20 71 52 60 27448 2 4
14 95 47 54 27365 2 4
17 62 40 50 4211 4 4
12 50 44 46 17464 4 5
17 87 42 50 2780 4 6
15 79 30 50 5568 5 5
14 62 44 46 53828 1 4
14 63 44 47 51121 1 4
14 67 35 47 40375 3 5
16 67 56 48 20013 3 4
12 72 42 60 52774 3 4
14 80 46 51 7341 3 4
16 87 60 60 34921 2 4
13 72 44 44 27690 3 3
15 99 47 47 10914 4 3
16 62 44 48 19049 3 5
17 75 44 43 3629 2 6
13 73 34 50 33713 2 5
16 68 44 53 46526 2 5
14 91 34 54 27393 4 6
13 82 53 51 27498 4 4
16 84 45 57 716 4 3
17 90 49 60 23852 2 4
13 57 43 49 9010 3 5
15 86 38 55 13131 2 5
10 71 59 55 1931 2 4
13 96 38 55 37174 2 5
14 66 36 45 42866 4 4
13 88 30 51 44682 2 5
14 79 37 60 32860 4 4
16 69 49 40 1298 3 4
14 84 43 50 45484 2 6
14 84 55 49 2159 4 2
14 67 56 53 24174 1 3
15 95 50 45 32324 3 5
14 57 35 49 23163 3 4
15 74 60 55 22121 5 5
11 53 56 45 29257 4 5
14 82 41 52 16462 3 5
10 65 50 52 53455 2 4
18 81 43 59 14920 3 4
13 96 47 50 46403 2 5
14 77 39 57 25040 2 4
14 81 30 60 19991 3 4
14 67 48 42 9347 3 3
19 63 45 54 2763 4 3
17 71 38 47 26858 3 2
14 100 48 45 28570 3 3
20 84 49 49 21745 3 3
17 89 46 42 17813 4 4
14 66 36 49 10389 3 3
13 62 35 43 16864 3 3
17 61 48 47 19038 2 4
17 69 53 48 30281 3 3
15 66 39 50 29582 3 2
12 65 45 46 14068 2 4
13 100 55 48 15455 4 5
15 73 36 48 53340 4 4
16 86 51 48 3986 4 6
13 80 31 49 32305 5 4
19 92 49 54 14419 3 4
13 70 53 42 6302 3 3
14 73 39 52 44652 4 6
16 67 55 44 51410 4 4
12 65 40 47 26183 3 6
15 100 36 44 22522 4 3
12 63 45 51 12506 3 4
13 82 38 52 10053 2 3
16 69 51 52 52844 4 4
12 67 30 51 40026 4 2
11 68 49 46 43463 3 4
16 100 35 40 9143 2 4
15 82 47 55 20010 3 3
17 84 41 53 5438 4 6
15 71 42 46 11609 3 5
16 57 50 41 22807 3 4
13 50 48 46 9697 3 6
13 61 36 51 31741 2 5
14 80 53 57 8362 2 5
16 70 54 47 42571 3 5
17 56 60 60 2885 3 4
19 81 43 49 22764 3 3
12 81 49 44 44712 3 3
15 73 38 47 38308 4 5
17 60 45 58 21572 4 4
16 90 45 53 49384 3 3
13 61 53 55 36685 2 6
15 79 47 43 28384 4 2
12 72 55 44 9060 3 4
11 79 44 52 46353 2 4
10 79 42 53 15340 2 6
18 75 60 54 34095 4 4
17 69 50 56 15910 1 3
16 50 41 50 33012 2 4
13 63 55 46 40304 4 5
10 82 30 51 11059 2 2
15 78 45 43 49838 1 4
18 68 42 49 7359 4 4
18 88 60 53 50976 4 4
15 68 41 54 25126 2 5
13 55 43 45 30070 3 6
16 93 54 54 5672 5 5
14 55 38 48 30712 2 3
15 67 46 54 43359 3 3
13 89 48 52 53552 3 5
11 86 48 45 2450 3 3
17 75 49 41 18720 3 4
12 77 41 41 34692 3 3
20 90 46 40 52624 5 4
16 50 53 45 16511 2 4
18 81 56 55 38071 4 5
15 70 44 45 7749 2 3
18 80 45 53 54731 3 5
13 86 36 45 5100 4 6
20 99 49 43 27789 2 3
14 81 41 43 44163 2 5
17 82 32 50 5635 3 5
18 72 36 42 54549 2 4
14 79 45 48 3367 2 3
20 93 58 54 26649 3 5
15 69 40 55 8672 3 3
15 65 56 59 3844 1 4
10 77 54 50 17633 3 4
15 63 31 50 14634 3 3
14 57 41 55 21679 3 5
17 63 46 46 47660 3 4
13 71 34 59 43953 4 6
17 90 53 42 21696 2 3
18 50 48 48 31072 2 5
16 76 47 56 31518 3 5
14 76 40 49 13029 2 4
20 70 32 53 41224 4 3
19 100 32 50 18877 4 5
19 92 46 53 8188 4 6
12 58 36 46 7655 1 2
11 100 40 60 22530 2 3
13 85 44 40 52140 1 3
11 63 35 40 3403 3 4
12 87 49 48 9606 2 2
12 72 46 47 15229 2 5
14 74 41 60 6998 3 4
15 78 45 49 22867 4 3
19 73 50 52 23221 4 4
16 62 37 45 11963 1 2
17 64 50 42 44192 4 3
14 71 58 47 48945 4 4
16 79 53 45 38984 3 4
11 90 43 52 38831 3 6
16 67 53 53 42188 2 4
19 62 39 50 36768 3 4
14 88 37 50 14320 2 6
16 86 40 55 18499 3 4
18 86 44 56 50989 3 6
15 66 47 48 13311 2 4
16 92 33 43 35957 3 4
10 75 51 48 13304 5 4
14 93 37 46 52175 4 5
14 65 55 54 49977 3 3
15 85 42 46 13080 3 4
15 50 46 55 37350 3 4
18 83 30 50 49156 3 4
16 75 39 50 12156 2 3
17 92 45 40 46421 5 3
16 70 52 58 22155 4 4
13 52 43 50 32648 5 4
14 62 39 52 31332 4 3
17 96 42 52 25035 3 2
15 58 45 57 23116 3 5
13 82 54 45 671 3 3
15 62 49 55 37681 2 4
14 91 50 52 55105 5 4
14 96 56 54 43828 1 3
17 91 58 45 27235 3 5
17 86 48 48 53367 4 3
15 66 49 54 45586 3 2
19 52 55 53 10013 3 5
13 84 43 51 48276 4 3
13 77 47 49 10002 3 5
18 72 48 41 15092 2 4
18 74 36 60 31294 4 3
14 100 44 54 43209 3 5
14 65 44 51 20196 4 3
16 93 52 47 4912 3 4
16 78 52 54 8802 3 5
15 62 42 42 50466 3 4
19 83 42 48 42890 3 3
14 66 60 47 2213 1 4
12 82 60 49 14665 3 5
15 50 53 45 38366 3 6
11 70 48 49 36295 2 4
14 100 41 57 38785 3 4
13 63 42 48 32489 4 5
12 74 57 52 41854 5 3
17 95 44 45 11950 3 4
17 60 38 46 52634 4 3
19 65 45 49 48727 3 2
11 100 37 47 4909 3 4
16 94 41 56 8055 3 3
16 59 49 59 10186 2 3
16 97 49 45 20580 2 2
13 87 43 53 34689 4 4
16 70 60 43 1981 3 6
14 76 41 40 35483 3 4
20 58 50 60 54613 3 4
13 74 36 51 27174 3 4
13 76 50 53 38426 2 2
20 72 53 57 21334 4 6
18 84 46 45 18465 3 4
15 71 42 46 36827 2 4
12 71 41 45 27015 2 3
17 71 45 52 49132 2 5
16 88 39 51 24097 4 4
15 60 46 55 23598 3 3
17 50 49 45 8603 3 3
13 77 33 47 47027 3 5
20 59 48 51 35848 3 6
20 80 47 50 50376 3 5
16 64 46 57 1680 2 6
16 64 52 46 52219 3 5
15 78 50 46 49637 3 4
18 90 55 45 51761 4 2
16 86 40 46 43546 3 4
20 63 44 55 53609 2 4
16 62 34 40 17118 3 5
18 60 60 57 45841 3 4
11 83 49 51 28699 2 3
16 57 59 56 23164 3 4
10 83 41 54 36005 3 3
12 72 45 59 55209 4 5
11 62 32 53 38221 4 3
15 82 46 49 53499 3 3
18 92 34 40 33758 4 5
13 82 39 52 11851 4 4
16 84 48 50 29688 3 4
13 79 48 53 51406 3 3
15 76 52 47 17792 2 5
12 75 46 52 45802 3 6
19 68 53 57 53045 3 3
12 53 40 44 16132 2 3
12 88 47 56 11120 4 4
15 75 43 46 19258 2 3
17 83 39 54 42848 3 5
18 57 31 45 15963 1 5
17 74 47 41 36692 2 4
14 72 46 56 6139 2 5
10 69 50 41 16095 2 5
12 60 45 52 8245 3 5
16 63 34 45 52151 4 4
19 80 51 55 36926 5 3
19 90 42 49 36324 1 4
18 75 30 55 11417 4 3
20 87 33 44 33642 1 4
15 56 60 52 50246 2 3
18 71 53 48 41600 4 4
14 93 40 53 45538 4 6
18 50 50 43 8181 1 6
17 73 37 55 9381 5 3
11 100 38 56 29213 3 4
17 79 30 56 48937 3 4
14 67 54 56 26542 4 2
14 91 54 44 21452 3 4
14 57 37 57 29120 3 4
20 83 54 47 33893 4 3
17 77 46 47 18366 4 3
10 89 46 52 36492 3 3
19 83 39 53 33553 3 2
16 87 56 56 14551 2 3
14 77 40 52 14758 2 3
15 83 44 51 34646 4 4
17 72 35 52 40679 4 4
17 79 40 49 18742 2 4
17 81 34 46 16433 3 5
14 90 45 49 18438 2 5
12 73 45 51 51243 3 5
16 87 50 59 26372 2 2
15 72 46 49 1259 5 3
15 99 50 45 54790 3 4
12 81 40 42 47978 1 4
20 76 41 43 16030 3 4
20 77 52 43 31800 5 5
15 85 44 53 39584 4 3
14 100 60 52 2245 5 4
14 75 32 53 10472 4 4
15 77 34 50 42188 3 3
12 74 55 51 41890 3 5
15 79 37 52 27875 2 5
12 62 39 51 13810 4 3
18 54 42 52 25943 4 5
13 61 39 54 38721 2 5
15 92 39 45 2704 4 4
12 86 51 50 9979 2 4