100
24 10 1 1 2219 35 31
30 6 36 32 2833 40 37
26 22 17 44 2708 51 37
37 7 38 56 1534 49 38
18 3 1 1 382 59 36
37 4 10 1 1322 32 27
32 9 11 31 2450 64 42
37 15 11 1 2018 47 57
36 10 19 6 366 30 27
41 1 21 44 3013 48 55
38 3 1 30 1530 41 23
14 5 16 77 2845 56 37
29 13 45 62 1980 58 33
27 16 23 26 2882 39 34
20 11 36 38 296 43 43
37 1 27 35 1806 51 21
35 6 42 1 1390 54 45
24 7 19 35 2992 44 46
36 2 1 60 485 41 33
38 11 34 22 3338 32 20
26 12 35 59 881 51 21
43 8 17 1 2401 19 60
15 7 7 1 2183 32 45
25 7 22 30 3275 55 36
34 6 28 41 1127 45 46
24 10 1 44 1231 25 54
26 16 43 20 2631 25 36
33 8 12 1 3308 15 29
25 11 28 1 3209 8 13
37 11 28 5 323 19 48
30 11 17 26 2773 20 19
35 9 57 49 475 27 48
33 10 1 1 3007 15 50
22 10 21 47 738 17 72
28 8 2 37 3196 15 40
26 9 14 41 1519 13 38
44 10 42 16 3353 20 20
41 4 14 54 450 23 46
35 1 30 38 2857 24 44
18 10 57 57 2926 16 28
18 11 1 16 2072 26 67
17 1 1 18 1392 19 34
19 8 14 15 2476 21 46
37 7 39 3 491 17 27
22 8 43 8 2877 11 39
22 9 29 25 3236 23 39
37 14 31 27 837 11 27
16 5 6 1 2261 20 36
24 10 19 1 1311 19 21
29 12 25 21 1592 21 31
23 9 21 25 1559 15 59
26 15 1 70 2770 19 46
43 1 23 66 894 18 4
48 8 20 75 1243 22 49
20 10 8 1 1597 23 44
36 1 24 1 1392 25 23
25 17 1 22 3014 23 31
26 11 23 1 2928 25 82
18 8 32 72 2591 29 35
25 12 5 18 1264 22 15
29 7 1 21 2689 17 20
42 14 17 14 2303 21 40
22 11 27 44 1540 23 6
23 12 23 61 1440 23 51
45 5 36 78 3319 22 27
28 11 1 39 1293 25 25
25 10 1 48 949 17 47
33 7 19 29 2791 13 19
37 12 33 1 312 31 66
42 11 7 1 1279 25 59
32 7 40 19 2339 11 58
21 9 35 1 242 24 21
15 7 51 7 1949 23 15
44 2 38 62 945 18 30
54 1 15 1 2397 21 51
33 9 19 76 389 27 14
34 2 34 38 179 20 22
30 7 29 45 1080 19 14
33 9 28 28 720 29 18
26 8 45 15 1149 15 17
17 16 21 30 2498 13 8
15 6 1 1 1584 17 20
25 1 50 53 2508 17 24
29 23 48 1 1811 25 13
36 11 1 52 564 19 22
12 13 29 22 2877 22 21
12 8 43 29 192 18 21
39 12 22 9 2214 8 18
29 10 37 19 165 16 19
23 12 6 10 2761 29 17
46 8 46 43 706 17 13
31 12 33 23 2040 10 19
53 9 26 22 1090 8 22
48 7 23 2 174 25 24
49 4 25 34 965 19 18
22 17 15 54 168 17 25
33 16 24 1 2947 18 21
33 5 26 4 2550 21 6
26 10 32 28 815 25 23
35 15 22 23 1868 22 23
