300
26 11 23 35 6830 28 46
32 24 28 46 9021 45 36
39 17 34 41 3380 50 89
38 17 18 33 6786 53 62
33 18 41 35 1164 31 58
18 24 30 18 2131 99 72
33 21 19 33 9403 40 49
13 37 38 23 6223 52 105
20 32 31 20 3919 71 25
37 33 45 39 4098 43 6
31 28 28 29 7586 45 79
39 37 21 44 2899 55 24
16 39 16 38 9038 67 41
15 15 23 20 6675 67 76
25 35 35 31 7567 45 17
31 29 39 26 4647 65 16
20 12 26 41 3921 55 48
17 22 45 41 7060 44 38
28 36 32 30 656 98 63
32 39 17 23 9792 78 39
35 32 41 25 5142 1 33
25 11 40 39 9601 60 24
33 30 18 41 6119 57 80
31 36 30 29 5106 49 68
24 20 31 23 3098 84 49
39 23 43 30 280 23 53
29 36 25 33 9100 42 45
29 39 28 33 9525 77 70
11 15 36 29 5407 3 34
24 39 36 45 4026 10 45
22 29 27 32 6343 89 33
13 30 28 34 419 86 41
16 12 35 45 2937 32 83
11 24 42 19 9282 33 80
34 19 39 39 9669 7 89
23 10 39 45 3440 57 63
39 28 31 38 8331 75 82
25 13 32 46 1106 31 47
17 27 43 40 1374 57 31
38 28 32 26 1502 61 49
13 29 34 25 2291 49 76
18 37 27 18 6676 40 38
37 23 26 47 6868 36 51
26 18 45 42 7752 84 66
12 39 38 23 5044 100 16
32 29 32 24 5671 1 6
15 26 23 46 5637 78 52
15 26 16 33 3443 48 17
36 12 34 20 3527 52 59
19 31 29 45 7440 69 33
24 33 35 36 1428 18 39
20 17 33 42 7658 14 56
32 12 43 20 1409 100 79
28 20 36 39 6556 43 58
30 13 24 31 4769 74 94
32 19 40 24 5221 90 45
15 38 23 38 1865 65 66
18 31 21 31 1951 48 65
14 37 45 42 3412 62 38
19 12 34 40 6847 65 6
35 27 30 40 1725 66 9
18 22 44 41 5097 49 61
14 31 37 35 3459 5 50
22 29 35 35 2738 64 36
10 27 30 29 526 61 97
24 19 22 41 6077 55 62
16 31 28 35 6033 47 61
30 35 22 47 3477 40 41
19 14 37 44 9885 56 79
24 24 39 21 2422 57 45
18 23 41 43 5678 32 27
35 30 27 39 9522 49 53
30 20 29 19 8632 55 67
33 14 31 19 9894 40 67
15 10 33 18 1519 65 46
28 17 27 34 2258 2 41
32 20 39 29 6010 75 40
37 11 27 37 9771 66 39
38 34 34 37 4028 37 50
15 23 28 30 6164 44 19
10 17 44 20 2971 79 78
36 39 27 34 331 71 31
22 26 39 29 567 53 105
37 23 36 32 3938 38 24
39 16 42 20 7985 57 55
17 32 42 19 3961 17 60
15 16 23 30 7363 48 73
26 32 31 31 803 48 87
12 23 29 32 4701 80 52
20 13 39 19 8704 63 41
19 23 38 26 2410 82 105
28 20 38 44 2214 44 13
24 30 23 26 7937 84 50
33 11 35 30 9056 28 25
29 24 29 23 535 39 59
26 14 39 39 8151 37 82
15 12 16 25 8144 58 105
29 23 33 44 6525 42 64
34 30 40 41 9622 84 92
10 12 16 46 9483 41 54
15 16 18 40 3495 90 26
24 35 23 33 3206 55 52
28 24 45 22 2321 26 34
39 14 25 18 8143 46 41
24 17 30 39 5423 24 59
14 34 34 28 698 13 6
10 13 24 44 2678 46 82
21 34 35 42 3285 78 66
38 16 30 43 2982 14 68
32 13 26 31 9364 33 26
39 19 22 41 844 53 32
20 31 26 19 7191 83 44
10 27 17 27 4766 22 69
15 16 34 24 5537 68 41
34 37 28 25 688 31 67
21 24 23 26 232 59 29
22 16 43 43 7554 43 17
39 34 35 20 166 1 85
12 16 38 31 7798 2 83
32 36 23 34 5112 42 33
18 24 37 46 3450 56 34
24 12 34 29 9443 68 49
31 23 25 20 7350 89 74
15 13 32 28 3371 59 45
33 25 25 27 3848 100 59
31 37 38 37 7293 58 30
14 12 27 20 4846 62 46
39 34 18 37 9087 100 41
16 23 31 33 4591 57 90
25 21 40 32 5471 65 83
39 12 37 18 4929 50 59
15 39 39 20 1692 34 94
25 19 24 47 4431 8 57
20 21 18 32 3021 29 60
22 20 25 23 4271 1 55
21 10 36 27 931 36 67
19 32 40 20 9919 56 59
15 31 32 24 2834 16 53
21 16 26 42 635 39 27
36 15 25 19 2096 31 72
18 36 22 39 639 83 52
10 12 28 37 2446 49 41
33 19 26 38 4119 74 68
16 21 36 41 8362 60 24
16 32 23 46 2901 32 45
19 36 22 43 279 24 94
39 23 34 47 3638 86 46
16 14 16 21 5776 37 37
37 25 41 19 5895 85 32
21 32 22 22 1500 38 56
12 15 42 27 9351 100 33
22 36 35 31 1200 48 104
20 34 43 39 7425 59 42
39 22 18 33 5366 45 13
18 10 35 43 4892 60 79
18 23 44 28 260 64 34
21 26 32 40 5335 1 77
32 29 42 29 4131 49 42
15 25 21 19 7252 94 56
15 16 42 26 2276 69 41
15 35 22 20 2639 38 59
12 17 39 36 3596 69 60
22 33 45 45 8909 48 38
30 30 29 40 6506 80 32
35 33 24 21 4916 100 71
15 31 37 19 8393 45 75
22 34 22 46 7866 42 81
25 28 36 47 4125 52 72
27 12 28 41 9784 57 22
25 26 27 33 9479 26 77
23 10 36 29 8680 55 38
35 26 37 42 9128 100 49
36 10 33 31 613 14 102
38 33 25 21 9936 69 54
29 11 26 19 9000 55 67
18 19 44 19 3561 16 66
10 30 23 35 1362 66 53
23 21 43 46 9382 35 75
13 29 17 36 5116 86 56
32 13 32 36 8234 91 82
26 24 36 34 6179 36 74
29 34 39 38 1978 60 39
17 28 33 35 4540 53 42
30 37 42 41 4535 48 47
18 12 45 37 6177 25 105
21 23 20 43 1225 12 72
17 26 37 33 2307 71 92
32 34 21 43 4688 44 35
30 18 45 35 8465 46 71
38 24 23 18 2478 70 26
32 15 31 46 6308 30 60
17 10 23 33 3591 69 33
19 17 38 26 1504 46 32
10 12 44 41 2187 92 13
24 19 22 18 6130 38 72
21 21 45 20 2581 27 66
19 12 31 33 154 91 26
15 18 30 47 7093 66 56
25 28 16 38 4439 13 95
29 30 22 21 1994 73 62
26 20 33 41 7731 50 75
11 31 33 36 8155 25 74
27 26 36 29 7880 19 21
13 36 32 42 1689 53 21
28 11 26 47 4365 55 66
11 29 18 22 6079 68 94
16 36 17 34 721 25 45
31 37 23 32 7559 49 23
20 18 21 45 8412 1 34
35 12 28 38 855 51 89
21 25 25 29 452 62 53
19 16 27 42 5159 31 14
38 20 17 32 8259 77 79
18 33 19 32 7139 25 6
31 14 25 36 6503 28 51
19 39 35 37 6609 44 57
37 29 29 37 3966 71 100
38 18 33 31 2889 42 16
33 28 21 41 7245 34 77
33 12 44 28 7850 26 48
12 11 17 40 8521 46 32
37 11 32 26 3982 52 55
11 12 33 40 4866 52 48
29 29 25 44 5733 100 37
35 28 30 38 1869 92 6
22 13 45 47 5576 35 39
28 18 35 20 9206 55 62
30 36 17 22 4983 58 65
11 10 23 33 4375 91 31
37 11 26 46 1814 46 51
39 38 16 40 6220 40 37
18 22 32 19 3096 28 49
19 16 32 28 3343 22 81
31 22 45 38 4451 44 57
14 19 40 41 1232 26 34
38 17 29 35 3257 48 8
28 34 36 25 1392 72 33
30 31 31 46 5361 61 43
16 26 35 47 3655 65 30
24 18 27 37 10058 35 89
26 17 44 31 3232 18 61
20 17 31 24 6198 65 92
22 32 33 38 8452 100 64
39 19 22 28 1020 57 55
13 12 29 36 3112 37 65
11 37 35 38 393 38 73
27 12 19 30 9028 63 27
34 17 35 21 7348 37 29
34 34 40 38 386 36 31
23 20 19 45 279 26 77
34 33 37 19 9104 60 98
19 23 37 47 8061 81 19
30 20 19 40 8644 80 59
31 30 43 22 4997 44 26
23 36 34 30 7509 23 63
12 23 32 46 9886 46 77
38 30 22 30 7996 26 53
29 36 25 29 6756 54 58
28 34 17 46 7098 31 56
15 29 42 24 3313 36 89
25 10 45 29 6236 88 76
12 34 43 27 4942 53 16
22 26 42 24 569 92 33
35 30 42 32 8640 73 55
21 12 26 32 3067 40 59
28 22 25 40 2649 45 6
28 28 41 39 3641 42 77
10 29 44 44 2124 35 87
15 39 42 25 4273 26 60
22 25 17 22 776 26 39
27 13 44 35 4478 47 29
23 28 26 31 7197 93 57
36 29 26 43 7586 41 14
35 11 27 42 4009 74 43
29 34 16 42 5899 97 48
20 37 28 23 9224 33 87
13 18 41 41 5624 42 10
27 22 42 41 8131 87 43
18 11 45 26 7703 46 32
16 35 23 26 987 17 56
16 17 29 21 1997 55 45
34 31 37 42 3962 43 81
11 31 41 37 370 68 25
16 33 41 43 1775 92 63
18 38 25 28 1326 43 41
35 13 32 28 7534 98 79
19 35 36 27 9729 63 41
39 21 29 27 9698 1 35
23 13 23 44 1295 16 40
36 28 42 21 8701 6 68
32 37 23 18 4734 63 6
25 38 34 25 9966 48 103
34 18 41 46 9469 27 28
21 18 17 43 8336 56 19
19 30 37 28 5090 55 24
15 30 24 44 1232 67 35
15 14 40 18 4085 60 26
35 35 33 43 6371 12 58
11 31 22 24 1757 74 95
27 18 36 30 3659 54 71
