350
25 25 21 20 11408 56 70
36 16 26 35 2081 44 34
30 37 40 37 3319 44 78
27 30 29 41 6649 47 58
10 37 28 48 5784 30 13
11 30 46 46 752 42 28
30 34 39 23 1231 15 54
36 22 45 30 8065 24 55
15 26 45 26 7179 87 94
32 29 31 37 10476 76 20
19 34 46 34 10558 1 59
13 30 21 27 1143 34 53
38 37 24 39 2603 46 95
37 33 34 26 3538 1 27
14 38 28 31 525 21 51
32 15 19 21 7021 47 44
14 14 28 23 9703 19 64
17 31 18 40 722 59 41
12 35 26 48 5583 39 19
32 18 20 32 7286 47 94
11 29 44 23 10589 6 38
29 16 28 43 2890 42 18
19 15 41 19 10656 26 38
25 28 27 47 10419 50 55
39 12 23 27 8999 78 72
33 35 22 42 4019 63 82
24 29 44 33 10020 22 76
22 23 37 23 3102 53 45
10 18 42 25 3222 56 105
27 24 46 21 7056 6 33
22 13 31 19 4505 47 36
19 29 45 34 6263 27 91
30 31 31 42 11547 69 34
18 15 33 27 4732 88 74
30 26 18 44 10316 10 12
11 22 47 37 130 49 68
39 25 34 19 10214 50 68
24 23 38 42 7733 31 29
14 32 45 23 3888 39 105
35 22 30 48 1272 48 69
30 19 26 40 8945 74 68
21 29 45 36 597 76 105
10 12 27 32 5053 67 67
12 31 36 37 1464 72 98
28 26 18 38 9148 68 37
19 25 38 24 6076 70 70
34 37 24 43 5156 64 76
13 34 36 28 1475 11 23
10 24 40 45 2664 70 64
12 18 34 29 4252 48 97
31 16 27 19 2643 43 38
21 27 41 37 3306 57 27
25 36 34 38 4891 49 86
31 33 24 25 6279 56 10
17 39 46 19 3657 87 56
20 19 33 41 2247 6 81
13 36 18 41 4222 47 16
26 23 35 44 9565 90 86
10 36 45 20 2955 10 80
31 35 31 38 9266 19 64
19 35 19 23 1423 3 29
34 15 19 30 8301 22 75
12 35 43 45 9873 36 38
32 22 39 43 7525 67 53
17 39 41 28 11953 47 66
26 39 24 40 6135 60 85
31 32 35 38 4776 56 48
30 18 38 25 1138 62 44
34 27 24 23 2337 66 74
20 23 26 35 10127 40 43
36 37 46 47 7828 27 45
37 26 31 37 5046 30 41
35 25 35 24 11821 51 50
26 19 32 25 2022 4 72
11 20 40 29 104 78 34
21 21 40 29 9281 57 19
27 30 32 38 10383 92 10
10 38 21 32 9020 33 63
25 26 19 43 9345 40 103
10 23 46 48 6809 26 39
31 26 30 45 1813 56 15
32 35 21 37 8456 53 30
20 28 26 23 7202 79 12
26 21 42 41 3801 79 61
23 28 26 19 5457 59 52
24 33 44 34 749 66 77
28 12 40 42 4679 44 45
34 34 41 23 8100 31 75
38 18 26 23 9067 71 97
10 23 42 19 2923 36 51
28 19 34 38 5910 2 50
32 20 41 27 4383 76 64
16 40 27 45 2786 15 52
28 38 34 19 10282 58 7
30 28 34 36 1937 57 36
30 36 42 37 1227 29 34
11 32 43 40 8613 20 70
12 24 46 44 8953 8 68
19 40 20 35 816 73 81
34 16 33 41 8310 100 67
35 23 44 32 10473 29 89
12 13 20 39 5741 82 68
29 19 35 34 8138 27 58
20 16 45 31 4763 47 53
36 32 22 33 8264 73 42
33 25 38 47 9030 41 52
25 31 39 40 9920 23 6
33 20 21 35 7335 60 60
17 33 25 37 3014 42 61
23 41 23 27 7821 43 40
12 29 40 20 11260 61 40
21 40 18 26 7609 31 49
27 39 43 35 926 55 48
39 37 31 40 10452 39 79
37 35 22 47 10242 73 86
35 12 30 42 4683 26 17
12 19 35 41 11861 33 6
10 34 20 30 555 75 35
18 32 32 28 6674 31 58
27 13 23 29 2440 76 59
14 41 35 22 3433 70 66
15 31 24 43 6300 41 64
12 12 35 33 2364 1 59
14 19 21 31 6760 16 45
26 31 34 39 9369 29 46
19 31 44 32 7791 58 45
37 35 47 46 7588 38 67
13 22 30 41 11889 87 54
33 36 22 43 8792 60 49
31 20 26 31 2963 38 22
37 33 38 47 6225 38 68
21 14 35 38 11418 49 81
27 26 33 20 1867 33 88
35 13 38 40 5743 56 45
38 32 38 43 11890 31 30
15 16 32 44 4410 92 57
27 40 23 42 845 40 58
24 16 19 43 6496 63 51
17 26 19 38 3737 50 19
29 26 43 31 6328 92 56
23 13 27 24 2887 55 101
33 32 27 28 5480 54 19
24 30 28 29 11102 65 32
27 14 31 44 10556 31 48
18 13 23 19 9563 41 105
37 20 27 45 5483 43 46
31 24 19 20 3653 50 21
18 40 32 27 1963 69 36
17 19 30 29 8900 87 41
23 39 38 39 10991 47 70
16 33 29 38 3309 39 16
31 24 38 36 7363 16 10
36 28 29 45 6057 85 61
21 27 24 37 10981 52 53
23 38 36 24 3305 29 82
29 36 23 29 4167 32 31
21 31 19 29 9642 61 37
15 14 35 28 11941 45 47
25 19 46 34 9804 45 77
11 29 40 19 1692 43 45
10 35 45 31 9586 83 32
20 27 30 48 9287 42 36
32 37 31 41 6755 68 105
12 23 24 42 10348 59 25
22 30 21 24 9166 20 57
27 14 37 47 3407 37 39
37 41 36 43 4954 72 17
12 12 18 45 8806 41 24
30 26 22 43 9199 78 39
22 35 20 46 6727 85 44
15 35 22 20 3445 55 81
37 23 28 36 7108 51 89
32 19 45 30 10563 40 46
34 28 40 35 5550 74 67
23 24 25 47 1050 38 58
38 26 45 35 6156 42 15
13 17 21 46 3451 49 97
33 29 32 33 9179 72 57
35 32 30 25 4675 50 47
28 36 24 42 11757 49 37
36 41 23 36 7076 3 75
19 18 36 23 9798 66 44
25 25 23 34 8985 100 65
10 17 25 22 11944 40 44
17 12 43 34 3740 75 44
16 39 28 34 6952 56 57
11 12 36 33 4418 12 53
11 32 19 39 3425 33 45
16 25 33 32 6326 54 71
17 31 27 46 1182 35 63
16 17 36 34 2582 62 23
10 33 37 43 7638 25 39
35 31 20 21 9008 17 81
24 40 24 39 173 62 42
14 31 39 36 6280 7 63
24 32 46 46 9905 47 100
39 13 46 48 5705 63 105
10 36 21 34 10300 31 17
10 34 25 24 7084 73 6
19 19 23 21 9983 35 58
14 14 21 40 10990 100 58
32 31 22 20 7720 17 105
33 13 39 19 5684 100 77
33 40 26 30 523 67 59
18 31 25 46 2171 1 72
16 17 24 32 3631 96 41
36 17 22 21 4122 36 56
24 23 20 36 9445 1 52
12 18 44 25 2025 2 32
38 31 21 19 5571 51 61
13 38 18 32 8421 55 105
19 13 41 28 12023 41 88
25 30 27 34 6378 33 56
35 17 24 34 5200 38 72
21 29 45 23 11219 97 65
19 26 23 24 4247 39 64
12 32 35 48 7659 24 32
10 15 39 26 1755 60 51
31 30 27 36 6726 56 44
28 33 40 40 4174 100 78
31 31 41 48 638 47 85
36 37 24 39 2351 42 62
36 20 22 34 2784 63 45
19 23 46 19 206 35 90
18 12 36 35 1276 63 48
13 32 29 45 854 41 52
17 20 19 25 12039 67 37
11 16 35 34 5423 59 76
33 22 47 46 950 48 39
29 23 28 44 3642 5 6
30 20 47 35 4235 21 43
32 27 34 32 520 1 76
16 34 19 33 9770 67 52
39 29 22 35 949 63 43
34 16 31 29 3776 69 70
17 35 46 42 3270 37 61
26 25 24 46 8973 85 66
27 38 45 42 8786 62 46
10 31 27 47 3856 35 71
11 28 34 31 2117 70 46
14 38 37 48 4349 86 17
31 37 47 40 5730 48 59
21 22 43 39 2020 40 23
17 19 21 32 4054 23 33
15 28 29 22 11358 52 7
12 33 34 36 584 100 30
14 26 25 28 4050 44 24
39 37 26 40 8951 69 85
18 15 33 41 4225 72 105
32 19 19 25 7230 9 66
35 24 31 35 1595 56 45
27 27 47 40 3846 22 55
11 12 36 26 9731 89 57
37 28 18 31 10670 29 6
28 23 25 21 5548 47 29
15 15 37 37 8332 53 56
18 23 47 19 10092 96 76
39 33 21 44 4003 55 38
16 25 26 22 10743 24 103
39 30 26 43 10593 55 56
36 31 34 28 7119 69 99
38 25 26 37 3637 81 57
32 30 27 45 235 95 87
33 21 32 37 6722 56 39
33 32 19 25 1329 32 26
10 35 45 41 922 52 52
29 13 21 46 9385 34 49
22 27 44 20 7246 43 41
19 16 20 24 10862 38 71
36 28 26 38 9243 46 24
23 28 41 38 7464 14 61
17 25 35 48 536 5 17
20 18 25 40 3743 44 32
32 29 47 24 8356 63 50
15 23 24 48 7381 77 82
30 30 29 26 5577 54 21
31 37 29 29 6529 84 27
28 35 19 21 2757 68 57
32 22 27 27 4281 22 70
34 36 31 44 4489 48 51
21 35 31 28 3309 41 82
37 36 39 32 4565 54 42
37 12 32 35 1647 78 79
12 14 18 28 11560 41 80
35 34 36 25 7875 60 84
32 30 19 21 7598 94 57
30 34 20 28 5229 45 81
37 37 42 25 8835 42 6
34 22 35 47 6933 13 75
10 12 24 47 7709 41 6
23 35 26 29 10947 49 54
39 31 33 41 8934 38 14
36 25 43 37 6622 3 42
10 30 27 24 8583 1 42
14 13 34 23 344 86 42
10 27 44 31 11396 1 31
38 20 18 45 3054 10 24
37 25 23 34 12011 63 88
16 39 23 35 587 100 52
37 12 39 46 5259 74 50
22 31 24 30 6453 22 80
16 30 20 43 1686 66 45
14 23 43 21 9533 92 83
21 17 30 48 10554 35 67
32 39 33 20 1766 43 39
30 19 25 36 2123 38 72
28 25 28 39 10241 64 15
28 36 46 22 3563 39 28
30 17 23 28 705 27 97
12 29 28 28 2566 65 51
28 39 39 24 4595 36 79
25 13 32 31 4829 2 29
29 22 20 42 2867 52 84
34 30 21 37 1959 86 53
23 12 34 29 378 69 45
24 33 32 34 5694 86 20
28 22 29 23 8654 28 8
22 28 32 31 7869 1 17
26 27 45 21 5597 83 90
26 23 21 35 10881 48 29
37 22 39 22 1323 24 45
19 12 30 40 10642 61 57
28 12 37 43 5161 27 33
32 12 33 31 1709 7 65
37 18 20 19 1527 1 78
21 27 37 25 233 32 54
21 15 25 32 3448 49 23
24 26 45 30 4994 39 50
23 32 45 37 3519 57 78
37 31 31 31 9900 74 42
13 31 47 47 11035 14 47
25 30 22 42 7930 78 97
24 18 29 39 7114 71 66
37 13 25 35 3256 87 27
38 19 24 29 1502 66 38
15 14 47 44 4991 65 84
29 15 47 43 6302 1 79
13 35 25 22 2130 32 65
24 15 32 46 8480 81 27
22 29 38 27 3059 49 53
30 16 37 28 11868 26 56
11 24 44 29 6716 54 104
17 37 29 34 10658 41 39
26 19 28 31 5855 67 100
21 24 33 42 1191 69 66
26 16 33 30 5972 100 58
25 35 41 38 5657 39 28
20 31 18 48 8680 39 57
38 20 22 42 4579 76 105
25 25 34 44 4507 100 81
