100
28 32 28 31 2525 87 69
41 46 41 40 3719 93 77
37 50 24 24 2109 63 67
21 48 39 44 743 53 50
48 36 40 43 2188 33 16
30 28 40 27 2145 54 31
34 44 49 37 1392 17 41
34 48 40 27 1230 44 67
25 42 50 37 3866 70 34
44 46 40 48 1337 77 35
47 45 38 50 2397 84 102
34 46 22 28 3153 56 98
50 56 33 52 2141 14 20
25 34 27 44 577 43 9
48 30 28 45 3570 49 50
27 36 28 41 2495 71 75
46 51 33 43 2327 74 52
22 28 26 52 814 28 50
28 43 43 42 2221 53 89
39 41 26 35 534 84 81
49 27 48 23 3997 21 33
42 53 48 28 4312 40 70
27 44 46 27 2671 23 27
48 31 46 41 4473 53 60
38 35 28 32 4251 44 105
36 41 28 25 1761 75 79
37 47 23 26 2064 38 38
40 41 29 44 2147 48 44
42 47 48 30 3087 26 93
29 46 28 33 1117 16 83
37 56 35 52 3267 60 71
40 51 43 30 2042 89 57
22 31 39 31 1583 46 37
32 46 40 36 1291 59 58
40 30 40 47 668 23 14
50 39 38 29 3715 49 55
25 40 49 41 1812 42 90
29 44 27 25 3946 56 16
44 52 40 48 1339 45 36
21 42 34 35 4192 66 23
46 28 45 46 3015 18 92
36 45 35 34 851 21 78
32 34 51 34 2622 95 73
30 34 29 42 1291 41 54
33 46 37 33 3765 77 35
26 46 41 24 373 65 81
24 48 42 30 3634 50 91
26 42 40 32 352 42 64
39 28 35 51 4129 41 77
47 41 41 29 2582 32 73
47 46 24 40 1989 20 64
37 43 48 42 645 21 74
29 52 34 50 1921 67 59
27 50 27 39 2240 53 71
22 34 37 33 510 34 92
30 30 50 23 423 36 57
30 51 40 46 1287 46 46
30 52 41 42 4082 30 52
35 50 28 27 1835 85 86
50 37 42 24 4319 38 105
26 38 45 35 2184 50 99
23 29 47 47 2508 26 73
32 51 51 25 2642 39 11
24 56 36 31 2558 60 52
24 27 49 45 1750 35 48
33 45 33 45 384 20 52
32 48 48 23 331 92 58
47 46 38 25 314 69 61
36 44 23 24 1437 38 22
29 56 43 43 2085 49 59
45 46 39 52 3899 95 58
21 45 33 38 3580 37 37
43 36 49 32 960 16 8
49 47 40 45 3118 12 25
50 55 42 42 3739 61 38
37 29 35 30 357 94 92
32 54 35 33 2924 35 8
33 52 25 41 2709 82 6
48 33 32 46 1983 32 27
33 47 35 43 1200 12 23
27 30 50 34 3174 34 38
36 42 25 24 4074 1 21
41 56 37 42 3096 21 98
21 34 51 23 2699 39 20
26 42 27 51 270 39 42
21 40 23 35 2165 21 63
42 27 46 23 1297 62 50
35 56 30 31 385 67 50
41 32 28 37 1860 62 61
34 49 39 29 4328 39 42
43 46 38 37 1197 1 6
34 42 41 35 2618 16 76
25 51 34 44 2122 52 42
34 34 23 33 2488 25 105
30 43 30 50 3442 28 105
38 53 29 23 1354 48 105
32 35 36 28 2166 87 10
26 53 33 35 3341 56 50
35 45 31 39 1359 94 66
45 53 34 23 3980 100 59
