400
44 2 21 6 6869 25 42
45 9 22 1 5579 66 42
15 12 16 28 10642 38 39
32 2 3 63 10321 38 63
23 11 1 65 2549 55 31
41 6 27 38 10060 36 45
26 7 11 5 11689 41 62
28 10 12 35 5446 63 22
32 9 18 29 8455 45 10
30 6 7 73 4411 43 38
13 15 22 29 9825 24 46
38 20 19 15 4826 38 18
16 14 16 1 9253 25 25
33 1 9 35 7500 56 34
22 14 25 38 1761 63 51
32 17 8 1 177 56 71
9 14 14 55 5052 18 35
37 1 33 44 4158 30 51
4 11 35 58 5830 44 21
26 1 49 32 1794 25 44
18 3 38 45 1608 47 44
17 4 8 25 5565 51 45
46 12 18 28 9867 48 33
7 12 18 32 6769 42 48
28 9 43 55 5587 34 25
26 17 53 49 2179 29 36
23 19 3 1 8038 78 31
16 5 17 38 9804 19 48
27 10 11 13 1761 75 39
32 15 3 1 11549 26 11
23 20 14 29 2131 38 33
32 1 31 10 13262 59 44
44 11 26 18 9660 42 49
29 10 13 19 5762 32 39
40 14 16 54 1955 65 59
33 11 18 57 6059 35 31
31 1 7 40 5964 17 51
46 8 29 81 3654 25 64
42 7 28 4 2245 41 53
33 10 26 69 7095 52 33
54 12 13 76 11265 30 32
38 8 36 78 10882 58 44
34 12 37 49 7077 39 53
32 16 18 1 11490 35 42
48 1 17 61 11281 36 50
28 6 18 59 2435 37 47
33 10 5 15 1985 58 52
40 1 35 1 13059 38 29
22 1 16 37 11312 42 13
46 18 10 26 10054 43 31
31 10 8 2 6447 69 49
27 7 18 30 3945 15 43
19 4 22 40 4587 43 42
21 11 43 33 2206 60 40
40 3 4 19 3633 35 50
29 9 4 31 1048 15 43
32 10 1 21 6961 45 37
31 1 2 1 8776 27 48
21 8 2 67 12098 45 38
31 5 17 1 7800 12 48
39 1 5 50 604 19 10
20 4 28 1 9031 38 41
40 16 1 44 6713 32 41
35 11 17 25 4654 43 35
42 13 27 40 7462 41 49
44 7 18 25 8151 30 43
1 15 31 11 12736 42 50
26 14 48 40 9483 26 49
34 10 36 12 6115 41 36
48 9 43 62 3502 39 40
47 9 17 52 9128 38 23
19 8 15 14 12470 39 24
11 9 47 1 6772 23 28
41 14 22 1 6435 50 28
29 9 28 41 8737 14 25
29 7 46 2 7914 38 1
16 17 45 1 7522 56 50
28 10 1 21 10390 38 45
29 10 2 1 5356 38 5
35 3 32 63 4425 42 52
25 2 25 19 9883 42 46
11 12 30 16 11791 37 43
36 12 1 15 9160 26 58
19 19 8 28 3862 47 61
43 14 32 86 10584 26 66
38 14 21 40 2616 29 42
27 7 20 1 2719 22 40
7 12 21 66 11685 39 22
31 2 25 1 11400 42 37
33 15 38 57 8040 24 39
35 14 26 94 1125 42 21
35 8 9 12 12165 55 25
34 7 19 22 884 35 38
27 15 1 52 1161 72 46
42 7 33 54 12955 25 17
32 14 30 21 1456 48 36
32 11 20 56 3560 74 58
33 9 1 50 3296 46 42
22 14 15 40 11381 64 38
32 22 13 62 1187 51 29
15 1 32 32 3140 11 40
30 9 15 4 2626 27 53
19 10 27 9 795 18 48
32 12 1 1 4306 23 49
27 8 1 80 6120 19 12
31 15 28 1 10703 19 32
25 20 27 11 12410 13 57
38 11 2 62 6368 21 39
41 10 30 33 7827 17 51
35 7 12 54 3206 21 24
48 9 35 28 856 27 14
29 11 30 1 9820 15 40
40 10 1 91 6719 21 58
30 4 1 42 5669 17 50
13 4 22 1 5183 22 24
48 8 56 26 10607 17 14
37 11 34 98 5579 25 27
37 14 12 53 4815 25 30
30 7 5 21 3480 22 73
35 1 10 16 1593 16 28
34 15 8 26 9124 14 1
47 5 11 22 7928 21 46
28 12 8 6 8253 20 47
24 1 6 59 3719 21 42
15 8 34 1 1520 24 25
33 12 19 21 8148 12 26
33 10 12 58 7167 14 75
21 19 17 1 12550 22 51
40 4 17 18 11918 18 52
44 13 8 1 5314 18 40
21 15 36 30 10847 18 39
44 14 1 1 12580 11 35
48 9 46 9 4312 20 44
42 11 9 40 9486 13 54
40 4 21 18 4524 17 55
38 12 20 42 10585 21 38
18 10 34 73 9625 20 52
27 12 16 1 10960 21 55
26 20 25 1 12332 18 46
20 14 28 1 3756 27 49
16 13 10 1 10892 20 40
35 13 23 39 901 20 34
38 6 8 36 10717 16 51
27 2 38 46 7046 30 32
30 7 25 4 10969 22 35
30 12 21 16 91 21 42
25 8 10 46 11823 28 61
19 14 14 6 4845 14 50
24 11 23 1 5886 11 26
29 10 32 1 7800 9 48
44 1 1 27 6354 11 17
50 8 6 82 1793 19 23
31 8 21 45 1929 10 14
35 20 5 29 1123 21 37
30 3 50 19 282 13 64
8 14 27 8 3276 21 23
39 9 17 45 8980 22 47
35 8 36 11 1549 7 58
28 9 59 38 6880 20 33
31 11 1 6 5527 21 37
30 4 32 12 1211 24 68
25 6 34 30 5535 12 54
21 1 17 77 7108 21 40
31 12 25 13 5738 16 42
25 14 4 19 5965 22 47
45 14 20 52 7120 19 49
28 7 9 63 3920 21 26
24 8 33 1 5207 17 59
12 7 9 11 2731 12 25
23 9 11 20 12525 25 16
46 2 1 29 6171 21 48
32 9 16 5 6955 20 86
22 8 39 69 8928 22 49
40 22 10 34 9410 21 34
40 10 38 74 10494 20 33
28 4 25 44 1923 18 47
34 1 30 19 9368 16 40
38 5 10 23 13267 24 47
25 9 13 1 6091 20 56
18 12 34 31 6700 21 53
32 11 26 36 3112 13 48
33 1 12 45 4178 24 32
21 12 18 51 8692 8 20
22 15 10 40 10445 20 45
28 4 6 5 4559 15 67
45 19 30 34 5138 9 40
41 3 41 40 6638 16 57
23 12 26 24 8741 16 51
23 11 25 57 4346 16 56
25 1 30 89 3381 27 41
26 18 22 70 13081 18 28
26 13 19 47 8733 16 44
33 4 34 1 7158 12 40
24 14 4 66 2518 15 41
24 9 11 106 12579 19 35
28 11 13 19 11850 26 45
18 8 41 12 11767 15 63
41 12 29 24 8116 21 31
30 18 20 40 3011 28 42
31 7 10 41 4004 26 34
35 9 20 7 7546 22 15
33 16 12 1 7283 14 43
32 15 10 24 318 22 39
25 16 24 1 10959 15 40
32 23 33 37 9620 20 48
51 1 1 22 1533 13 44
23 18 26 3 12183 16 80
25 8 27 31 7116 19 43
18 13 11 53 3065 19 66
18 8 16 2 12193 28 17
18 3 17 23 11453 23 32
37 10 46 21 13434 17 46
34 13 23 3 12398 13 49
44 3 16 5 3284 15 48
38 1 12 23 4603 15 60
37 10 37 32 6582 21 39
18 13 47 25 10399 17 29
33 4 28 37 4297 20 41
25 10 24 29 12228 17 44
33 5 24 36 1460 26 59
43 12 5 1 12825 21 38
31 9 39 53 260 18 38
30 15 6 26 12741 16 25
34 14 35 40 2729 26 54
49 5 23 78 13574 17 35
38 12 1 13 13089 28 53
27 9 2 23 2243 20 57
18 3 15 50 7620 23 36
55 11 11 1 5994 18 70
40 16 21 70 4526 30 68
28 16 21 56 4610 28 33
21 13 1 21 8743 16 30
36 10 35 45 6684 22 34
26 1 15 35 8929 23 22
26 11 19 24 7168 8 45
28 5 34 56 12132 19 28
38 14 12 63 7616 16 32
31 2 33 1 3421 14 11
30 8 20 26 1277 17 19
33 8 16 47 8807 19 34
40 2 13 30 1801 12 32
13 12 10 14 10839 20 45
37 5 49 71 6551 19 44
26 14 38 14 5308 21 43
30 18 11 61 7362 20 44
28 7 20 47 3725 15 9
23 11 1 37 10357 17 27
31 5 18 49 4031 17 42
34 13 30 22 9250 13 51
17 7 9 21 2987 13 63
9 9 19 1 10555 26 45
17 16 1 25 12733 16 34
37 16 1 58 11449 14 25
36 10 34 16 3392 16 34
39 11 9 39 5142 14 33
36 10 19 1 6428 23 34
23 11 15 1 10034 31 28
17 1 17 17 12670 21 25
37 6 1 85 12408 13 50
34 7 15 11 11036 15 38
37 20 24 64 3941 18 31
14 18 1 1 7293 30 66
34 18 1 15 2862 15 78
13 1 15 50 1193 19 52
57 2 3 14 10674 12 41
20 11 21 36 12162 12 65
29 6 21 21 1132 23 57
22 6 33 11 11529 14 23
22 11 12 69 12513 24 58
41 14 31 1 4028 25 22
38 5 36 57 415 22 23
20 16 15 1 6893 18 43
40 11 4 14 10592 17 32
35 4 3 61 9945 23 53
41 8 8 37 9443 23 25
8 4 47 85 10930 11 38
12 3 21 23 4589 13 41
20 11 30 41 986 17 27
37 11 14 19 11175 21 45
28 10 27 40 4679 17 47
47 4 24 19 9344 16 8
26 14 35 13 5534 13 60
38 9 45 55 6589 19 66
44 4 14 18 12075 19 56
29 3 35 16 5414 18 40
29 8 18 33 11327 17 17
32 12 9 27 6668 23 29
28 10 31 79 9903 20 56
25 9 30 36 1529 23 26
33 13 5 46 3586 20 40
26 16 22 55 9904 23 60
21 1 1 19 46 12 40
33 5 17 35 8015 21 24
35 11 30 1 8283 14 30
33 9 2 44 12395 20 53
22 12 38 22 9664 30 42
21 7 55 11 12642 31 27
51 9 24 37 3156 26 30
5 13 14 9 8631 20 59
41 8 4 12 5767 27 51
26 10 21 1 5290 20 13
38 1 20 36 5541 8 15
18 16 6 45 9945 15 21
30 14 42 30 10590 14 26
33 5 21 16 5828 11 15
33 10 15 74 2958 26 10
31 12 27 10 5826 11 17
41 11 25 1 5197 9 19
36 12 18 55 2990 18 11
47 1 23 1 7151 15 25
28 25 8 11 7840 26 21
13 11 30 64 9734 18 16
32 2 29 1 9408 19 16
29 9 11 48 1080 12 17
52 8 1 16 9175 12 16
34 1 7 50 9953 21 23
31 7 15 8 831 21 25
38 8 14 31 3947 25 17
37 6 33 32 12864 23 28
43 12 16 20 8757 20 24
31 7 27 66 4071 15 18
38 1 22 63 13469 19 16
55 13 28 26 2089 20 22
32 22 13 40 7872 12 12
15 10 42 48 4226 25 20
21 6 14 15 13407 33 19
16 16 25 5 4939 13 19
31 1 2 38 12482 19 24
30 7 20 17 3982 27 18
26 11 2 31 9876 14 19
41 12 18 1 9659 19 13
17 11 2 1 990 16 23
14 12 1 1 6381 19 14
42 5 33 23 10589 25 23
36 8 10 40 7093 23 24
35 19 34 12 9113 23 18
15 6 43 11 11372 23 14
30 11 17 5 11484 17 26
32 12 44 39 1940 27 14
32 11 33 57 4700 28 20
36 7 30 32 3763 19 20
44 7 21 9 509 25 11
22 13 43 29 6160 28 24
37 4 4 1 11929 16 17
36 3 21 45 12453 24 27
40 11 32 38 9171 19 20
17 9 21 27 4936 22 22
25 5 8 44 5330 18 27
9 6 29 30 10397 21 20
20 15 1 29 10265 16 13
20 7 11 36 905 12 23
27 13 33 44 2518 19 24
44 3 1 67 13166 20 24
28 2 33 77 12423 20 21
22 11 17 45 4376 14 17
24 6 30 27 6314 27 20
25 7 32 20 4332 13 18
19 15 14 21 10272 23 20
30 6 11 44 4396 16 16
35 8 24 21 13185 19 15
28 15 27 18 3062 28 22
49 12 24 10 2791 21 14
18 10 18 61 4660 18 25
32 10 1 17 3388 24 17
40 20 15 1 162 19 20
26 12 1 67 2938 21 19
23 18 14 5 4901 10 21
36 5 33 1 377 19 11
26 7 7 1 6875 17 19
37 2 4 50 205 24 13
37 8 14 68 997 19 23
41 16 20 2 11617 25 17
33 17 13 56 12688 19 20
29 2 40 1 3308 18 18
30 9 6 30 639 16 10
46 3 27 50 1043 19 23
40 10 1 1 11957 22 13
24 13 44 49 12952 15 16
19 3 35 16 10058 23 31
49 4 28 20 13231 19 24
29 13 1 49 4948 21 20
37 6 23 68 3954 16 22
13 4 1 58 1580 25 16
13 1 10 1 12250 16 21
44 9 31 25 8230 23 29
25 15 32 25 300 14 18
36 8 8 17 3573 17 23
34 13 3 31 5937 21 27
50 6 21 1 9531 28 24
31 1 6 44 12930 11 18
15 4 26 56 3907 25 21
29 6 8 1 7223 11 15
37 10 3 42 4597 14 18
20 1 18 11 2164 22 26
11 5 28 45 12358 17 21
31 8 40 28 8846 3 18
30 2 7 24 8501 23 14
22 20 1 20 105 22 19
31 1 11 20 1880 24 26
26 4 19 10 13137 22 17
