50
24 11 13 73 1366 35 25
27 14 1 31 624 30 59
23 9 22 49 1551 37 38
20 12 21 16 1213 28 65
34 20 31 19 1485 48 39
18 7 4 14 1426 72 33
33 16 20 22 1768 20 36
23 16 23 10 576 36 31
42 10 1 26 194 47 66
28 6 21 49 649 48 55
23 10 17 5 622 54 42
23 7 17 54 1379 40 40
16 11 27 16 143 14 27
13 7 26 1 831 22 37
21 11 1 56 316 17 39
1 1 24 1 350 20 30
15 1 5 23 320 14 50
35 5 1 48 1458 21 31
26 7 28 1 1489 18 50
36 7 12 9 285 24 34
31 6 40 1 1548 25 47
41 9 20 1 1435 18 28
32 11 22 75 183 20 36
13 8 33 36 533 28 13
27 3 17 20 466 25 39
23 3 31 76 319 18 9
43 4 18 1 1066 23 24
27 1 22 1 1522 10 61
20 9 4 18 1325 23 50
51 5 20 25 221 14 53
28 7 32 1 848 21 17
46 7 8 10 312 22 31
43 12 49 58 1240 19 52
29 11 27 52 1805 14 53
41 11 5 85 1727 29 27
14 7 11 25 1429 10 47
23 14 24 43 744 15 19
38 9 15 16 1089 16 19
22 15 13 1 690 15 19
32 1 1 91 1151 14 15
23 7 16 26 338 11 19
30 14 42 45 286 27 17
19 11 13 38 590 12 18
25 7 32 48 1053 22 17
21 12 16 37 633 18 10
29 8 19 23 801 10 22
31 6 28 70 1177 23 19
33 11 33 31 1758 14 21
33 10 19 4 1040 18 24
42 14 48 61 1845 23 10
