200
19 75 54 47 6636 2 3
20 63 38 44 29272 4 2
16 76 51 49 35136 3 3
14 89 46 47 18963 3 5
17 51 51 52 16293 3 5
12 64 49 54 16571 3 3
16 96 47 54 2286 3 4
14 61 53 53 36000 2 3
17 67 47 44 20035 2 3
18 86 44 44 7895 2 2
15 73 36 42 16871 3 4
14 80 51 50 27120 4 4
11 74 44 52 12301 3 4
16 74 49 49 28323 4 4
11 77 39 50 10963 3 6
14 78 41 51 33556 5 3
16 71 42 58 27401 3 4
14 80 48 51 25042 2 2
15 54 42 50 30738 2 5
15 80 37 55 27813 5 3
15 81 39 48 24752 3 4
15 67 50 55 33791 3 5
12 59 49 54 16515 4 5
12 52 45 41 13288 2 3
10 75 53 48 10562 4 2
10 53 38 48 2036 3 5
15 72 31 46 28431 2 3
17 84 48 54 24026 2 3
14 70 46 48 17259 3 6
14 71 52 60 15515 4 4
10 58 45 54 5003 4 3
18 84 45 51 621 3 4
15 65 40 51 1375 4 4
14 78 56 51 9783 1 3
15 78 45 53 4211 3 3
15 67 44 60 36762 4 5
12 82 45 46 26552 5 5
15 50 50 45 3021 4 5
13 71 45 52 14021 2 4
16 81 39 58 1240 4 5
16 76 36 45 30274 2 3
11 60 60 54 28582 1 3
18 79 46 60 10161 1 4
13 91 51 53 24425 3 4
15 69 51 54 4519 4 5
12 50 49 43 21610 3 3
19 87 38 55 9854 2 4
17 100 44 45 19715 5 6
13 67 33 46 33077 3 4
16 86 45 43 28410 5 5
18 79 40 47 21321 4 3
12 90 44 52 14683 2 4
14 78 48 42 11911 2 5
16 83 39 44 15424 4 4
13 53 44 56 16247 3 4
17 58 43 52 28817 3 5
14 71 51 52 14626 4 3
17 78 54 57 9626 2 3
13 89 56 55 36575 2 5
11 70 47 45 17931 3 3
13 84 46 50 4102 5 5
16 100 35 56 7505 3 4
17 83 55 47 22778 4 5
14 62 46 50 4574 3 4
15 71 34 55 962 2 4
12 72 60 50 20536 2 5
13 72 34 40 3911 2 4
17 73 55 56 21612 4 3
15 79 43 50 14288 3 4
19 88 36 49 4508 2 4
13 60 44 52 36208 5 5
11 81 51 57 34939 2 4
17 55 47 49 18318 1 4
15 82 35 49 12164 2 5
14 70 48 44 22646 3 3
14 71 45 51 32238 4 4
16 86 39 43 4461 3 3
11 80 43 50 19392 3 2
18 69 30 48 31899 3 4
20 92 53 54 34749 5 5
15 88 34 53 17709 2 3
14 74 42 43 13533 3 5
11 60 42 46 640 2 4
17 82 58 49 10106 3 5
16 65 41 50 26408 2 3
14 96 54 58 1142 4 4
10 100 55 53 29408 2 6
15 77 35 50 3856 1 2
18 80 42 53 16532 4 3
14 79 37 48 33732 3 2
16 91 44 49 2901 3 6
15 76 36 56 18015 4 2
13 73 36 50 22255 3 4
15 60 58 45 6164 4 4
17 84 44 51 36152 1 3
10 90 47 42 10560 5 3
19 67 43 47 28138 1 4
15 66 39 49 19755 4 3
16 78 40 48 25122 3 3
15 69 49 50 30731 1 4
13 56 46 49 14604 4 3
20 79 42 47 33914 2 4
18 75 60 50 32926 4 5
15 71 46 49 28811 1 4
16 83 50 50 15132 4 6
16 69 34 49 26311 3 5
19 73 30 52 1315 1 4
13 69 45 53 23519 4 2
17 68 50 57 1712 3 3
19 54 48 42 24439 2 6
12 65 46 51 2154 3 4
19 80 60 57 8259 3 3
18 88 41 49 31983 2 2
18 68 45 48 21344 4 4
19 91 41 48 12481 4 4
15 64 49 45 14334 3 4
14 91 58 43 22043 2 2
20 76 53 49 35171 2 3
16 93 40 40 13683 3 6
16 75 44 42 35116 4 6
16 100 47 53 4093 2 4
18 68 46 58 8214 4 5
16 72 42 59 25234 4 5
14 70 35 53 32416 2 4
17 67 52 46 2503 3 3
15 80 53 49 33840 2 5
17 70 55 50 14015 3 4
18 73 47 55 35988 1 3
15 72 35 58 15341 3 3
11 74 40 47 35010 3 6
16 75 42 55 7072 3 3
15 50 44 41 31096 2 4
15 68 34 40 36377 3 3
11 56 41 41 18629 3 3
13 93 56 45 6057 4 3
14 68 47 47 33129 1 5
12 79 45 52 1658 4 6
10 71 41 55 10373 1 4
10 58 42 48 34666 4 2
18 75 37 49 21611 3 5
17 81 38 48 20402 3 5
12 78 46 52 9258 3 4
14 69 49 47 16078 2 2
15 90 47 46 33960 4 4
14 59 46 56 26046 2 3
14 88 50 45 21853 4 4
18 69 38 59 34853 3 5
18 57 33 54 14540 2 4
14 78 40 55 36035 3 3
11 80 41 52 21327 4 3
16 66 41 52 25971 3 5
15 75 50 46 36287 2 3
14 79 39 51 16935 2 4
16 74 42 51 19166 3 4
10 100 60 45 14881 2 3
11 73 49 57 16989 4 3
11 80 41 60 24169 2 4
15 83 53 50 4111 2 5
14 67 49 47 35317 2 4
15 76 43 50 7143 4 4
18 94 31 52 30552 4 3
20 83 46 56 31842 1 3
16 78 46 51 10374 3 5
15 84 53 50 28918 2 5
17 88 40 51 21180 3 3
19 93 49 54 14959 2 5
20 84 60 47 19991 3 5
15 100 39 55 15655 4 3
13 77 46 54 25447 2 4
13 92 35 49 33989 4 3
16 72 44 41 24194 4 4
12 89 47 49 27858 2 4
20 83 42 48 2975 3 5
16 70 48 54 34417 3 4
14 84 48 46 22782 3 4
19 50 49 52 30269 3 4
11 100 53 49 33425 1 3
14 65 40 50 33859 3 3
15 80 46 52 18594 2 3
11 80 44 41 18495 1 5
14 82 53 48 29173 3 4
13 75 49 46 7724 2 3
16 68 53 50 10356 3 5
11 61 56 42 3507 2 4
10 85 53 51 19335 2 6
11 76 30 48 36616 3 3
16 70 43 48 7590 2 4
12 73 43 54 10348 3 5
16 76 47 42 34803 4 6
15 69 49 60 20113 3 5
16 58 38 55 27236 4 4
15 84 51 49 14113 3 2
16 81 60 47 22627 2 3
15 68 39 46 29839 2 5
14 66 44 51 11605 4 3
16 90 48 49 26278 4 3
15 82 44 51 33320 3 6
20 88 50 50 29744 2 4
14 62 46 42 34638 4 4
16 89 49 54 24425 4 5