450
25 46 53 29 14694 58 92
31 34 36 42 13227 47 96
29 30 54 22 7094 44 54
24 30 42 20 15381 29 6
35 49 27 21 16560 33 56
21 33 26 26 13081 41 48
39 29 50 36 1834 18 75
29 28 25 35 13133 56 55
26 30 42 46 11396 26 17
22 30 51 45 8067 44 69
15 27 50 24 10377 36 67
21 47 30 38 9246 69 26
24 42 49 24 8587 8 66
15 43 33 26 7048 70 47
42 36 54 28 14973 40 80
27 38 46 28 4852 55 46
26 32 25 29 12584 37 73
22 36 40 34 4610 69 62
25 49 32 26 11964 100 42
34 52 49 24 8625 92 21
25 38 42 29 3051 98 27
25 46 25 22 3440 48 6
20 37 33 44 927 51 60
23 38 44 33 6337 68 34
18 38 50 38 5735 31 73
23 26 30 17 18562 73 49
20 41 30 31 5874 63 60
35 27 43 26 8079 15 45
37 36 30 37 15075 36 91
34 40 31 46 9230 77 49
31 31 51 31 6302 63 72
24 47 34 18 6006 47 74
21 48 28 46 9738 42 46
23 39 37 43 6497 38 61
20 25 53 30 3020 90 57
41 42 30 37 15519 23 79
23 45 40 26 2302 48 57
14 46 27 38 10585 42 34
24 53 44 24 13217 36 40
42 46 28 42 18245 41 43
40 27 32 23 133 7 35
43 30 40 42 14799 64 76
29 27 28 23 9969 85 97
31 49 28 34 3148 90 66
21 35 44 40 18497 8 26
19 35 54 19 6955 91 71
19 28 39 22 4309 35 61
32 39 38 25 4829 35 27
26 37 41 46 15801 51 45
28 45 35 38 8680 94 29
16 51 48 30 6591 30 81
34 51 38 44 11392 50 77
24 41 51 41 8277 58 84
43 53 46 45 15357 1 20
27 38 49 23 16573 39 60
39 27 52 30 7155 71 56
38 40 35 35 5459 60 52
37 43 34 32 7039 36 6
32 28 29 21 17273 66 75
42 26 42 22 12901 37 90
29 52 27 42 15412 86 46
25 24 34 43 10566 44 60
37 30 28 39 6580 53 56
31 30 37 21 2097 54 70
38 50 51 25 5510 55 52
26 35 50 41 3883 77 22
14 38 42 35 10776 61 40
20 29 47 21 17570 97 71
41 46 33 27 3216 54 36
33 42 25 41 10176 37 40
34 52 29 42 13117 81 53
17 48 25 34 14980 39 19
16 39 39 22 13935 57 38
23 42 40 40 17247 76 86
30 31 44 27 11937 16 72
35 39 37 29 16092 85 89
42 35 43 42 7280 46 77
17 30 27 20 8195 24 50
16 49 39 42 10762 52 65
40 36 40 25 12221 1 53
35 30 41 21 6448 27 105
29 45 52 28 17689 66 33
28 34 46 30 941 27 65
41 31 36 18 14257 59 90
25 24 48 35 6628 51 31
30 49 38 19 11424 67 52
35 51 48 38 1497 50 61
24 53 54 18 16964 63 78
29 27 31 34 10246 1 57
37 40 38 46 6543 72 34
30 41 32 29 6756 35 27
24 39 40 29 3115 46 39
18 42 37 44 5068 26 71
42 31 29 41 14238 92 33
27 46 38 30 12794 15 68
43 29 51 34 500 38 72
17 44 50 21 15531 16 27
39 27 53 17 17845 12 68
41 29 39 34 16742 12 69
41 50 35 19 9690 84 49
28 24 45 35 7359 59 37
20 52 46 21 6738 19 62
36 28 34 45 3456 33 28
22 24 42 24 6956 52 39
38 25 29 43 9870 40 51
31 44 47 35 12768 45 49
35 44 51 43 6655 67 73
30 35 52 35 16602 60 64
28 30 51 44 5715 6 29
42 26 38 18 6101 47 65
42 32 26 38 2391 10 53
29 37 53 40 12733 1 77
30 45 38 43 3039 32 71
22 49 53 36 17092 77 74
25 44 32 23 15377 66 15
33 49 29 42 4901 39 47
25 37 29 17 4925 92 64
19 36 34 43 13683 62 30
26 48 30 43 12539 68 47
42 43 30 22 11522 62 52
36 36 29 27 3919 65 29
42 25 46 27 11131 15 27
21 44 47 18 209 69 29
40 33 28 24 8566 64 13
42 30 44 33 2419 1 93
29 38 35 28 2936 57 61
40 48 26 22 4471 15 81
40 49 39 22 14412 53 40
21 31 33 41 1882 3 88
16 31 49 29 1036 57 50
16 41 48 32 13601 80 86
30 48 35 24 13009 97 19
16 30 29 30 13935 100 33
25 53 38 39 2458 32 39
21 39 31 18 13625 60 35
23 37 36 46 11317 5 15
35 41 35 32 9174 29 69
36 43 45 44 10437 68 51
20 33 44 46 12851 32 21
25 49 40 46 15101 54 46
43 44 42 42 5380 25 59
27 53 25 36 6492 43 40
37 42 48 24 12016 35 32
38 35 36 39 6784 60 17
32 40 35 36 5354 55 82
38 38 49 31 11220 53 40
30 45 38 20 2440 75 64
21 41 31 17 2355 55 15
38 29 45 30 4840 37 48
29 48 29 31 2649 92 45
19 36 34 42 5546 74 46
21 53 33 37 14153 48 50
14 33 44 20 9266 45 18
42 45 46 29 7349 71 51
38 40 48 21 15565 92 56
36 35 44 36 2838 16 67
26 29 41 45 18298 19 31
26 29 37 20 13318 85 29
27 34 38 27 14967 32 57
33 41 41 30 6031 31 6
28 40 43 25 6232 84 68
23 42 28 31 2059 35 84
24 50 27 25 11201 76 40
34 38 38 38 15599 97 53
21 33 42 25 10324 51 74
21 41 26 38 15034 26 35
31 36 52 39 2052 15 84
30 46 37 33 7530 56 77
21 30 27 24 17355 54 56
18 35 40 25 9973 65 62
17 44 27 17 11190 43 57
22 41 54 43 10984 46 53
41 51 44 33 12965 38 50
19 38 52 19 9665 15 28
19 41 38 28 2996 1 37
30 51 44 32 4078 45 62
15 41 25 29 4948 9 87
17 45 36 21 16951 53 51
16 33 29 46 6483 66 88
23 42 51 17 14404 42 37
34 38 27 20 16282 1 65
28 30 42 29 5004 53 25
19 49 37 32 12923 43 60
37 51 39 24 16829 46 39
28 33 44 39 778 35 27
22 50 28 17 18235 25 18
19 45 53 27 7049 47 79
23 28 32 38 7129 31 49
42 39 53 19 8720 18 6
42 38 31 35 8564 54 35
34 51 42 43 15815 36 49
38 39 49 39 8325 4 14
20 27 25 37 9598 39 13
43 29 30 24 5522 50 40
36 26 51 37 3870 48 6
42 39 47 37 13031 62 60
17 46 36 29 12959 24 7
37 27 27 34 339 67 50
17 38 50 29 4210 50 49
23 31 27 38 1609 68 71
38 41 32 41 7717 76 69
27 32 38 38 727 36 81
25 25 51 41 11604 75 52
16 27 31 46 6207 89 6
37 49 40 34 12529 48 46
35 49 41 22 2011 51 23
37 51 43 31 1151 64 58
39 50 37 38 3104 11 33
43 43 34 28 7182 33 59
21 45 38 32 10183 36 101
36 37 37 31 5676 35 6
40 38 37 28 16389 50 55
15 45 28 33 2265 9 85
29 40 50 25 1832 71 27
35 28 54 30 9828 44 78
29 29 25 30 1052 2 93
19 26 34 39 3215 54 88
38 40 31 27 514 55 44
26 27 44 22 8231 76 69
17 44 28 19 4204 67 9
15 30 26 45 13525 39 25
33 40 47 42 8783 68 6
34 46 42 44 12486 61 67
30 49 36 30 7246 36 68
18 31 49 37 3990 45 35
33 31 46 20 12938 10 9
19 41 34 24 16722 56 14
38 47 33 25 2418 97 47
24 33 49 28 975 53 59
43 43 31 35 5063 29 83
43 39 53 24 17787 75 65
19 25 45 24 15480 77 8
30 26 25 35 4856 15 29
27 26 33 40 2040 7 9
23 31 35 40 886 42 92
37 45 43 24 15659 1 64
20 27 28 33 8660 79 42
37 25 46 17 11871 49 25
41 51 44 19 6021 48 57
19 40 44 37 5839 27 49
23 44 47 24 5822 98 6
37 45 32 37 5871 82 50
34 30 40 18 10001 29 56
27 37 44 17 12494 44 59
16 28 42 35 5184 9 71
35 34 30 32 11210 31 60
29 46 33 29 8728 83 81
38 49 45 18 9730 50 65
15 50 43 35 3824 50 68
20 40 54 19 4117 60 84
43 52 43 39 17975 84 58
36 44 33 34 10115 61 60
22 36 33 37 10997 75 49
30 53 29 20 6448 42 48
32 47 39 37 7437 42 81
15 53 36 20 16410 50 56
32 49 31 44 10969 55 27
32 30 36 46 13595 1 24
35 44 50 20 4902 64 38
19 39 48 20 9787 26 7
27 27 38 19 17824 21 69
40 33 29 18 579 29 38
27 42 47 46 2573 72 39
25 39 50 39 17217 46 38
29 24 25 39 18348 52 41
22 48 54 36 907 7 6
40 28 30 19 13557 44 38
25 42 41 37 9928 2 51
18 46 33 37 17754 55 24
42 24 29 24 14749 78 44
31 37 27 19 13854 37 68
21 24 46 22 17983 43 41
28 26 41 35 17793 54 40
19 32 44 24 14294 53 35
28 28 28 30 17106 54 36
29 33 52 40 15516 21 65
35 24 46 43 7249 31 53
20 35 39 45 4080 85 89
38 49 51 44 396 33 24
38 39 40 46 11101 43 18
29 37 50 41 3138 81 82
36 25 33 41 2966 56 59
37 30 50 22 12658 56 78
18 29 35 18 3297 19 51
34 47 49 20 10939 27 16
22 39 49 40 6497 1 71
33 48 31 33 12990 25 76
34 29 39 45 3886 50 56
16 35 27 24 15548 55 12
31 52 25 34 15380 46 57
25 36 34 39 11047 51 89
24 42 36 41 12430 41 68
28 31 45 44 17371 76 23
38 40 52 34 6345 12 81
21 46 29 27 2601 49 93
25 42 52 35 860 44 100
23 50 36 43 13222 47 38
25 52 51 33 15456 100 21
33 49 47 29 14485 33 21
40 29 43 39 8170 76 78
41 45 25 37 16003 26 54
40 51 54 46 4013 7 52
14 46 32 30 8547 75 44
21 43 27 31 11572 29 17
34 46 27 41 8459 20 85
25 32 31 40 16362 58 57
43 40 45 43 15234 56 70
29 42 50 22 5292 45 87
41 27 42 34 11447 71 70
35 40 31 26 11132 63 71
29 48 30 44 4268 34 20
23 37 39 35 2945 70 59
23 39 48 36 17218 46 104
24 28 41 22 2559 67 105
38 44 34 22 13635 72 61
39 31 54 39 15230 50 91
19 37 32 34 1572 16 97
38 50 42 23 17871 52 47
28 26 48 34 16381 76 80
26 51 28 46 10869 50 61
20 32 36 46 13766 35 35
42 46 37 42 5028 41 44
29 25 27 32 249 63 55
22 26 53 18 3266 51 25
17 50 53 42 17098 26 33
34 36 31 43 17100 52 105
20 44 36 37 10881 46 26
36 47 49 27 3663 70 71
38 39 47 24 3060 37 105
39 49 40 21 18171 14 51
15 44 27 35 1270 45 58
24 47 51 43 7187 42 72
33 48 33 26 14733 57 26
23 29 27 37 15109 100 32
23 43 26 17 10368 100 81
15 45 48 23 11027 21 80
35 24 28 44 3973 12 27
32 49 52 35 15017 87 76
30 47 42 28 831 43 63
23 47 28 43 7054 70 12
18 24 54 29 6145 39 69
24 30 32 22 582 34 58
35 47 51 22 5477 16 31
24 48 26 30 14672 72 58
18 34 44 24 12183 27 58
38 30 29 35 9135 11 7
24 39 47 26 9622 35 73
30 42 52 37 11636 25 77
39 27 27 39 3078 51 63
14 39 54 39 10434 62 46
31 38 25 36 4077 53 94
28 51 36 22 7035 47 62
41 38 49 40 5481 63 73
40 34 32 36 6852 30 60
15 32 31 46 15609 63 6
33 32 50 40 12112 74 65
42 43 47 35 13627 43 52
32 38 42 26 7124 39 75
29 40 31 44 724 48 97
35 47 54 21 11291 39 55
33 51 42 44 8948 80 13
23 37 32 24 11817 88 33
21 25 25 43 4310 60 43
37 30 31 45 16764 47 72
30 26 30 33 17742 64 59
33 30 48 37 169 60 84
21 36 47 22 18128 68 15
19 51 52 43 4654 90 87
36 49 26 31 3005 76 74
16 27 38 31 13418 47 35
35 27 26 45 17819 84 56
36 26 45 27 13672 35 47
27 49 46 38 2125 100 82
34 53 36 43 1260 17 47
22 29 31 43 2356 69 100
43 44 53 23 11142 70 30
39 37 48 23 8515 26 64
26 37 53 45 5700 54 52
20 42 42 23 6166 62 92
39 30 40 29 10541 79 29
41 29 30 44 17150 69 54
40 45 51 41 11871 70 77
34 39 47 28 1468 77 18
33 29 54 21 554 43 78
16 41 43 21 8273 28 91
24 37 37 20 1366 100 62
28 24 35 19 12811 48 56
36 28 26 17 1218 36 65
16 32 25 26 17755 87 26
36 46 53 38 5117 51 54
32 44 45 27 7229 29 68
17 37 47 40 11295 59 55
30 44 51 31 13434 35 6
28 33 53 18 6298 49 68
21 53 33 42 4733 40 39
37 25 33 35 18103 59 6
25 43 37 23 7587 22 39
33 36 48 44 11106 99 37
14 45 51 17 13399 68 86
23 24 51 36 1230 62 19
33 33 37 34 13756 90 88
32 45 44 44 3026 80 57
43 31 48 19 14428 92 58
20 30 54 22 294 44 61
37 32 37 21 345 82 77
38 40 28 30 3428 52 61
39 34 44 32 7944 39 34
14 37 35 40 10942 85 82
41 42 42 43 8024 88 100
14 31 39 39 5072 66 71
42 36 28 37 11828 63 46
37 35 35 37 12547 70 34
17 47 46 35 291 53 64
29 40 52 40 1475 70 46
17 46 44 40 5877 51 85
31 25 30 25 10849 6 66
34 45 43 33 13511 56 42
32 41 41 21 9433 33 7
18 44 35 25 4138 49 70
38 39 30 19 16115 73 65
17 44 45 42 13835 57 34
29 36 52 39 10228 26 27
27 40 40 45 8742 44 62
15 28 26 25 14117 4 101
23 41 54 23 11698 36 41
17 35 49 41 2666 68 78
35 24 36 27 3367 42 11
21 47 45 43 9909 84 52
39 29 38 22 15455 34 74
43 49 36 18 11665 15 50
27 39 53 38 12509 35 51
17 52 34 45 14000 1 15
28 47 53 18 5113 93 33
43 35 44 22 8886 67 48
19 52 47 17 14159 52 57
35 48 36 45 16801 35 77
32 31 47 28 15013 40 25
27 42 52 29 15499 57 75
30 25 33 40 17665 63 54
15 49 31 32 7017 68 82
37 46 36 35 15219 61 67
15 24 48 40 17373 51 22
35 42 54 39 4845 1 62
21 30 49 41 13741 54 30
29 25 27 43 9338 31 77
22 26 28 25 8557 55 51
31 45 48 26 7496 39 6
14 35 43 33 9648 41 105
17 44 45 19 7066 69 25
22 45 29 44 2684 29 61
