200
24 12 10 68 657 61 52
40 15 10 64 4275 39 79
38 5 40 1 2456 45 50
22 8 15 20 3600 57 38
37 2 40 1 3141 47 43
56 5 1 64 1558 12 41
46 10 27 47 2989 31 34
10 4 55 26 237 2 24
36 10 1 13 855 30 28
27 14 6 15 4229 64 57
13 20 27 33 5902 35 30
24 3 19 37 688 37 47
27 11 38 31 2565 36 46
33 4 29 44 5250 56 42
40 10 13 43 1351 39 55
7 8 51 69 3023 25 11
21 13 20 37 1181 35 11
26 12 6 12 6223 44 26
18 4 28 65 4788 43 48
23 16 33 20 1963 19 46
41 13 13 7 1091 31 16
32 10 22 9 1908 31 48
26 14 1 28 5582 14 38
37 8 34 15 4639 49 37
30 14 58 62 6737 41 39
18 11 41 24 6460 100 39
26 14 29 2 1766 57 32
16 19 31 42 4275 31 24
17 5 18 71 6786 27 29
26 15 6 16 1893 33 16
26 14 1 44 5973 30 51
29 17 20 9 227 59 11
44 7 21 45 143 29 30
22 18 19 24 760 52 30
5 10 15 37 2179 63 50
36 12 21 80 278 55 50
29 9 1 23 1789 50 24
28 10 19 1 226 44 74
33 14 1 12 1783 20 41
28 8 43 1 3533 21 27
39 9 56 46 2732 38 22
30 18 38 8 3383 16 12
52 13 34 1 4690 45 23
41 11 8 1 1913 46 30
39 10 33 21 5967 18 47
31 5 25 16 3903 44 34
38 7 10 1 1370 49 32
28 6 13 84 4300 41 36
28 14 31 80 2718 46 46
27 11 47 65 367 36 47
31 17 17 39 4726 17 37
26 12 29 18 5998 24 59
28 10 16 9 1796 24 32
47 4 16 44 762 24 57
33 12 27 58 4142 31 43
24 10 10 13 1575 15 12
17 10 22 44 2622 15 46
34 16 16 39 6319 20 3
27 3 11 1 2273 23 40
28 15 31 46 2102 25 24
49 17 38 1 5053 15 51
20 12 1 52 981 24 42
33 19 2 21 4890 28 43
33 6 29 61 404 20 32
20 3 8 7 2795 21 65
8 6 26 45 859 25 30
24 4 14 3 1025 25 55
31 4 24 1 5043 15 80
40 12 50 30 3421 22 69
35 5 30 20 4287 23 55
23 8 10 13 4324 23 38
22 12 11 6 4061 22 47
36 5 1 25 6194 20 40
20 1 36 18 5437 17 44
31 11 49 63 6330 13 45
21 9 1 51 5071 24 44
36 11 23 4 831 15 44
29 10 18 61 6326 26 33
11 9 1 32 6772 25 40
30 12 34 67 4014 16 56
36 5 19 1 108 24 17
19 11 23 55 2418 19 45
29 6 16 44 4579 20 38
48 13 17 1 992 21 25
22 6 11 73 1717 25 35
10 11 1 73 456 15 63
42 8 1 25 5079 19 62
31 7 7 1 3432 17 32
11 5 11 37 2835 26 52
31 14 1 35 776 9 35
24 1 24 54 3705 18 22
38 1 28 17 4605 9 41
33 7 41 33 6526 31 48
24 16 4 21 1098 17 16
53 10 33 16 4948 14 21
44 17 19 17 222 20 40
14 14 17 62 1865 15 38
7 5 8 49 3342 24 62
42 1 15 59 3638 21 27
29 4 17 39 5251 28 33
14 3 26 15 3260 26 39
33 14 19 23 5707 20 37
24 12 31 28 2935 10 34
38 6 26 7 4836 11 35
38 9 48 44 2116 21 27
25 1 18 24 6097 25 50
38 6 3 47 4781 14 62
33 5 27 6 5315 4 40
41 9 7 29 6504 25 43
16 11 1 56 412 21 28
20 2 19 16 4940 21 42
21 17 28 43 3408 20 28
43 9 32 14 774 21 51
13 6 18 43 425 15 21
20 15 25 14 6267 25 41
21 6 39 6 3634 17 45
26 13 25 35 5742 20 28
30 6 16 1 3701 24 27
18 5 6 4 6545 26 55
30 11 35 1 5157 22 58
27 11 13 1 5613 14 28
27 10 46 60 1131 15 53
28 9 52 48 3950 20 61
42 9 20 43 2185 26 20
25 10 1 54 2231 15 62
49 12 17 39 2168 25 36
21 13 35 40 2978 17 52
30 11 19 16 2280 21 22
35 10 45 25 475 27 63
14 1 9 36 992 25 45
54 16 29 49 6067 16 64
28 14 24 41 1772 20 14
24 7 1 16 3597 18 30
34 5 33 45 770 22 48
30 9 12 37 3476 12 29
29 12 23 1 1651 15 25
32 1 1 13 4115 29 48
47 7 1 17 2405 18 34
33 8 23 1 3924 21 31
38 17 1 40 5791 14 54
35 4 26 3 1237 29 30
26 2 1 85 5444 19 32
25 19 27 34 6468 17 44
28 14 28 25 2205 26 31
30 18 22 58 1512 19 38
29 7 13 3 4933 17 49
31 15 21 73 6405 11 44
36 13 12 64 4860 20 29
26 6 8 23 1983 21 24
23 6 7 40 5258 22 23
33 5 28 1 2853 27 25
32 2 14 10 2248 22 21
22 7 20 30 2147 18 18
22 19 13 26 4820 20 20
27 13 1 1 3537 16 17
15 11 39 68 4129 17 12
42 4 20 19 4455 17 9
29 8 21 16 937 23 21
59 8 15 5 3997 15 27
33 6 1 18 826 26 22
9 8 58 69 730 19 24
30 7 13 76 3871 23 31
17 12 27 23 3907 10 24
20 1 26 50 4484 20 26
13 19 37 1 5314 17 12
32 18 22 52 4139 15 23
15 7 18 21 2443 20 16
42 5 41 43 1413 18 26
19 11 18 20 2618 17 29
43 7 1 30 6126 14 23
49 19 5 13 1771 18 26
10 13 39 1 5967 24 16
31 13 20 3 6451 21 26
22 16 10 14 3344 17 11
17 13 3 12 513 21 25
23 7 35 29 4510 23 18
22 12 10 37 3078 24 23
17 10 51 14 2496 20 21
13 13 35 16 2862 18 15
34 10 31 3 1460 13 16
31 16 32 82 2999 27 11
37 14 49 28 4644 24 17
22 11 15 49 3110 10 25
16 12 39 36 3438 19 20
27 2 28 25 5434 19 20
33 2 40 47 5550 25 21
22 8 14 43 5729 23 20
53 19 30 1 1726 26 18
14 6 40 61 1191 17 23
25 2 43 87 4311 16 14
21 12 32 75 1814 24 22
33 11 22 30 4952 19 26
26 19 54 44 4382 21 15
11 2 35 39 1556 20 24
30 5 18 12 367 21 23
18 11 32 30 6087 23 20
23 17 40 35 5989 19 17
47 17 23 31 6318 20 26
5 8 16 1 2950 17 14
27 6 25 1 4573 21 18
