300
32 8 15 20 5799 25 36
25 15 41 1 2747 54 24
31 2 16 56 2703 46 32
53 3 16 7 10291 72 21
28 24 20 37 4668 47 47
25 12 8 48 4504 26 53
42 4 14 34 4402 44 49
30 3 1 64 8920 27 61
51 5 17 20 5680 41 60
31 14 1 34 9287 32 28
26 8 20 4 10202 54 49
25 1 25 35 10188 39 56
30 11 27 29 8570 55 60
18 12 8 69 180 35 87
34 6 7 19 5048 48 26
36 10 36 27 10426 45 55
39 14 28 25 7237 25 44
20 5 19 29 8143 58 59
32 9 18 32 6252 26 36
28 10 26 31 1264 1 16
40 8 10 11 2269 45 55
41 8 13 1 2739 40 25
27 5 10 25 727 47 46
19 8 44 53 9199 50 20
52 23 25 27 636 21 36
41 11 15 1 8351 30 20
3 11 10 1 6433 32 55
18 11 31 54 4816 21 63
13 4 17 76 6031 38 47
34 11 22 1 7132 29 40
34 16 1 2 7108 19 34
33 14 19 91 529 23 58
33 6 20 47 5288 41 32
22 6 23 29 8562 31 39
28 9 22 1 10051 46 51
32 16 29 26 4066 39 75
43 6 28 55 6172 56 16
11 12 25 44 5580 66 49
31 7 10 20 10224 25 41
26 19 24 1 3081 4 18
52 5 9 67 3684 34 16
19 16 17 67 9613 56 29
9 6 1 1 3711 19 37
13 1 39 19 4215 32 22
24 9 18 65 7354 20 38
35 11 35 74 9326 52 64
37 10 47 105 8387 46 48
25 7 40 21 6250 26 35
42 14 32 50 1476 56 43
55 19 33 83 8528 60 6
43 10 16 1 6923 36 80
33 4 27 47 6423 46 52
35 1 19 52 10086 24 48
35 12 4 1 8697 51 30
30 16 13 32 5058 30 43
26 10 5 58 2266 7 62
23 12 23 57 8830 31 29
43 8 18 17 2208 69 32
26 7 41 1 9935 39 68
34 4 20 16 904 18 32
36 3 22 74 5992 57 16
24 1 17 44 4149 29 26
11 14 34 65 9579 62 40
31 6 22 1 2280 49 1
27 14 31 19 10020 36 30
19 8 24 62 3845 30 33
20 8 1 60 5817 46 40
33 12 39 39 825 69 64
36 14 40 65 8393 63 28
24 9 33 23 2563 42 56
36 8 4 46 4623 26 63
30 1 10 35 6611 11 46
23 16 45 14 7889 15 37
38 12 29 21 8070 41 47
29 13 26 48 9844 6 36
42 15 29 31 7454 17 52
27 2 7 50 4101 18 50
32 4 17 11 4973 17 34
42 1 7 65 9237 27 65
36 7 37 50 4908 22 52
26 14 1 14 4976 31 31
12 4 32 1 2240 25 23
30 15 21 72 426 22 25
40 14 12 6 6814 16 58
23 11 30 26 1580 17 45
50 5 25 1 2129 14 9
26 14 17 57 10336 19 56
44 11 20 26 936 24 33
23 16 4 80 3386 10 44
11 9 40 1 1656 27 34
19 8 12 24 6778 18 41
29 10 5 31 6414 19 42
25 16 12 1 6598 25 51
35 5 24 1 1086 23 50
38 8 11 55 9510 21 15
31 17 16 48 3445 26 43
50 10 51 13 7100 14 47
11 10 1 15 6281 24 50
31 10 22 21 1924 26 19
39 10 31 35 2958 15 45
28 4 16 18 1246 12 42
47 5 15 11 3168 22 12
23 11 18 42 6022 19 21
35 10 22 58 587 25 34
43 1 26 1 5287 22 53
20 9 33 28 3056 17 16
31 12 36 20 5121 29 51
11 7 49 48 10314 9 28
29 4 10 20 6273 18 58
30 8 5 7 4507 6 37
24 16 18 17 4757 22 51
23 11 43 1 8296 26 49
9 18 13 45 9151 20 57
26 8 1 10 9092 13 4
26 3 22 36 1571 21 41
31 16 1 1 7442 16 50
34 11 17 9 2779 19 25
19 17 30 7 4376 12 21
53 5 21 1 2526 21 61
35 21 6 64 500 14 26
53 9 27 26 9131 28 34
24 4 16 55 970 15 71
27 12 23 44 961 22 42
31 3 16 15 1299 21 35
38 12 16 18 2149 20 39
28 3 56 73 6459 21 56
31 11 15 16 8996 14 55
42 11 11 28 6885 21 52
38 2 28 27 9479 20 54
23 11 1 1 8266 11 10
18 14 65 42 214 19 61
14 7 26 16 896 12 59
20 14 24 37 2999 28 34
32 6 37 45 10006 24 12
46 17 13 1 3102 17 43
48 10 8 4 7408 24 27
29 9 25 11 5734 15 57
13 8 6 28 7698 17 57
7 1 9 37 8221 27 49
39 10 17 71 8855 24 56
36 14 9 55 4567 19 47
42 9 1 44 1492 20 45
27 11 11 43 8538 24 41
26 9 25 21 5148 16 37
38 6 35 29 10104 14 19
32 3 18 34 4899 16 23
25 13 32 52 1690 25 52
26 7 32 36 9008 20 12
36 3 19 42 6793 17 61
23 7 30 18 337 19 27
39 7 8 31 7580 19 1
40 16 35 1 1199 22 50
40 13 11 29 9667 15 31
22 1 1 69 4985 22 53
27 5 11 56 3974 24 42
33 11 1 42 3430 10 69
26 8 1 33 518 16 28
38 6 1 56 9801 23 31
44 18 26 48 3238 25 45
27 14 1 28 4302 15 53
31 18 39 1 2894 21 43
12 17 24 53 8554 26 11
32 17 53 43 5738 27 43
21 6 25 37 7241 16 65
21 1 28 46 8678 15 64
32 18 24 39 8221 18 20
32 1 25 1 8881 25 46
34 1 29 22 5680 19 42
33 8 10 7 256 20 28
43 7 22 51 1017 14 26
44 18 6 18 7221 22 69
17 21 17 13 5100 12 54
23 18 30 53 4108 14 47
40 16 26 18 2345 18 32
20 3 16 10 659 24 46
25 10 1 10 792 18 58
38 7 39 20 8123 17 42
36 25 7 7 2571 14 28
22 14 19 1 9495 20 31
1 1 38 18 9738 23 29
37 13 17 18 8128 16 63
29 3 4 34 4781 13 42
40 9 40 34 9562 20 27
28 1 16 29 5379 16 41
26 20 1 51 3135 16 55
41 9 15 35 3935 25 19
37 7 28 35 8692 16 37
35 14 3 55 2255 17 31
36 9 17 11 716 27 26
25 20 12 29 2387 17 20
24 13 1 19 5516 19 21
44 8 1 3 4493 16 45
31 3 37 46 1824 19 34
40 11 1 1 9908 13 57
28 11 6 15 10176 25 38
22 7 5 33 5124 25 36
25 6 3 45 5591 26 32
44 9 12 13 9524 20 41
19 8 29 2 4198 18 9
34 11 19 38 5873 12 59
41 16 25 1 5785 21 51
23 12 50 36 2521 28 57
30 10 40 1 2501 28 48
33 1 21 12 4920 15 13
24 1 33 21 6663 21 33
35 9 4 40 8401 26 29
51 2 21 38 1629 22 34
24 12 39 1 1614 17 81
26 1 26 95 1478 19 47
16 13 16 72 3502 17 43
44 20 45 47 4907 20 63
27 10 17 28 8832 15 28
20 7 28 55 3246 16 26
35 8 18 85 4902 33 34
10 17 1 61 6265 33 39
45 3 39 17 8336 20 28
15 16 47 38 8505 22 40
48 2 19 18 2373 22 46
45 6 33 14 5547 12 50
33 14 6 5 8096 22 46
32 7 24 38 8351 13 39
32 9 8 33 991 13 31
28 9 20 1 2081 22 57
29 3 16 34 581 16 43
39 1 34 16 2336 16 74
35 15 30 47 8754 22 31
26 1 24 19 3737 25 18
20 12 26 20 1481 18 20
30 11 40 27 10033 24 13
38 1 20 47 8163 24 19
41 12 1 50 1583 17 22
31 8 20 1 7885 18 21
42 5 47 36 1179 18 27
39 4 20 28 7700 15 12
28 3 10 35 118 15 22
18 5 25 57 8869 18 23
37 11 30 52 9809 26 11
33 11 22 77 711 27 25
15 16 47 24 4549 22 23
44 9 9 31 8982 18 22
25 8 59 1 6505 13 20
23 2 1 39 1083 9 18
29 11 4 59 4427 21 18
18 7 25 40 3488 16 19
20 2 19 31 2791 22 23
28 4 6 37 2432 25 21
31 15 22 29 6511 23 27
36 12 10 19 8768 24 18
7 6 1 54 9315 24 17
17 4 23 35 3150 22 26
41 11 12 29 8732 15 15
34 10 10 16 4635 30 15
22 3 11 59 2580 29 20
27 11 36 41 3984 23 15
25 18 43 13 7115 17 23
19 12 27 47 1280 15 21
20 10 38 25 171 21 21
19 3 6 1 6284 22 14
17 16 23 1 10380 30 23
25 13 16 1 10251 23 16
25 12 9 20 9527 25 18
21 8 38 12 6039 20 22
22 5 38 53 7403 15 22
29 7 2 24 544 22 11
16 10 14 68 5078 7 18
46 10 23 39 4590 16 25
31 17 17 17 9229 12 19
34 14 28 52 3105 10 9
28 8 10 45 4465 17 15
21 7 24 1 4794 16 17
11 7 14 15 9740 22 21
37 16 24 49 6371 28 20
35 4 14 13 223 20 22
24 15 23 44 1641 14 20
40 8 37 1 9208 23 24
7 14 50 63 4910 28 18
39 9 4 35 744 25 13
29 7 49 69 9848 20 17
39 3 33 8 9362 22 11
33 7 27 1 10247 20 15
35 6 13 11 7010 16 19
27 10 39 24 3912 29 16
39 8 28 22 6871 21 14
39 7 21 40 7392 26 20
21 3 50 21 6017 18 19
48 7 62 32 7175 14 11
36 3 31 3 7102 25 14
15 11 35 30 9758 21 10
44 17 21 44 3934 16 17
36 15 33 27 8332 18 22
26 8 1 1 7906 26 27
22 7 23 28 10127 23 22
27 10 1 39 10167 20 21
21 7 20 22 4066 18 18
27 1 30 1 7379 16 14
24 6 2 59 3901 22 21
46 8 1 57 8339 18 14
39 8 18 100 8724 12 21
36 11 27 24 6502 25 18
27 5 11 50 3172 17 20
