500
20 86 37 41 62910 3 4
10 77 41 48 7460 3 4
15 61 45 54 73679 1 4
14 78 42 41 8887 3 6
15 78 47 50 77798 3 5
18 68 55 53 6627 3 4
20 72 50 53 91466 1 4
12 83 49 57 21975 2 2
16 55 45 56 60412 2 6
12 79 58 56 5952 3 5
13 56 52 58 90148 2 4
14 60 33 57 1121 2 4
17 72 49 51 75379 2 3
14 63 40 45 44419 4 4
14 79 43 53 42525 3 5
14 80 41 45 87346 5 3
10 90 59 48 30122 5 2
16 71 30 54 22185 4 5
13 71 46 40 61457 2 3
14 69 42 52 12386 5 5
19 81 55 54 45604 3 5
15 57 42 43 23689 3 4
11 84 44 48 71197 2 4
19 78 40 48 87809 2 5
18 65 46 47 76471 3 4
11 98 40 52 79790 4 5
14 86 39 50 85674 1 5
13 50 54 48 70426 2 4
19 63 40 56 66205 1 4
18 50 48 59 41478 2 5
13 68 53 53 29742 2 4
11 89 37 57 31222 2 4
14 77 45 48 52596 1 6
16 85 59 52 23025 1 4
16 82 41 50 82632 2 4
14 71 52 51 89424 2 3
13 71 44 46 15468 4 4
16 87 31 53 88033 2 4
17 75 47 54 67780 2 4
18 81 50 50 13528 2 5
16 89 37 53 6737 4 3
15 85 54 53 80211 4 3
13 82 49 53 39831 1 4
17 83 41 57 73654 4 3
20 72 37 49 41063 4 3
14 67 47 59 66870 3 4
18 91 35 45 81851 3 4
13 94 45 58 80501 3 5
13 73 53 48 20665 5 4
17 75 45 47 57666 3 4
15 79 56 51 61076 3 4
15 68 47 52 72397 3 4
13 90 53 50 25628 4 4
15 92 37 54 83057 4 3
13 85 50 52 27800 4 5
19 67 34 45 24885 4 2
16 76 53 53 71880 3 4
18 91 38 59 44776 3 3
20 69 51 44 40432 3 3
18 64 41 40 54944 2 5
16 56 48 51 87759 2 4
16 74 36 55 80082 2 4
13 74 48 40 3233 2 3
16 68 60 49 61803 2 2
18 89 52 47 19046 4 6
16 97 48 60 43710 3 4
16 74 49 55 72477 5 5
19 68 43 46 72916 4 5
14 98 58 49 55066 2 3
15 78 60 51 66936 4 4
17 81 44 56 63781 5 4
17 84 34 40 44199 3 5
18 100 37 50 52223 3 5
11 61 46 45 92176 3 4
17 50 32 47 67528 3 3
13 87 35 56 87345 3 5
20 91 46 57 77880 5 4
17 64 45 48 47035 3 4
17 84 44 55 62024 2 3
15 65 42 45 27530 4 5
13 60 34 59 52173 5 5
14 72 39 40 81663 3 4
15 58 44 47 12306 3 4
18 86 44 51 22253 3 5
15 82 36 49 48413 3 5
14 61 41 53 74621 3 4
18 90 34 45 37869 2 3
17 100 60 46 7619 3 5
12 50 49 44 84019 1 3
19 76 45 59 25449 4 4
19 84 44 48 71001 4 4
14 89 47 50 43632 3 4
10 92 42 58 84379 3 3
13 73 38 54 35484 3 4
14 77 38 55 38395 3 3
17 70 53 54 83642 2 4
18 74 45 52 11993 5 3
15 69 46 43 84718 1 3
12 50 58 46 23130 4 5
16 71 39 50 1958 3 5
20 75 50 45 75954 2 3
12 69 54 47 76388 3 6
12 80 36 54 28743 3 3
12 60 60 54 81078 4 4
15 75 35 40 78925 3 4
13 63 37 55 35295 3 4
17 71 40 59 69871 2 5
17 84 42 43 42042 1 5
14 86 44 57 38856 3 2
13 62 44 47 12585 3 3
10 53 45 41 57331 1 3
17 82 41 50 63278 4 5
13 68 46 50 46584 2 4
16 52 43 51 55868 1 4
18 68 51 50 8267 4 4
14 71 44 59 11906 3 4
15 77 54 43 17208 3 4
16 89 41 54 23933 4 6
15 63 38 50 58090 3 4
16 73 51 45 59583 4 6
14 58 30 49 89589 4 6
10 83 38 51 18809 4 4
16 80 44 49 29116 3 3
15 75 57 50 70141 4 4
16 79 49 46 86843 3 4
13 75 35 56 47389 5 3
12 72 47 49 53328 2 5
14 70 48 49 32061 3 5
13 74 45 53 29957 1 4
14 60 46 49 19926 3 5
15 72 51 54 5061 3 5
17 85 49 52 91246 3 5
13 61 52 53 67339 3 5
16 71 53 41 4195 2 3
16 81 42 44 29081 3 4
10 84 60 47 10755 3 4
17 64 40 52 35507 3 5
14 100 41 45 88507 4 5
12 65 37 53 67237 2 4
14 88 41 43 46403 4 4
18 80 46 45 40171 3 5
13 69 49 60 21638 2 6
16 80 48 46 67124 3 4
17 76 35 50 35313 2 4
11 71 43 50 56208 5 3
16 75 50 52 31274 3 4
14 78 46 53 3195 3 3
15 67 30 52 5156 3 6
18 75 36 40 23131 4 2
17 60 39 55 50544 2 5
14 64 58 47 81613 4 4
16 68 36 45 57915 3 4
15 97 60 48 11029 4 2
12 79 44 50 60789 3 4
14 60 46 54 2675 2 3
11 71 56 52 85314 4 3
16 60 44 40 60152 3 4
17 69 51 58 14942 2 4
16 100 58 53 23652 2 3
17 91 54 43 57042 4 6
16 86 40 42 31631 2 4
11 79 50 53 1822 3 3
14 54 45 60 45475 4 3
16 56 43 45 64782 2 3
13 81 41 49 14335 3 3
11 66 49 50 19255 3 3
15 72 49 45 2046 5 6
16 75 46 48 44819 2 6
13 76 34 51 74175 2 4
14 71 42 51 25815 4 3
13 79 34 47 27557 3 5
17 65 53 49 13919 3 5
18 65 43 50 47170 3 3
17 97 47 45 746 3 2
15 92 45 56 66407 3 4
18 85 30 52 281 3 5
12 78 46 49 49540 3 4
13 100 43 49 32660 5 4
12 65 40 49 88374 3 4
13 76 46 51 45979 2 5
14 78 47 53 86493 3 3
20 74 42 43 87252 2 5
17 90 30 55 56101 3 3
11 58 38 59 73862 3 2
18 85 43 45 10035 4 5
15 90 45 48 91859 3 6
12 67 52 49 30063 2 4
14 77 41 41 59066 4 4
12 72 44 49 89542 2 4
13 65 32 43 68309 3 4
19 78 42 40 38534 3 3
16 69 45 52 36150 1 4
14 56 41 47 13524 2 4
20 58 42 52 81942 2 4
18 62 51 51 59098 1 4
15 61 41 56 353 3 4
12 78 30 49 15733 4 3
12 93 45 48 86398 5 2
18 78 44 45 1441 3 4
16 78 46 46 78843 2 4
15 74 48 56 73540 5 3
17 74 30 45 85702 2 5
15 70 44 49 33500 3 3
16 86 48 51 27668 3 2
15 93 53 59 64301 3 4
13 65 48 52 90541 2 5
16 100 52 51 19502 4 4
13 70 40 52 53993 3 4
15 71 37 47 26447 2 4
16 70 41 53 17007 4 4
12 61 47 48 81543 3 3
16 54 34 54 8669 1 4
12 92 54 40 38771 2 4
20 76 37 46 44936 3 5
14 80 41 52 39375 2 4
17 73 37 51 89069 3 2
14 50 47 46 52751 3 3
15 57 32 47 81798 4 4
13 74 41 54 2711 1 3
19 56 38 50 33782 4 5
17 84 55 49 65585 3 5
15 100 38 53 38196 3 4
16 50 57 46 49050 4 4
11 74 44 45 9953 2 5
15 82 40 51 10058 3 5
18 62 41 59 11444 2 4
20 73 47 54 92135 4 4
14 50 52 53 54878 3 3
20 66 47 50 11385 3 4
16 66 39 44 2053 2 3
19 63 48 47 44386 3 3
13 84 44 54 19540 2 4
14 100 35 47 31264 3 4
16 78 46 56 84601 4 3
15 67 43 49 70547 2 5
14 59 52 47 42897 3 5
19 77 49 50 68086 4 4
14 93 53 46 22516 3 4
14 89 44 57 24913 3 3
13 70 46 49 1698 1 4
18 75 40 48 43383 3 5
20 87 50 45 42178 2 4
16 95 51 53 59161 3 3
16 90 37 49 40942 3 4
14 97 52 53 25576 3 3
15 79 41 50 61219 4 4
16 90 52 55 65105 2 5
18 56 39 44 48629 3 3
10 76 44 50 56890 1 3
20 62 40 54 54595 4 4
16 71 53 48 85044 2 4
12 78 46 55 20902 2 5
17 80 39 47 39184 3 6
10 50 37 52 10847 2 3
13 72 44 58 59624 3 2
16 78 51 50 46023 2 3
15 61 47 50 70888 3 5
12 70 56 60 61820 5 5
11 74 36 44 64150 4 5
18 73 46 49 37771 1 5
17 89 37 54 65346 3 3
16 80 51 49 5032 3 5
13 82 44 51 34856 3 4
19 83 37 57 65064 5 4
11 63 51 58 3143 4 3
16 79 52 58 31705 4 4
12 64 42 60 30072 5 3
17 90 51 59 55294 3 2
15 100 35 44 38126 3 4
13 79 43 44 68866 3 3
13 76 50 58 19367 2 4
10 75 52 47 62156 3 4
19 81 30 41 54360 1 4
11 66 49 52 60297 1 3
15 92 38 58 34466 4 5
16 85 37 51 5395 3 3
15 55 46 53 50851 4 3
16 96 41 42 23273 5 3
14 51 30 53 69475 3 2
14 58 39 41 64839 2 3
17 62 48 48 52939 3 4
13 76 50 53 72962 1 3
16 82 58 52 92292 2 3
10 78 50 51 88446 3 4
14 76 36 42 33341 3 5
15 60 57 44 60667 4 4
16 62 39 42 48515 4 3
15 79 51 49 76008 3 4
13 58 41 43 62188 2 2
16 65 41 56 49291 4 5
18 57 53 55 30506 3 4
13 94 41 48 90754 3 5
12 84 49 52 43457 4 5
16 67 32 51 24286 3 4
10 64 51 51 40910 3 3
18 89 39 56 53611 3 4
16 56 54 52 85920 2 3
14 64 45 60 23911 4 4
16 100 38 54 4299 3 3
16 62 41 49 8151 2 4
18 60 40 44 25102 2 4
15 64 40 44 86484 3 3
13 77 55 53 79058 2 4
15 76 57 42 24100 2 5
14 67 40 51 25102 4 4
19 89 45 54 42418 2 4
20 93 35 48 90715 4 3
13 67 52 51 8261 4 5
14 68 50 55 75121 4 2
14 75 48 44 20989 5 4
11 73 47 49 57339 5 4
13 79 43 43 9748 5 3
13 67 47 52 58440 2 2
11 57 51 41 26026 3 5
14 73 33 57 3399 3 4
16 100 44 51 14080 3 3
14 91 55 47 20750 2 5
17 78 47 47 6781 3 4
16 100 41 53 92383 3 4
17 86 35 48 60072 2 5
10 55 49 47 18962 2 3
19 69 35 54 79796 4 4
15 83 51 42 29229 4 2
13 70 53 45 12158 4 4
13 67 57 46 91224 3 6
13 72 49 44 33824 4 4
16 76 51 49 61792 3 2
15 91 50 56 52502 2 4
12 79 60 44 87344 2 3
15 78 56 58 55024 3 4
13 64 43 48 78454 3 6
18 57 54 54 14446 2 4
16 91 38 42 41849 3 2
19 63 46 52 32428 3 4
14 76 56 54 58047 3 3
13 75 54 49 32898 2 4
14 61 43 52 5564 3 6
15 58 45 54 35489 3 4
10 70 45 52 12570 2 5
12 92 60 58 73527 2 3
17 71 50 50 5953 3 3
10 100 49 59 25063 1 3
11 83 56 50 42679 1 3
12 66 53 44 25997 5 3
15 70 57 51 64544 1 4
13 67 50 51 47525 2 4
16 57 44 45 20271 3 3
15 72 37 47 78001 4 4
18 65 44 44 25513 2 5
17 72 50 47 30374 3 2
18 77 52 53 42232 2 4
10 82 40 46 8087 4 5
17 50 41 49 69690 2 4
15 70 44 47 72571 4 5
19 75 38 47 25821 3 4
12 76 43 46 48337 2 5
11 76 45 42 55838 4 4
18 79 51 44 42370 4 4
14 63 37 44 76001 3 2
10 88 44 46 19396 4 4
12 96 46 51 34051 3 3
14 69 36 48 52032 3 4
12 82 49 49 20710 3 4
14 79 46 46 35087 4 3
15 75 40 52 77811 2 4
13 75 44 56 27534 3 5
19 98 48 46 30313 3 5
12 81 50 55 59399 2 4
16 77 44 52 90315 4 5
13 70 51 48 86958 3 2
13 62 37 53 86884 3 4
13 73 46 57 37751 1 4
15 50 50 55 50441 4 3
14 65 36 58 28239 3 6
15 86 40 41 84990 3 3
15 79 49 49 88522 3 4
12 66 37 40 16764 2 4
15 82 49 49 15133 4 5
15 90 48 43 81025 3 5
14 73 48 60 79017 3 4
14 95 43 40 71881 2 5
13 68 55 45 65282 3 4
18 96 55 54 56832 4 3
13 94 55 54 61032 3 4
19 66 51 44 79596 1 2
14 88 42 58 23711 2 4
18 58 49 52 10069 3 2
14 83 56 56 36273 3 4
11 81 47 47 74490 3 3
13 67 52 54 77666 3 3
14 69 49 51 52841 2 4
18 78 45 46 54961 3 4
13 80 44 50 83009 3 4
15 92 35 52 59640 4 4
12 81 41 58 31841 3 6
14 100 56 51 28994 4 2
13 91 35 47 88591 3 5
19 66 53 53 88927 4 3
14 72 49 50 55971 4 5
17 67 53 49 21259 2 5
16 50 46 46 64194 2 4
12 78 30 45 74512 2 4
13 82 48 58 79726 5 6
11 85 52 48 38345 4 5
17 82 43 51 25052 4 5
18 76 53 60 76523 4 4
17 72 37 55 84381 3 5
13 70 52 54 36853 4 4
14 100 36 51 61091 4 4
12 64 54 54 90648 2 5
13 58 53 57 36431 4 3
16 100 55 55 69583 3 5
17 77 45 52 70080 2 5
12 63 45 55 6241 4 4
14 82 53 56 30595 3 4
14 72 42 50 66773 2 4
18 70 51 51 44032 3 4
14 78 51 56 69665 3 4
19 69 50 49 68209 4 5
15 73 43 51 23309 4 4
17 74 53 55 2854 3 4
17 90 38 51 63885 2 5
15 73 50 49 34235 2 4
16 75 46 40 8455 2 5
11 75 60 46 37516 4 6
11 59 49 45 34386 2 4
12 90 34 40 46334 3 4
18 74 43 48 40340 1 5
13 85 50 52 67749 2 5
17 77 44 49 7927 3 4
18 63 30 60 69786 3 4
13 100 36 46 15522 3 4
19 70 41 45 14353 2 3
15 65 51 40 37301 3 3
14 86 49 51 2641 3 4
17 68 36 45 2386 3 3
17 70 30 43 44172 3 4
12 96 44 54 26029 4 5
20 61 46 45 79782 1 4
17 59 37 60 55875 3 3
13 66 49 40 88852 4 4
14 89 30 47 17942 3 5
15 95 45 52 70815 4 2
13 92 44 49 64482 4 5
13 87 52 50 43750 4 3
16 56 30 56 44842 5 4
18 62 45 52 65441 4 3
13 60 49 40 65692 5 3
17 85 55 43 18532 3 3
15 87 53 54 29404 5 5
18 72 44 57 60475 2 3
12 59 46 48 35019 3 3
13 64 31 52 14371 4 4
14 65 42 41 28400 2 3
13 71 45 46 28613 2 4
14 88 47 48 91720 4 3
14 70 55 52 67592 2 4
14 74 41 54 11480 3 4
15 74 49 54 22495 3 4
14 70 39 44 3570 5 4
15 84 47 57 54770 2 3
15 79 35 56 52010 2 3
11 50 43 54 41705 5 4
17 78 30 48 24986 4 6
17 100 35 47 66856 1 4
15 50 54 53 56430 1 3
14 86 39 48 18885 3 3
19 71 38 46 61632 3 5
16 88 52 55 88968 3 3
15 63 37 43 52964 3 3
17 88 47 50 87670 3 2
16 83 41 55 32665 3 5
13 80 50 60 87458 2 5
15 69 58 52 27983 2 5
11 66 41 54 66028 4 6
16 85 47 44 43135 3 4
16 94 50 56 48904 3 2
13 75 55 50 22830 1 4
17 87 52 52 40380 4 3
17 54 43 55 47564 3 5
13 87 58 51 34796 3 3
12 64 46 49 30661 3 2
15 87 42 51 28140 3 5
15 82 46 51 30555 4 3
15 79 46 55 62481 3 5
13 84 59 58 32011 4 4
12 62 52 45 43090 2 6
16 51 35 50 19923 4 3
15 76 41 53 9718 4 6
14 60 41 51 16901 4 4
14 82 40 53 83141 3 4
19 90 58 60 29605 2 4
13 79 39 43 49044 2 3
15 77 44 46 63796 4 5
16 76 52 49 89229 2 2
17 75 35 47 76568 4 4
14 74 55 47 8868 5 4
15 76 30 52 15669 3 4
16 89 36 48 79156 2 4
18 71 41 43 74130 5 4