450
36 15 31 30 7017 57 40
37 6 35 5 3254 48 39
44 2 30 1 4614 18 50
31 2 22 14 6045 50 67
22 7 54 1 1831 67 50
14 7 46 13 6469 68 55
54 11 30 18 8411 23 47
30 7 4 23 2183 43 29
33 13 11 85 1492 56 13
11 12 8 4 5531 73 52
34 10 35 15 7865 53 29
39 4 32 23 14129 33 71
25 3 9 10 12195 19 37
42 6 14 72 11175 32 38
43 13 16 16 15524 23 46
19 4 40 54 12682 22 54
7 5 19 12 647 52 40
48 8 1 30 13716 56 33
22 9 38 33 2851 32 52
23 18 4 74 12058 53 37
42 7 41 38 13637 44 56
27 1 11 39 14116 29 43
25 15 33 11 12952 26 30
18 6 3 12 5638 20 50
22 10 48 51 1827 11 40
33 11 20 98 3067 17 38
46 6 32 30 12132 42 35
34 20 16 1 5829 33 54
22 4 10 86 7239 51 33
43 3 78 53 6112 47 40
31 14 1 35 10904 31 21
17 2 14 6 10203 24 45
15 9 14 50 8277 43 54
27 3 23 1 11863 41 56
26 16 23 45 2584 32 53
32 4 24 17 2876 31 27
24 10 19 81 3646 18 44
37 11 26 15 2886 49 56
29 1 28 51 12830 36 44
41 21 16 49 6474 28 39
16 17 42 47 6539 43 43
38 8 25 28 15650 42 53
30 1 1 18 9064 45 20
45 15 36 18 3614 15 26
29 16 56 22 12746 39 11
28 8 5 74 15629 46 31
27 16 15 66 11419 35 41
27 8 16 60 8933 48 39
32 4 11 33 7349 12 37
43 14 7 27 13999 1 50
33 5 29 44 2504 71 55
35 11 1 27 14042 25 64
21 16 18 37 851 31 41
36 3 1 42 7321 53 13
26 6 15 1 4995 31 36
41 1 24 45 3286 21 19
27 5 28 28 11904 54 37
42 3 11 19 12475 22 36
29 12 13 32 10587 36 38
21 15 1 39 10596 49 61
21 9 30 36 2551 39 62
18 12 22 21 2586 51 13
48 12 7 37 11118 32 46
32 13 5 28 7716 25 53
20 14 1 28 15591 42 44
37 13 22 30 5167 44 55
28 10 4 33 1402 28 26
30 9 29 13 3479 39 52
42 4 45 4 10140 37 50
19 8 33 13 9517 35 23
28 13 1 71 9307 53 80
36 10 32 29 11249 28 49
25 9 19 99 12426 25 18
24 2 1 1 7188 47 29
43 5 12 45 16032 12 35
12 12 33 30 10315 25 45
21 10 1 12 14197 55 43
15 9 1 1 8171 44 49
39 6 32 16 10215 50 65
35 15 13 80 5080 25 34
39 10 1 47 6438 47 59
32 11 26 14 7124 27 48
25 13 1 28 876 33 57
28 2 13 33 12216 62 34
24 12 10 42 12536 46 58
21 8 19 5 14384 69 18
35 7 32 51 8426 30 38
32 13 34 39 7269 30 25
31 3 13 51 4018 42 25
44 9 35 34 6517 79 46
19 14 20 45 14901 34 32
19 5 40 39 14223 57 24
16 3 11 38 3048 46 56
27 7 34 20 5547 63 46
15 7 14 37 879 46 53
28 13 30 28 5957 29 37
36 11 34 46 2223 24 45
44 1 2 21 6751 26 35
25 1 56 1 4532 11 61
18 14 30 91 9876 50 82
35 8 43 36 12429 19 37
35 6 16 50 2949 30 67
36 13 40 68 14231 6 29
46 12 32 20 5698 35 32
30 8 20 32 6020 20 49
22 16 16 79 4709 45 29
34 4 29 42 1206 61 58
1 17 2 1 12443 14 31
21 1 18 66 5992 57 35
53 10 8 48 12049 18 52
31 8 1 38 3360 26 34
24 1 45 20 472 41 17
36 6 34 61 10565 25 79
33 7 9 1 6607 26 41
25 15 22 94 1582 20 58
24 3 33 20 7826 22 44
33 9 2 18 2555 27 51
33 7 1 1 15403 14 61
37 1 14 1 8496 17 35
19 9 7 5 5904 19 40
25 10 39 1 15002 28 80
28 14 24 31 4284 25 19
29 9 35 22 7848 18 38
12 9 37 55 501 11 40
50 14 14 7 1599 25 58
33 6 19 41 11005 18 66
30 4 6 1 899 14 41
3 3 15 1 7608 24 48
16 9 14 1 10326 15 61
40 9 31 31 5732 30 28
43 1 22 42 15105 28 33
51 6 1 13 14674 26 34
5 11 1 33 14042 24 17
24 14 1 29 1973 27 90
2 18 15 39 9726 19 52
24 10 4 12 11595 22 56
21 17 37 61 14914 12 34
23 2 22 41 14691 29 41
24 12 21 49 2868 20 49
32 8 14 75 5213 21 9
28 14 9 51 10823 15 60
25 9 6 66 1886 20 5
29 13 12 1 9840 16 73
33 13 20 66 11656 13 24
34 12 30 49 5449 22 39
35 19 2 74 7178 17 22
22 14 3 24 3335 30 30
26 10 5 29 11441 20 49
38 8 23 48 15253 18 37
13 2 1 99 10707 21 18
25 11 1 28 8043 19 13
46 18 33 88 14254 27 63
35 12 39 49 4583 16 42
32 19 10 27 6688 10 11
38 2 11 32 14446 23 40
36 5 19 32 3065 21 41
7 12 18 27 15683 24 23
22 7 12 12 13420 18 40
10 9 22 1 1406 27 55
34 7 28 3 7482 18 32
21 19 11 46 7964 24 39
28 12 29 31 15739 18 34
38 10 18 8 8358 24 35
21 11 1 30 13732 16 21
21 7 30 10 8178 17 19
22 2 29 11 6493 16 34
31 14 25 59 7030 16 36
41 15 12 1 12008 19 48
26 17 1 13 5263 24 42
12 8 35 46 484 16 44
29 11 35 2 10646 24 10
26 4 1 46 10272 19 51
28 1 40 36 13348 23 53
23 23 38 67 12639 26 28
27 4 44 7 5546 14 45
37 6 13 54 2371 21 41
38 6 2 65 12606 23 57
43 13 1 56 2368 14 47
33 6 5 14 9177 14 4
34 1 11 25 10043 16 42
46 5 1 31 1792 22 25
8 9 19 4 10322 12 34
50 11 23 66 5491 20 56
37 6 29 1 3642 15 31
8 14 11 54 8045 19 52
43 12 1 56 12717 17 64
40 1 33 33 12926 11 34
24 10 7 1 4820 20 60
21 13 31 1 1996 18 55
39 2 11 20 3224 17 31
50 8 13 86 9182 17 58
29 9 10 1 7478 22 59
34 6 28 22 13609 25 49
35 15 11 29 10176 14 55
50 16 24 27 4473 16 32
25 9 8 14 13094 17 1
41 12 14 19 5169 12 32
36 7 5 12 11654 17 22
26 10 14 70 9772 18 25
20 8 26 11 13163 22 18
36 6 9 34 6176 21 28
44 4 1 3 4230 28 54
27 11 29 21 11840 9 33
26 17 55 25 5026 27 63
19 12 1 23 9172 22 35
16 10 17 38 798 24 30
20 15 8 65 1060 15 58
32 13 10 20 473 19 30
39 3 1 9 11424 20 28
44 10 22 6 11806 25 36
26 13 21 65 707 20 63
40 8 25 46 7875 24 36
16 8 23 26 810 18 37
30 13 21 16 14684 22 57
17 15 15 17 15934 15 45
24 7 16 47 11183 15 25
22 9 1 7 5863 21 43
1 15 1 18 1481 14 47
36 4 10 30 2165 20 36
26 14 10 1 7499 20 30
26 1 18 53 11528 27 18
10 18 27 26 14433 22 49
25 3 22 50 6185 19 63
16 5 24 1 11388 15 43
41 10 25 1 9281 21 34
49 10 5 1 5521 14 42
14 8 25 20 7418 19 45
34 10 39 1 232 19 30
50 11 18 82 15191 18 40
45 14 29 4 13527 25 45
48 3 14 38 3991 28 30
21 1 17 37 2193 18 63
36 9 41 34 10995 14 51
21 5 41 20 9427 26 6
50 6 13 42 10866 19 59
33 12 24 5 4052 19 39
38 11 26 50 13495 12 23
21 19 3 1 4137 18 29
32 10 26 13 12578 26 28
25 7 1 17 885 12 44
17 16 59 21 10904 15 33
23 1 4 52 12600 18 11
20 9 4 44 1211 17 43
24 1 10 28 15654 14 52
42 2 43 32 5339 14 42
35 8 23 13 8441 25 7
40 12 16 20 4458 21 31
28 3 3 80 268 9 7
43 14 38 73 12993 25 55
41 1 10 17 6963 13 50
53 14 17 21 13207 25 30
14 9 30 43 5171 14 67
36 9 37 3 12343 17 17
34 11 1 27 12716 21 36
22 15 29 13 4876 20 21
40 16 27 73 3262 19 47
46 6 8 50 5007 10 28
36 5 30 1 11763 11 1
40 11 1 16 14149 25 40
31 8 19 3 12091 18 39
34 13 1 7 10649 16 12
46 9 15 7 14174 21 25
24 1 9 21 7344 21 43
50 8 21 52 10526 23 37
31 7 39 25 6517 18 52
18 12 7 23 11581 11 36
21 8 49 58 7648 21 36
14 14 46 50 8229 16 51
41 8 1 54 14700 21 8
35 9 27 6 6595 22 27
37 10 19 43 4943 15 22
22 6 29 18 2238 21 26
18 5 10 18 15138 18 36
25 10 35 73 5855 18 26
19 8 1 32 1443 22 27
39 13 41 19 1762 24 50
34 4 10 56 11052 15 59
24 6 12 19 1930 24 49
36 8 1 51 5182 19 48
30 19 23 30 15014 25 50
19 9 10 43 778 19 38
42 1 13 59 7805 15 50
20 17 40 65 11584 18 51
34 17 25 68 299 16 77
15 5 49 63 14776 18 37
38 8 5 8 15086 13 33
19 3 7 33 4710 25 26
28 6 19 39 3712 19 31
33 9 21 29 7550 24 53
13 2 26 19 7317 8 56
40 2 39 41 14846 15 32
33 9 32 50 6584 23 55
35 10 18 37 14666 18 1
46 4 1 15 13748 11 50
32 7 25 45 3506 21 21
23 16 28 9 1174 15 48
27 15 24 2 12795 20 30
33 14 8 48 5845 20 40
28 12 27 1 4912 11 48
27 14 27 25 676 20 46
26 10 1 30 10842 11 33
21 5 28 20 6651 18 38
16 12 20 12 9096 14 53
21 16 6 68 9258 27 30
30 6 11 70 13461 20 49
27 8 50 1 5022 28 33
41 10 37 54 6646 13 32
37 15 25 58 15333 22 38
28 15 12 48 9536 16 41
9 10 22 65 1241 13 37
1 8 36 1 2755 15 17
40 17 3 28 3447 24 33
12 10 30 1 565 14 68
29 4 1 31 13264 19 49
54 14 3 3 5932 18 18
20 9 1 15 15845 26 45
12 11 35 10 3201 32 21
40 5 40 40 7706 7 39
50 15 30 40 5245 19 57
38 19 26 3 4645 10 59
29 9 28 49 3193 30 51
45 6 1 18 10803 15 40
18 5 29 32 7771 27 33
29 14 37 50 7300 22 36
29 13 1 43 5076 20 45
22 9 32 41 8750 9 12
34 1 20 8 1528 12 44
16 6 2 32 1457 19 40
33 18 48 49 13790 16 19
31 19 18 41 2586 15 41
39 9 57 75 7051 20 23
44 4 6 31 14637 19 75
32 2 21 8 14446 19 46
32 9 15 77 15955 18 32
28 6 5 14 9584 18 65
14 9 25 42 9281 15 40
40 10 14 46 10644 27 27
40 24 27 5 5257 18 13
24 6 13 1 11223 22 15
26 11 3 51 3188 29 22
37 8 17 64 5891 16 20
43 3 22 55 8407 18 16
15 9 44 3 14788 16 15
34 17 6 30 4493 13 23
42 11 1 1 12761 23 27
33 17 42 32 16042 21 20
26 8 24 59 3537 9 19
43 13 6 1 918 25 11
16 15 28 41 6416 21 21
45 5 43 33 13649 28 21
37 2 7 43 13602 22 28
14 7 17 1 13505 32 19
43 9 12 10 6880 24 18
49 5 18 40 11907 37 21
25 15 2 7 13898 19 22
26 8 30 102 11065 19 13
21 16 34 7 14890 19 29
31 13 36 1 10740 35 25
20 18 32 58 5311 14 10
33 14 6 60 5060 27 16
42 9 17 57 16001 15 23
29 14 35 43 9793 16 16
46 10 26 56 4761 16 16
24 11 32 36 1920 24 19
36 16 20 74 14239 23 22
27 9 4 42 5250 20 12
37 21 46 55 5467 19 22
45 13 69 56 9439 30 21
35 13 1 41 11123 25 18
26 11 33 38 15262 21 21
8 11 1 47 2516 29 15
27 12 41 1 6189 18 21
20 10 36 32 12730 19 15
33 8 31 19 13059 16 16
29 10 11 28 8735 19 28
24 7 18 15 15275 21 17
29 8 1 25 5028 12 19
17 11 22 7 6185 31 15
32 8 36 12 3905 16 10
40 13 10 10 7660 26 31
55 6 1 34 520 17 8
35 3 16 77 3677 23 14
41 18 38 1 15102 22 16
34 2 28 12 12242 20 21
26 10 8 17 11702 19 18
21 7 69 8 13856 25 11
33 8 1 46 8679 26 14
25 17 25 39 3785 17 14
45 5 40 63 11380 20 17
14 12 18 41 6088 22 10
32 1 36 36 4124 20 27
17 7 36 58 4663 23 16
21 15 13 31 875 21 20
24 6 1 9 1958 20 15
29 1 26 51 1301 18 24
24 10 1 32 15867 30 17
24 16 9 37 2773 9 37
29 6 20 48 1637 19 19
27 3 18 17 8903 26 17
36 15 22 16 457 20 23
33 9 1 22 10615 18 25
30 6 24 1 8117 27 15
21 14 1 19 10010 17 15
22 10 59 51 7027 24 18
26 15 17 50 9338 32 22
19 15 28 1 12902 22 19
24 13 15 17 5496 19 22
22 12 7 58 15179 25 22
41 19 1 81 7877 26 23
39 5 40 50 7476 20 24
55 4 30 12 1610 19 18
22 1 29 13 2073 23 14
38 11 27 1 15830 24 19
26 7 14 13 3683 36 24
8 5 14 17 10941 25 4
18 6 24 57 14238 17 24
18 16 25 17 7059 20 21
19 7 30 5 11424 19 19
37 14 14 4 2833 14 25
6 15 1 12 6331 21 20
42 12 18 42 14729 19 10
19 10 37 8 11866 24 15
42 5 28 1 11095 17 16
31 10 50 15 7296 12 13
33 10 1 44 10898 20 15
45 12 13 8 3583 17 19
16 4 7 56 15136 17 14
39 9 1 71 10088 13 18
6 20 34 6 2853 25 18
24 15 53 7 11497 23 15
17 8 1 64 1691 20 23
10 8 12 6 37 14 26
24 11 1 26 13743 21 17
21 13 8 68 5846 24 19
31 8 15 27 15717 19 16
36 16 34 30 9538 19 15
23 7 30 59 7305 18 22
37 1 32 42 4558 17 19
20 21 1 48 1462 24 23
35 14 19 35 12002 18 20
26 9 1 13 11735 25 26
34 3 25 38 7365 16 16
39 4 22 9 7436 13 13
37 9 29 31 1362 21 25
16 8 8 75 10747 8 18
48 6 59 1 6091 24 20
33 6 7 1 575 18 19
43 14 32 107 2466 27 21
32 15 31 85 2503 24 23
19 4 66 30 1356 23 21
