350
34 13 2 3 3026 4 44
31 12 8 20 3280 48 32
17 10 46 19 1463 59 67
41 8 37 12 3062 18 32
14 7 12 18 5169 53 47
26 10 1 28 11742 42 45
40 1 10 28 7418 49 21
29 9 16 1 2392 40 53
28 11 15 49 9915 32 43
25 9 16 66 9340 41 37
46 9 29 12 6099 35 40
28 14 18 38 8584 48 21
1 9 18 30 9153 5 62
27 7 1 59 8811 14 63
15 6 27 36 2022 31 49
19 3 17 61 3675 52 28
17 8 28 33 7713 38 49
33 3 30 11 10642 54 46
28 11 1 1 6069 53 47
18 4 28 32 7248 43 48
17 11 30 75 6950 32 32
30 1 23 1 1665 65 35
45 12 20 12 9182 53 59
15 4 11 24 3070 33 50
25 8 23 1 11151 28 18
27 8 21 28 6234 31 22
31 1 28 1 10361 62 37
22 9 10 54 10460 55 25
26 14 23 1 4908 50 50
22 10 1 1 3223 33 39
49 13 42 43 2866 53 29
31 8 40 34 952 32 67
22 13 22 33 4265 44 23
35 9 24 35 2579 47 52
15 16 1 61 387 36 42
42 6 1 35 4595 22 38
34 14 25 1 4008 31 31
32 8 20 100 6962 51 27
43 4 26 32 2979 42 33
41 1 1 16 382 54 33
4 14 19 1 9803 16 33
26 17 17 15 1191 27 41
41 11 25 30 6323 20 22
31 11 32 22 11886 43 21
22 16 23 74 6032 47 55
39 10 1 39 11943 43 42
28 8 23 39 7858 78 38
33 13 3 20 7104 21 57
29 4 37 37 1097 35 12
48 2 67 21 9031 50 30
13 17 42 19 4061 55 57
18 11 6 1 7866 38 53
13 12 2 16 1771 25 81
35 4 25 13 4202 49 47
20 12 3 43 5119 39 28
36 7 32 22 11576 32 43
15 2 14 1 8947 69 49
46 14 11 27 1185 31 55
30 10 1 1 3598 52 48
29 7 25 26 3151 39 21
34 14 13 4 338 41 15
37 10 21 15 233 18 40
46 12 22 98 8244 22 44
40 8 4 22 910 24 51
27 7 34 1 2596 52 55
51 11 1 41 1364 28 44
23 9 16 36 10005 51 45
23 16 38 53 389 43 52
11 15 31 43 2999 44 42
18 12 1 46 7796 51 34
31 6 51 51 5145 28 21
44 6 42 51 4811 23 46
37 9 29 68 6078 30 46
35 15 1 1 8009 33 44
42 9 34 47 8384 23 25
19 1 46 26 3458 39 31
42 5 22 58 9155 13 25
20 16 43 11 3792 76 28
36 5 12 26 9190 37 43
20 4 14 15 2559 23 35
41 14 2 7 11750 41 15
28 4 1 35 187 32 24
18 10 16 1 11489 51 30
46 7 26 20 10142 32 33
23 6 29 86 6203 18 47
13 7 7 50 11111 47 37
20 14 33 46 8472 26 68
21 12 9 21 5714 18 68
40 10 26 31 1310 20 27
40 21 51 60 2797 21 65
31 11 23 15 10338 22 27
33 21 30 47 6881 32 17
14 12 17 51 5644 18 23
20 11 19 32 10351 24 53
36 3 3 13 4476 26 21
22 19 20 31 2271 18 17
32 8 16 44 870 26 43
17 13 39 89 7060 32 30
46 3 32 1 790 21 50
19 1 4 37 3826 19 18
46 1 35 51 1695 20 30
41 8 1 28 7292 19 34
30 12 36 37 11841 28 45
10 15 19 52 1350 19 39
25 5 19 17 9344 19 29
32 6 11 15 5128 21 53
23 3 24 36 4725 21 42
42 7 15 1 6270 9 45
29 10 46 75 10751 17 20
31 14 21 39 7559 24 11
24 12 24 34 11198 26 63
24 8 38 36 3890 15 73
19 15 21 4 8792 11 52
41 15 9 1 9633 30 39
33 4 1 46 2123 14 35
37 15 27 42 8713 27 35
30 14 27 31 2686 22 19
27 5 2 24 10221 18 38
51 18 34 57 4858 18 59
27 6 24 24 1040 17 32
31 7 19 45 9068 17 5
32 17 30 56 5642 23 60
18 18 8 71 7688 12 36
40 8 21 19 4617 11 64
16 11 16 1 3284 15 35
40 9 16 69 12010 18 33
30 9 43 71 7901 20 31
25 10 28 63 12146 17 37
25 14 3 5 12003 22 36
13 5 20 23 12070 18 44
6 6 20 25 11834 10 58
33 14 43 65 6874 18 30
34 9 20 20 9994 19 50
27 14 1 49 5123 8 46
25 5 1 26 3327 33 61
41 6 11 12 9622 21 28
44 7 21 1 3421 21 72
46 11 1 60 8692 14 57
24 9 17 15 6701 20 34
37 8 14 22 10931 17 41
36 4 26 1 11492 20 43
40 11 6 6 6065 20 23
40 6 22 40 7945 13 8
42 4 34 22 10789 14 43
34 2 14 25 3205 18 11
17 7 28 71 4930 22 48
35 12 1 44 7718 31 47
25 9 22 14 999 22 68
24 15 8 13 814 30 56
27 4 1 17 6010 22 19
14 7 50 50 5186 16 36
32 13 13 20 9113 21 23
27 11 33 54 3376 29 35
39 7 11 71 1492 22 46
40 13 17 1 11564 18 54
24 6 22 35 2443 18 41
31 14 1 1 7742 21 42
15 2 46 18 10951 22 60
28 5 27 3 11139 16 73
35 16 14 1 11427 26 2
25 7 26 2 7993 19 57
32 8 25 1 5687 23 30
31 4 11 39 8631 18 58
38 10 19 57 7610 7 63
27 10 28 25 3435 25 61
18 3 34 1 9767 21 43
3 6 14 61 5446 5 50
30 10 20 1 9145 17 31
24 16 1 41 9319 28 30
4 14 10 38 5209 19 26
18 7 11 36 5654 12 19
33 3 19 8 11222 23 51
31 3 40 38 2810 23 53
31 13 13 1 2864 18 44
27 6 27 76 5133 20 4
18 8 7 18 5248 25 39
18 10 43 26 3087 21 26
30 9 1 6 7405 26 36
25 12 20 12 7951 17 48
19 13 14 3 9206 31 45
28 11 19 1 2707 20 65
27 10 1 3 8132 18 34
20 14 4 37 5635 18 17
33 11 44 42 4744 21 45
28 11 17 19 11229 22 33
35 4 27 31 8413 19 37
33 15 2 1 10049 18 37
31 13 20 33 10227 10 46
29 16 36 56 3193 34 36
38 9 1 49 6260 17 31
21 11 4 27 124 16 26
14 17 34 35 5520 26 18
9 10 43 23 8659 23 56
20 11 13 47 3001 22 43
26 13 46 24 9327 22 47
32 6 21 3 6527 12 73
44 14 5 38 3382 17 37
23 4 16 25 264 14 50
37 3 34 52 9211 21 35
39 10 17 89 6931 18 57
47 3 47 44 6105 22 60
15 13 38 1 7954 28 30
29 8 20 1 3186 15 42
33 1 20 1 6439 25 39
25 10 30 43 9338 13 44
31 6 5 2 8417 15 27
34 10 36 42 10276 18 47
27 9 10 10 80 17 48
41 22 29 13 2702 13 45
28 16 1 9 10607 28 36
24 7 1 61 8212 21 76
25 9 3 3 5797 15 26
41 4 18 1 481 25 50
12 20 27 7 11397 23 36
35 3 19 65 7247 16 41
43 11 1 49 9582 19 23
42 8 35 16 3496 18 29
31 13 22 41 8511 18 32
18 9 8 16 4218 23 52
32 10 39 57 2916 19 17
45 10 7 1 3698 9 72
43 6 8 25 5502 15 47
10 12 22 47 3620 24 50
28 8 2 75 11386 26 50
24 11 12 45 6797 18 45
29 10 12 23 9784 14 39
27 10 40 35 10436 25 33
30 5 33 22 10662 16 36
30 13 38 30 6290 14 42
25 8 21 6 11792 16 32
25 16 11 74 10031 25 46
29 12 30 27 11300 24 24
29 14 31 30 311 21 45
24 3 13 71 1543 23 33
34 4 29 70 1757 20 52
37 5 12 32 1299 16 66
41 18 1 41 8473 19 76
37 9 1 42 11259 19 35
19 4 8 57 5112 19 23
21 8 26 39 1919 17 49
24 6 3 24 3785 13 19
22 14 1 13 662 26 58
33 8 25 39 9338 20 23
45 10 1 83 2274 24 35
45 19 24 15 11543 20 21
28 12 1 19 6003 22 55
21 18 13 1 10336 15 72
38 16 5 30 4940 11 38
49 6 32 1 8207 21 45
21 14 36 2 10820 24 28
42 5 21 54 7446 21 22
26 10 20 1 6882 26 43
22 1 23 1 8961 16 40
45 3 44 25 7351 25 25
31 18 17 52 1564 31 60
34 10 25 10 6815 23 18
35 3 23 44 2425 25 20
32 9 21 74 3253 23 54
14 1 28 47 974 17 59
18 13 7 1 8813 24 41
26 19 45 31 2592 21 57
17 1 31 60 5042 17 53
25 8 22 1 11906 18 21
54 14 1 5 1527 15 20
18 2 58 27 7728 24 22
46 14 14 8 892 11 24
31 15 33 52 6157 15 25
47 9 61 11 7594 19 12
24 7 22 38 2140 19 22
26 12 22 59 11518 19 22
15 8 34 59 3960 13 18
38 17 1 45 3547 17 18
41 7 51 30 6689 19 20
26 14 11 79 6301 21 13
30 1 2 51 3061 20 20
25 1 29 34 5264 15 7
26 16 28 66 1681 14 11
17 4 1 1 10403 16 24
2 13 15 35 10492 20 14
31 14 1 95 8848 24 32
45 19 1 12 2563 16 22
49 7 11 11 11976 14 20
25 8 22 30 6230 27 24
17 6 6 10 4892 19 28
25 19 6 10 2976 22 14
30 15 44 73 8392 16 15
36 7 19 34 2486 15 21
33 13 26 46 4663 24 21
20 6 8 1 7991 30 16
27 9 1 65 7992 13 28
33 6 47 51 7958 20 21
29 3 21 31 4883 28 17
36 7 41 24 8158 25 27
46 14 2 9 6309 20 22
31 1 32 34 8902 22 22
33 6 1 51 10211 28 10
43 9 1 1 3673 24 22
37 8 16 1 6381 28 11
43 13 22 32 2808 17 26
28 6 42 49 10169 23 28
19 7 23 4 1369 18 14
39 1 8 10 11217 27 28
29 4 30 27 8380 20 17
40 13 7 68 6876 12 28
23 3 35 49 5486 14 14
25 6 12 32 8259 22 14
17 9 38 45 9609 22 25
37 8 40 55 4135 27 3
12 13 33 34 4879 22 14
35 9 11 39 5452 23 16
18 11 29 48 2105 16 25
46 7 21 38 11130 14 15
42 1 45 50 2816 26 21
41 10 30 30 4909 21 22
31 13 34 22 2037 15 8
18 6 42 33 3689 20 19
43 16 12 26 1377 25 15
40 4 6 56 10548 24 17
21 6 1 18 852 19 22
32 14 7 27 9739 21 21
31 2 1 33 11066 22 19
27 4 23 2 6397 10 5
21 9 33 1 8252 15 20
28 16 1 67 6622 22 21
29 10 30 29 4701 22 15
7 11 17 48 9327 21 14
42 15 24 15 4634 18 11
25 7 17 12 11745 16 26
42 1 28 90 3825 28 19
36 9 59 54 1364 12 9
40 1 1 51 8000 18 31
31 10 1 17 6700 8 15
31 11 8 19 3570 30 16
36 16 60 61 10584 15 21
20 8 22 88 11001 26 16
29 14 5 45 6845 18 14
40 17 16 65 3249 20 12
27 9 24 32 12085 27 18
16 1 2 35 7633 22 16
33 7 7 14 9536 25 19
19 6 38 22 8906 24 19
30 1 13 29 8459 21 28
11 19 28 79 3325 23 17
24 9 20 39 11183 17 15
27 14 33 49 10264 10 24
19 9 36 40 4092 23 21
24 9 27 1 4407 18 15
36 9 21 1 9675 22 19
23 16 12 44 9495 18 22
32 19 42 8 6107 23 24
