50
14 80 46 44 8749 3 2
17 100 44 60 1270 1 4
16 80 43 55 1023 5 6
12 85 40 57 5347 4 6
15 78 52 49 1852 3 4
11 79 30 55 7215 3 2
19 69 45 46 7277 5 4
20 100 34 45 2762 3 5
14 66 36 43 7445 4 3
15 74 43 56 6812 4 5
10 63 37 52 7979 1 4
11 88 50 51 6881 3 5
16 80 33 50 6267 2 3
16 58 50 50 3247 5 3
10 86 35 54 3648 3 4
17 68 47 52 366 3 4
13 86 30 57 7008 4 4
17 81 37 47 5372 4 3
16 75 50 56 2053 4 3
16 77 46 49 512 3 3
17 84 49 47 5565 3 5
14 92 44 43 2908 3 3
15 82 46 45 8942 4 2
17 72 33 52 738 2 6
14 96 54 52 8606 2 5
17 53 39 50 6742 3 4
10 100 47 54 7907 4 4
17 63 37 52 2370 4 4
13 75 41 42 4399 1 5
11 62 42 53 2826 4 4
10 63 60 40 3647 5 5
17 79 47 40 922 3 5
20 56 43 57 5983 4 4
14 100 53 57 5786 2 6
20 66 59 52 4713 3 4
16 75 51 49 746 5 5
13 81 60 48 448 4 3
14 72 46 51 6805 3 4
11 66 52 49 9135 3 5
11 91 59 45 1198 3 5
15 74 39 47 5483 4 4
17 75 47 48 1527 3 4
13 61 43 45 7248 5 4
17 97 40 40 8875 2 4
15 80 30 49 7820 2 5
15 75 42 51 3234 1 4
11 65 33 47 5171 4 3
11 80 50 53 2489 4 4
13 78 44 54 5391 2 2
15 67 42 56 6457 4 3