400
16 91 60 48 18325 2 4
16 75 44 51 61640 5 5
15 68 46 60 24268 4 6
14 88 30 60 6985 5 5
12 69 45 52 71499 4 2
15 79 43 54 33411 2 4
10 56 41 45 42109 5 4
10 77 39 50 31191 3 5
10 75 49 47 52703 4 4
13 80 47 46 4829 4 3
18 50 36 49 49768 3 2
12 58 47 49 71161 3 5
10 85 44 55 13506 3 6
17 60 48 57 5352 3 3
15 67 44 51 18178 3 4
20 92 44 45 24679 3 4
18 59 60 40 60791 2 2
11 94 46 52 21553 3 2
12 78 57 54 66118 3 5
17 77 51 48 57176 5 5
12 70 36 47 8638 3 5
15 81 59 51 23709 3 4
13 53 41 45 35208 4 5
17 80 30 55 72497 3 5
10 61 54 53 59520 2 3
16 74 47 51 32525 2 4
15 61 46 51 49463 4 5
13 61 50 50 67835 2 5
17 81 60 47 66134 3 6
14 81 43 47 64243 2 3
11 66 35 44 44903 4 3
20 69 50 49 38495 2 3
12 70 48 48 72900 4 3
14 92 37 45 13025 5 4
15 70 37 52 51098 2 5
15 80 33 51 39032 1 6
14 85 36 51 24858 4 3
12 100 38 45 17388 3 4
12 86 36 40 22157 3 3
15 68 43 52 18945 3 5
11 100 50 44 15080 3 3
18 95 33 42 32431 4 3
13 92 51 51 8948 4 4
14 75 53 41 426 2 5
13 82 60 51 16382 3 2
19 82 41 48 61135 4 3
16 67 30 50 55772 3 3
15 72 57 45 39305 3 5
15 70 44 51 3314 4 4
15 76 55 47 21609 3 4
17 65 36 45 70322 4 2
16 50 49 48 30274 1 6
18 55 50 53 1265 4 4
15 96 51 52 28526 3 2
16 89 40 54 38080 3 4
16 71 43 52 62785 4 6
12 84 30 44 66211 4 4
14 92 43 41 726 2 5
15 62 42 40 6946 1 5
14 69 37 52 73205 4 6
15 95 52 53 11453 2 4
17 78 48 60 15924 2 3
17 86 52 53 64976 2 5
14 89 38 46 52424 4 6
12 58 44 44 70183 2 4
14 70 46 44 10190 2 6
12 70 46 42 23164 2 4
12 75 38 49 53055 3 6
17 86 55 53 50205 3 6
17 75 48 52 59455 3 4
13 77 53 41 14471 4 2
16 73 41 45 34889 1 4
17 61 51 58 29643 1 3
13 68 50 52 35958 4 4
11 81 41 46 62572 2 4
16 66 52 48 55577 4 4
18 75 56 47 51462 2 3
16 51 45 58 10443 4 5
19 57 49 50 67959 4 3
14 77 31 52 72661 2 2
18 54 43 51 12468 2 4
13 81 30 49 20423 2 4
13 67 47 54 48475 4 5
12 56 48 47 52047 4 3
14 97 38 52 36500 4 3
13 87 45 42 51530 1 2
16 73 52 53 27480 2 4
14 77 37 47 28176 4 6
12 100 55 52 20139 2 4
12 86 58 40 66146 1 2
11 75 45 48 12578 3 4
15 71 41 53 9787 4 4
13 87 37 47 57340 2 4
18 67 50 40 60264 2 3
12 70 38 49 4959 4 3
16 60 58 48 63464 2 5
16 75 41 45 49333 2 3
14 85 30 52 2363 1 5
12 72 53 54 38325 2 3
20 87 30 50 36792 3 4
16 72 30 56 46154 4 4
19 53 46 45 73314 1 3
15 70 47 51 32497 5 4
18 94 50 48 5190 2 4
12 89 35 51 69523 3 3
13 91 31 50 1858 4 4
19 77 50 40 10682 2 5
16 67 51 50 18305 4 6
19 98 47 43 63459 3 3
15 63 40 52 14237 2 5
15 99 39 50 38478 4 4
20 82 47 49 1460 4 3
19 65 51 54 52170 3 4
19 82 46 51 26667 5 3
18 70 50 45 16360 3 4
14 66 51 41 12011 1 6
14 86 36 58 44597 3 4
12 69 45 54 52882 3 3
13 72 53 48 22290 2 4
15 65 49 50 2643 3 2
16 89 48 49 20868 4 4
13 60 52 50 37332 3 4
17 100 55 49 70016 3 4
18 73 41 49 47084 3 3
10 89 42 40 11961 1 2
18 77 55 57 46115 3 3
10 73 42 52 10094 2 6
15 83 51 50 68733 1 3
12 63 40 53 69994 4 5
17 75 48 54 40709 4 2
14 75 42 50 19055 4 4
13 75 46 59 55008 3 4
10 63 46 51 58996 3 3
17 84 39 47 24129 3 3
13 80 42 53 52241 3 4
15 97 37 51 8117 3 2
17 74 60 60 13484 4 4
15 85 57 54 4890 4 5
19 87 54 51 687 3 4
15 73 60 43 14440 2 2
16 76 44 44 19875 2 3
13 69 50 50 5678 5 5
15 88 44 45 24850 3 5
13 86 54 59 15739 2 4
19 78 52 57 20686 4 5
12 80 48 45 33274 2 5
19 62 30 43 42849 2 5
17 62 51 56 15562 4 4
11 78 43 45 56527 4 4
14 85 48 51 21969 4 4
13 74 38 53 45674 2 4
13 75 50 48 73303 3 5
12 80 60 57 51668 3 4
14 100 42 50 69601 3 5
17 55 46 51 54658 3 4
15 91 45 57 59561 3 5
15 86 48 47 58061 3 3
14 83 56 47 22389 2 4
17 93 35 53 68117 2 5
20 61 41 45 55988 3 4
17 70 36 53 25899 3 4
13 84 42 52 18062 3 5
16 60 35 48 61281 3 4
15 78 46 55 11501 5 2
19 75 49 51 15994 3 4
12 75 38 52 21353 5 3
16 72 40 42 44750 2 5
15 68 50 43 47557 4 2
13 86 44 43 8887 2 3
17 90 49 48 42700 3 5
12 69 55 56 59714 2 4
15 67 55 54 73949 3 6
13 65 44 56 59816 1 4
17 87 48 48 31469 4 5
14 73 44 40 27654 3 2
16 87 39 54 64173 3 4
14 81 55 52 25522 3 2
12 96 43 45 58202 4 6
19 75 59 52 59555 2 3
13 77 43 43 71840 3 4
14 69 54 50 32222 3 5
15 94 50 52 59251 3 6
13 88 59 48 64051 4 4
19 73 34 49 3574 5 3
16 66 42 54 73904 3 3
19 85 60 52 14594 2 4
15 74 43 54 38806 3 4
16 92 30 52 25689 3 4
18 86 42 49 10710 3 3
12 77 37 50 3744 2 2
11 93 42 44 33310 4 4
15 95 45 40 5946 3 4
17 55 49 54 65752 4 3
15 79 48 47 4399 3 5
16 67 44 42 45643 3 4
16 71 47 52 22060 2 6
17 89 46 50 65724 3 3
10 93 52 58 45857 4 4
12 70 36 54 20408 2 4
15 89 60 45 36658 2 3
12 92 43 48 22702 5 2
12 74 44 58 61105 2 5
16 93 43 50 64661 3 4
13 81 40 57 66762 3 4
13 65 40 56 68705 3 2
13 60 45 48 13203 2 5
17 50 48 54 22901 4 4
15 76 45 43 53005 2 5
16 81 53 53 20712 3 4
19 63 43 53 46040 4 2
14 58 37 50 33110 4 6
15 79 50 50 8024 4 4
17 74 50 51 5871 3 4
18 69 49 59 17972 3 5
14 67 55 51 31296 2 2
12 76 46 47 62283 4 2
12 65 52 56 56744 3 4
15 76 42 47 56576 2 5
15 91 30 51 23409 3 4
10 93 33 58 37129 4 5
14 53 44 42 7794 3 3
10 73 36 52 39826 2 5
16 70 35 41 27295 2 4
17 59 53 50 73035 2 5
20 88 41 42 35977 3 5
14 84 49 53 33537 1 4
15 78 56 50 50564 3 5
17 78 50 48 64872 2 4
16 64 49 51 26916 3 2
19 73 39 49 62521 2 4
16 69 53 59 53032 4 2
17 57 44 50 21356 4 4
14 96 41 44 48718 2 3
17 94 41 58 45625 2 3
19 63 51 44 73547 2 4
18 60 30 55 6307 4 4
16 74 50 54 40487 3 4
19 81 48 47 42050 2 4
19 59 59 48 16140 3 4
13 88 49 54 65279 4 3
10 92 49 45 52021 4 5
13 84 41 45 49298 3 4
15 50 54 52 27109 2 3
13 82 57 53 24424 5 5
15 72 57 49 31877 1 4
16 70 42 47 53831 1 4
15 69 44 41 37021 4 5
17 70 45 47 40528 3 3
15 100 38 40 20279 1 4
17 59 30 49 68137 3 3
16 83 41 48 62519 4 6
13 61 39 54 20445 2 3
11 66 42 44 39573 2 4
11 74 47 56 36080 3 4
14 50 34 47 4775 3 6
15 84 44 52 34609 4 5
16 72 40 40 28188 4 3
11 72 45 53 24252 1 5
14 82 38 45 40983 2 3
15 100 44 46 60160 2 3
18 85 53 51 47206 2 5
16 84 51 55 21879 1 4
12 99 39 51 19953 2 5
15 74 46 48 55231 4 4
16 87 42 41 59157 3 6
14 54 50 49 45443 3 3
18 76 53 47 57851 3 6
17 87 48 48 46421 4 4
12 90 48 45 40370 3 3
12 66 43 47 31186 3 4
16 67 46 44 3972 4 3
17 72 42 47 12654 2 4
17 72 56 44 52006 2 4
13 57 46 46 8665 3 4
12 86 42 57 15337 2 4
11 98 50 55 40596 1 4
19 88 54 46 32961 3 3
11 87 41 46 5158 2 4
14 69 45 52 36466 2 4
13 72 33 50 1509 2 4
15 74 39 40 28832 4 3
19 76 54 52 7182 5 6
10 78 38 44 34751 5 5
15 76 55 49 57910 5 4
19 79 57 53 56159 4 3
14 62 60 52 60052 3 3
13 72 55 47 11011 3 5
11 63 43 50 1635 3 4
18 78 44 49 8022 2 4
14 97 42 52 14769 2 5
15 88 34 57 43383 3 3
18 83 30 40 68738 3 2
16 71 42 48 27923 4 3
13 73 50 56 57782 5 4
16 67 51 49 33285 3 4
11 63 50 40 38969 4 4
12 71 30 48 52468 3 3
12 95 47 46 40883 3 4
15 91 36 52 12327 4 4
15 69 53 52 71198 3 3
14 85 36 47 39591 3 5
13 77 43 44 40949 2 3
18 79 42 48 52796 3 4
15 85 41 53 14146 3 4
19 80 49 60 31301 2 5
14 54 39 41 39857 2 3
16 89 45 44 70223 4 4
14 89 41 40 45125 2 5
16 80 39 56 1245 4 3
10 94 52 45 28317 2 4
14 99 45 54 49427 4 4
14 86 60 48 60667 3 4
16 73 60 48 35885 3 4
13 71 58 45 41079 2 3
13 87 45 52 66908 4 4
10 63 45 44 57552 1 6
17 90 52 47 21379 3 3
12 98 42 48 6106 2 4
20 69 37 49 15868 2 4
19 68 50 60 64758 2 4
17 62 45 46 32298 1 4
18 77 49 45 6524 2 3
14 83 56 49 17408 3 4
18 70 44 46 9347 2 4
18 78 48 43 35660 4 3
10 87 54 52 62797 3 5
12 71 35 47 42008 4 5
12 70 41 52 36983 3 5
14 99 57 47 51463 4 4
18 84 52 57 12557 2 4
13 59 49 54 8468 2 6
14 90 51 48 70469 2 4
18 72 45 45 38672 3 4
13 80 45 52 2397 4 4
18 96 49 53 55516 4 5
15 69 47 47 34041 2 2
18 50 58 57 28638 2 5
20 73 47 54 64286 4 4
14 84 55 49 4613 2 3
14 77 52 46 72598 3 5
16 67 52 49 40068 3 4
12 79 30 54 8529 3 4
15 100 43 52 29860 3 4
17 84 58 57 13427 3 4
13 76 38 57 14463 3 3
18 71 48 40 33825 4 6
18 57 43 51 3574 3 4
11 69 48 47 2598 3 5
16 55 35 52 25439 2 5
12 76 35 47 30693 2 3
10 75 37 44 45883 3 4
18 84 51 43 50952 4 5
11 75 52 47 65671 3 3
13 92 59 43 25053 4 5
14 100 42 49 55591 4 5
17 87 43 60 40813 3 4
20 56 59 54 40993 4 4
15 74 48 58 1015 2 3
14 60 48 56 58289 5 3
15 74 30 51 56998 1 5
13 100 47 54 7630 4 2
13 70 56 51 38052 3 3
14 60 54 49 16299 5 4
10 77 40 49 68361 1 3
13 76 57 43 65286 4 5
16 81 41 54 18980 1 5
17 81 30 54 18421 3 4
15 63 38 50 72301 4 2
16 77 41 50 46381 2 4
14 100 41 45 2992 3 4
17 68 46 54 6233 3 2
12 86 51 49 63169 3 2
13 88 43 40 43956 3 4
16 100 47 45 7075 3 4
18 74 42 49 45800 4 4
17 52 48 45 3057 3 5
14 80 48 48 62343 2 4
15 74 31 48 62695 3 6
17 69 44 47 20408 1 6
16 90 58 60 45369 3 5
11 50 36 54 19658 4 4
17 81 43 49 46300 3 5
19 68 55 55 61813 4 5
13 66 56 52 71118 2 5
17 74 47 50 8346 4 4
17 67 44 52 39874 5 2
18 78 45 46 26247 3 4
12 65 39 49 60892 3 4
17 96 41 51 3262 3 5
16 64 41 58 19505 3 4
14 69 50 44 43157 4 3
17 82 42 49 1685 2 5
14 89 46 59 17987 2 4
15 89 37 45 27658 4 4
15 93 31 55 13410 3 5
15 79 41 46 33047 3 3
17 78 37 46 60879 3 3
17 91 49 50 69859 3 4
20 75 31 50 41524 4 6
17 65 41 40 12389 2 3