250
15 72 54 55 16377 4 4
10 79 52 46 36609 3 2
19 58 36 58 2483 2 3
13 55 44 55 28905 2 6
11 73 50 52 4994 4 3
17 87 49 51 39824 5 4
14 67 54 50 8146 4 2
13 62 50 40 6492 2 6
14 83 53 51 46201 4 5
14 91 54 47 1276 3 4
16 79 39 40 39283 3 4
18 78 49 47 10202 4 4
16 79 41 49 42080 3 3
16 60 36 47 40465 2 4
17 73 35 46 14662 3 4
14 80 45 44 32060 3 4
15 77 45 45 44100 4 3
13 88 37 48 14758 4 3
16 60 48 45 2325 2 6
16 75 50 53 29658 4 5
11 86 41 44 36125 2 4
14 58 51 51 14220 3 4
13 60 55 54 33682 3 3
13 86 57 50 21696 2 5
20 73 46 54 14872 2 5
12 81 43 56 18312 3 4
17 73 48 50 7587 4 4
16 81 33 47 4814 5 4
14 78 38 60 14789 3 5
15 85 34 56 22068 3 2
14 84 45 49 32288 2 3
15 65 53 51 45270 4 6
15 75 42 52 13923 3 3
16 72 49 48 26989 4 5
17 76 44 46 25276 3 3
12 78 41 45 34437 2 6
13 63 53 46 24603 3 4
14 69 43 51 23268 3 5
16 100 60 57 37599 3 4
14 50 42 45 15242 3 5
13 64 50 47 42909 2 3
12 80 52 50 30018 2 4
12 73 49 54 12029 2 4
16 98 30 44 31104 4 4
10 82 53 42 31925 3 5
19 94 39 50 21013 5 4
16 68 33 53 1418 3 4
14 85 53 48 44367 5 4
18 69 44 57 17506 3 5
17 70 54 54 12519 1 5
15 71 58 49 22857 5 4
19 90 53 45 33320 4 3
12 83 39 45 46212 5 3
15 81 54 54 41047 1 4
17 82 37 55 8594 1 5
18 60 40 56 3595 3 4
17 83 54 46 14142 5 3
16 67 36 45 37325 3 4
15 79 41 44 20621 4 4
13 99 38 52 3505 2 3
14 77 43 42 29997 4 5
10 84 53 51 24291 2 3
12 69 50 52 18545 2 3
12 100 49 60 18102 5 4
14 77 34 48 38870 5 3
14 75 32 43 32557 2 4
11 81 50 47 44551 3 2
18 74 55 47 1559 3 6
11 72 60 55 11878 4 5
14 70 43 55 23541 3 5
12 95 35 51 39768 1 4
16 84 51 47 19405 3 5
13 67 43 50 2940 3 4
13 76 50 48 31836 2 6
16 75 47 41 25119 1 4
15 56 43 45 9964 4 4
16 78 48 45 8512 3 3
10 78 44 50 23895 3 4
18 80 45 48 31877 4 3
16 78 59 50 18623 5 2
14 66 40 45 11142 3 5
13 64 42 51 6489 2 6
16 87 44 55 23699 4 5
15 68 32 45 3642 3 5
17 84 47 44 32727 3 5
19 50 38 56 17418 2 4
13 65 52 47 20397 2 5
18 89 30 40 12139 2 3
16 90 37 45 33236 2 4
14 50 43 48 7239 2 4
15 84 40 43 2777 2 4
11 66 38 51 12741 5 5
11 50 48 56 30884 4 4
19 71 34 50 5256 3 5
14 62 56 49 16102 3 4
16 94 42 46 4144 4 4
16 74 56 45 41471 3 3
20 50 42 60 28826 2 5
14 60 44 50 37519 2 3
13 89 43 49 37695 4 3
12 72 44 48 20715 3 3
18 61 42 56 16383 4 6
14 85 49 48 41934 3 3
16 54 43 48 23960 4 4
15 68 31 46 30061 4 4
11 57 41 50 9496 2 4
18 63 45 45 28433 3 4
11 65 41 52 19056 3 2
17 67 43 47 4874 3 5
12 85 46 44 40453 5 4
14 68 38 50 26852 3 5
13 71 43 54 21490 2 5
11 65 31 45 22898 2 5
14 67 42 51 43704 3 3
18 65 42 53 40544 3 3
14 100 43 51 43853 3 5
13 71 36 47 14989 4 4
20 50 49 50 9676 1 5
12 64 43 48 17226 3 6
18 72 55 50 33705 4 3
13 75 38 58 3629 4 2
15 74 55 54 36112 3 4
17 81 44 40 24901 3 4
14 100 45 46 7427 2 5
14 85 45 50 9307 3 4
15 75 42 47 30218 3 3
15 82 52 48 33330 2 2
16 57 56 41 25893 2 3
13 67 42 47 34394 3 3
16 81 41 50 30149 5 5
16 84 53 43 4450 2 6
20 89 39 54 23785 3 6
15 60 35 55 5155 3 4
13 63 41 42 20708 3 5
17 84 49 53 32886 2 5
14 61 50 50 10256 4 2
14 100 52 47 31098 2 6
16 78 47 47 36919 2 3
15 95 34 54 32074 4 6
15 66 50 48 3027 2 4
13 58 38 47 24228 2 6
19 78 46 42 21949 2 5
15 83 51 42 29156 4 4
10 80 54 55 11572 3 5
16 68 51 54 10164 3 4
18 91 38 49 9416 3 3
16 82 41 54 41698 2 3
17 66 36 52 23790 4 5
14 77 35 47 6750 3 5
14 67 44 41 28670 2 5
11 56 45 58 40734 3 3
20 92 44 54 13582 3 4
10 59 45 53 5298 5 5
13 58 38 53 34286 3 4
15 77 37 50 40994 5 4
16 77 49 56 15145 2 4
15 91 57 50 5102 3 4
14 71 49 45 5279 3 5
15 88 51 50 27988 4 5
17 72 49 45 8962 3 4
14 78 43 53 16003 4 4
16 92 38 42 15009 4 2
13 70 44 50 17792 4 4
15 66 43 58 22353 4 2
20 69 42 47 39191 3 5
16 79 42 54 13071 5 4
10 77 41 56 27949 3 3
17 59 50 56 38712 3 4
13 67 30 53 37949 4 5
19 77 37 52 4989 5 5
12 78 42 45 14975 2 3
13 72 42 53 23310 3 4
15 85 60 60 26467 4 6
15 92 43 51 26369 2 3
17 65 47 47 12175 4 5
14 64 60 50 31969 4 4
19 70 34 49 36765 3 4
16 76 30 52 46210 1 4
11 82 53 52 25435 2 2
15 85 43 53 42219 4 6
15 86 42 46 6257 2 5
20 79 41 54 2020 3 6
15 72 47 46 41171 2 5
15 72 40 50 44477 4 5
19 53 40 55 33629 5 4
15 77 48 41 28488 2 3
18 72 46 56 24384 2 5
14 76 40 51 6643 3 4
17 85 50 44 42361 2 3
17 80 52 54 28195 3 4
15 70 39 50 13873 4 6
15 62 45 57 34484 2 4
12 96 42 52 20539 3 5
15 75 40 46 4050 2 4
16 68 42 56 25984 3 5
13 72 42 50 9090 3 2
17 79 57 56 34732 3 3
15 78 30 41 39734 3 4
20 88 51 50 17301 3 3
19 77 38 48 44500 3 5
14 70 52 50 18451 3 5
16 88 45 46 21147 3 5
19 79 60 45 13690 5 4
14 95 49 59 32302 2 3
11 69 46 51 12720 4 4
14 66 36 54 13332 3 3
11 63 53 48 29814 2 4
11 95 47 48 14052 3 4
14 78 37 50 19067 2 5
15 77 30 45 33819 3 4
19 68 48 56 19984 4 3
15 78 45 48 12624 3 4
11 84 50 60 3768 3 5
18 64 30 48 8641 3 4
14 75 58 51 13823 4 6
12 63 37 52 36330 2 4
18 87 55 43 26969 1 2
15 86 40 52 31228 1 4
13 72 50 47 36854 4 4
16 72 31 56 33897 4 6
14 72 45 40 45561 2 5
13 70 44 46 41314 3 3
19 71 50 53 13133 3 4
14 50 43 46 10445 1 4
16 82 47 54 37472 1 5
15 66 44 54 19990 4 4
17 74 55 48 27993 3 4
17 86 36 44 37637 5 2
19 73 48 43 44910 3 4
15 71 54 48 11653 3 5
20 81 51 54 35437 4 5
15 69 37 56 29964 3 4
12 64 35 53 17969 3 4
19 71 43 48 27478 2 2
13 67 49 48 19633 2 5
15 84 45 53 14378 3 5
14 88 38 49 29914 2 3
18 84 39 50 31369 3 3
14 73 41 48 43884 4 4
17 84 40 54 34672 2 5
14 95 37 50 659 2 3
14 59 57 45 42363 2 5
13 74 54 50 7131 1 5
15 78 43 51 4073 3 4
16 74 30 45 26232 4 5
15 78 57 50 14207 2 5
10 85 48 53 43846 3 5
14 69 34 50 5167 3 3
17 76 58 54 27730 3 5
13 63 41 54 45333 3 3