100
20 62 56 47 11781 1 2
15 85 47 51 3509 4 4
13 72 43 59 10221 2 6
17 61 52 45 6525 5 5
16 74 44 56 13170 4 4
13 75 48 50 7102 3 4
15 85 49 41 15035 3 4
16 100 51 49 3894 4 5
17 64 52 53 15553 4 3
13 84 58 54 13686 5 4
17 65 32 60 954 3 5
16 76 60 47 17503 3 3
17 82 56 47 8466 3 4
17 67 51 60 8202 5 5
16 79 51 52 15386 4 3
16 90 50 44 17445 3 4
15 81 40 57 15991 2 4
14 70 48 47 13831 1 4
17 83 55 53 14456 4 4
17 79 38 40 5978 2 4
13 65 57 52 3734 3 6
16 84 43 47 2712 4 5
15 82 41 43 11056 3 3
12 67 38 49 16206 1 4
12 94 54 48 9084 2 2
13 64 49 48 8252 3 4
14 70 37 55 13883 4 3
10 91 38 50 6735 3 4
19 50 36 52 5873 3 3
15 77 50 52 13313 3 5
18 79 38 54 10804 5 6
17 78 51 57 692 3 4
18 56 38 52 6861 3 4
19 55 60 47 7825 2 4
10 61 45 50 301 2 3
17 59 50 55 6739 2 3
18 83 48 47 1034 3 3
12 78 60 59 12235 5 4
18 72 46 48 10911 3 4
15 78 52 52 7634 3 4
18 69 44 51 9257 1 4
11 61 47 48 11439 2 6
16 62 42 49 16759 3 4
14 76 50 51 4260 3 4
14 61 33 46 5019 3 4
13 72 45 41 13079 3 4
14 90 53 45 8005 3 2
17 84 46 56 2410 2 3
18 61 41 55 18152 2 4
15 65 43 40 10803 3 3
15 64 46 41 13372 4 4
10 70 46 41 11771 2 4
10 81 56 44 8081 1 2
11 73 45 56 3940 3 4
15 88 48 57 15339 3 4
15 80 60 46 6859 3 4
14 77 46 53 13517 3 3
14 75 32 51 2329 5 5
14 84 33 53 398 3 5
12 92 42 43 6421 3 5
13 71 30 45 9633 1 3
18 91 30 48 8116 4 5
16 72 42 55 12817 2 3
12 73 39 56 5739 3 2
12 80 42 45 7876 2 4
16 57 46 55 15707 4 3
14 88 37 52 7053 3 5
17 94 40 46 16836 2 4
15 87 55 46 9718 5 4
13 73 41 51 8033 4 4
19 90 50 50 17637 4 3
18 95 51 54 3506 3 5
12 72 45 43 3120 4 4
15 78 47 57 6543 2 5
14 82 46 47 14045 4 6
12 61 45 44 10098 3 5
13 80 41 54 2365 3 2
15 78 52 54 1694 2 4
11 88 41 55 5193 3 6
17 77 57 53 17896 4 5
15 72 50 48 18310 3 3
18 100 51 58 14954 3 3
16 82 53 40 3577 3 5
16 86 43 49 4977 4 2
12 78 52 40 17812 3 4
14 78 45 53 6599 4 4
15 77 48 49 3523 2 6
17 65 55 41 11326 3 5
16 81 44 52 4020 3 4
12 64 40 40 1720 3 5
14 52 41 49 9097 4 3
16 77 49 49 3786 4 3
15 78 44 57 7552 1 4
17 68 42 50 7004 3 2
19 64 45 50 18182 3 4
14 52 49 43 3033 3 5
10 50 55 46 12337 3 5
17 78 39 49 16339 2 4
16 79 51 54 13605 4 6
15 57 42 51 4909 3 5