350
18 72 48 45 49743 4 3
13 91 42 49 27933 3 4
10 58 45 49 33670 4 5
13 76 59 52 14691 3 5
10 75 56 47 20988 4 3
15 65 50 56 9210 3 4
18 51 43 50 14846 3 4
20 75 44 44 25191 2 3
17 90 43 47 10753 4 5
12 75 35 55 39581 3 4
10 52 42 48 26741 5 4
14 73 44 44 27949 1 4
12 66 48 57 27006 4 5
16 84 39 40 7460 4 3
18 85 47 47 62881 3 3
13 73 39 55 40719 5 4
15 91 41 55 39940 4 3
14 78 53 49 31134 3 3
11 75 42 58 26640 4 3
15 50 32 46 20124 3 4
14 75 52 53 61604 3 4
10 71 49 53 62028 2 4
20 64 51 49 25520 2 3
17 67 46 49 59135 3 3
19 66 37 48 55892 3 3
15 76 50 51 42048 3 3
19 64 59 45 57928 2 3
18 87 45 47 37817 5 2
16 79 42 47 42705 2 6
17 72 41 47 20724 3 4
13 100 38 52 8151 2 6
18 80 48 42 9401 2 3
15 93 37 40 14480 3 5
10 69 49 42 33129 4 4
17 73 58 47 47476 3 5
16 86 43 48 48886 3 4
18 79 60 52 57609 4 4
16 77 52 48 9508 3 3
17 73 37 60 50798 3 4
13 73 30 44 9913 2 4
14 63 31 44 12383 2 3
20 67 49 55 10440 2 3
19 72 42 47 42651 2 2
11 79 45 55 56182 4 2
17 90 52 45 24929 3 4
13 61 41 54 4002 2 3
11 79 44 51 42360 2 4
16 95 54 46 64271 3 4
15 76 46 40 37884 4 5
17 65 41 56 37444 2 5
18 82 39 47 47531 4 3
19 100 38 47 11573 3 5
14 85 48 51 15684 2 3
15 70 48 48 18145 5 5
17 69 48 45 59858 3 4
12 93 35 47 36612 2 4
17 87 41 46 34816 2 4
14 83 44 46 7382 4 4
19 85 48 46 22760 3 4
16 56 46 43 30464 3 4
16 70 43 48 40785 4 2
14 80 51 60 41115 3 5
20 73 45 57 61872 3 4
15 67 53 45 32735 2 4
14 80 48 48 15268 3 4
15 67 42 43 15197 1 5
13 92 46 50 60999 5 4
17 85 48 48 2249 3 4
17 84 48 52 13052 1 3
17 50 43 43 2215 3 4
14 81 57 44 30054 2 3
18 66 37 54 6683 3 5
17 57 50 56 30353 3 3
16 68 44 50 29576 5 4
14 50 57 55 33061 2 3
13 66 48 51 22246 3 3
15 79 32 47 51857 2 3
12 73 41 51 17436 1 4
17 50 46 44 25319 3 5
11 61 38 47 34327 4 4
12 71 31 40 34755 3 4
12 84 51 60 56420 2 4
15 88 58 48 38561 4 4
12 66 47 54 37998 2 3
18 81 44 53 59192 3 4
16 68 55 47 62256 4 3
18 63 60 43 13599 4 3
12 68 51 54 26053 3 2
14 66 46 51 61637 3 4
14 72 39 53 31523 3 4
15 98 54 46 47283 2 3
15 64 44 43 46888 3 3
14 62 59 53 29446 3 2
18 80 44 52 2606 3 3
13 90 52 45 16798 3 3
19 58 60 40 6555 4 3
14 85 40 45 32114 4 2
19 59 35 46 29394 2 5
15 82 36 40 15126 4 4
19 70 49 50 45242 3 2
17 77 51 52 59785 3 3
19 51 48 47 58717 5 3
14 99 60 57 49904 3 4
18 89 45 53 31488 2 6
13 64 44 45 48747 3 5
18 94 40 45 51789 1 3
16 66 60 48 7330 3 4
14 89 30 50 4494 3 3
12 77 60 51 28982 4 4
16 81 48 45 50616 2 4
18 69 49 48 28064 3 5
13 88 35 49 59498 4 4
19 86 50 57 4475 5 4
20 78 31 53 18545 2 4
20 51 48 60 51970 3 3
16 72 50 40 15813 2 5
11 70 45 46 8517 4 3
17 69 39 46 8476 4 5
14 54 35 44 19949 3 4
15 79 57 45 26233 2 2
17 78 55 44 35332 2 2
16 73 48 41 17596 4 2
16 85 50 49 33595 3 5
14 77 42 43 39624 3 3
14 88 58 45 49512 3 2
14 56 60 58 21899 4 3
16 63 46 54 59786 3 4
13 67 34 50 34384 4 3
16 59 41 44 42829 3 3
10 96 50 60 41483 4 4
13 85 36 47 47130 2 5
20 60 39 51 52494 3 5
12 63 56 55 20622 3 5
14 78 37 50 8315 4 5
14 59 37 53 56354 3 5
13 97 40 49 41121 3 2
19 69 59 50 39572 2 4
20 86 58 53 24480 3 4
11 54 37 51 61334 5 6
17 70 42 52 56900 4 5
17 66 43 58 54793 2 5
15 64 48 52 35625 1 5
12 59 60 42 4140 3 6
17 76 30 48 13581 4 6
20 90 47 52 58179 3 3
13 63 54 51 20524 2 4
12 86 36 46 5648 2 2
13 81 56 40 447 1 5
16 66 44 58 51058 5 4
15 93 47 47 501 3 4
14 81 51 51 35230 3 3
13 78 38 50 7839 4 4
17 80 46 52 17515 4 5
15 79 47 50 22110 3 5
15 76 52 49 56407 3 3
20 74 39 55 29017 2 5
15 71 49 49 36584 4 4
16 87 48 47 44934 5 4
13 64 49 49 60686 2 3
15 93 40 56 60344 3 4
13 82 46 42 28011 2 3
20 63 47 49 47407 5 5
16 84 45 56 739 2 4
12 61 37 46 1856 3 4
11 57 51 54 47437 5 4
12 86 45 52 29314 3 2
15 77 35 50 63981 4 2
18 75 43 52 16570 3 4
10 69 48 55 38655 4 5
10 84 30 50 26581 5 4
14 87 44 59 46235 4 2
17 86 45 47 22666 2 3
11 51 42 50 58519 3 3
16 97 58 48 21870 2 6
10 71 30 46 29334 5 4
17 76 47 54 10989 3 5
19 84 48 46 63983 1 5
15 58 30 45 15558 2 2
19 64 45 51 54604 4 4
16 81 31 53 2510 4 4
18 72 58 50 46277 4 4
18 100 44 42 53003 4 3
13 64 39 51 59943 3 3
17 77 58 42 36450 4 3
13 85 50 49 38657 2 4
12 88 43 49 39792 3 4
13 93 46 42 16971 3 3
11 62 30 45 43392 1 4
12 70 43 46 15883 3 4
11 74 42 53 11730 2 5
15 100 50 54 42877 3 5
13 92 50 46 13362 4 5
19 88 56 56 22705 3 3
17 66 46 40 39264 3 2
15 74 52 45 23789 4 4
13 79 46 43 50289 2 3
20 92 49 49 37151 3 4
18 67 46 48 51763 3 2
19 89 49 45 5515 1 2
13 70 50 58 15834 4 5
17 79 46 47 33009 3 6
13 62 48 53 10948 3 4
13 76 33 47 44441 3 5
15 82 45 48 41742 2 3
15 68 44 45 38438 4 4
16 78 35 54 35685 5 5
16 73 44 44 35569 4 3
15 90 51 42 10591 4 3
13 95 48 49 1326 3 3
14 58 45 57 50613 3 4
14 62 46 46 20443 3 4
19 75 51 49 14226 4 4
18 50 42 45 4290 3 4
12 59 44 50 24820 3 5
13 83 34 47 31059 4 5
18 92 39 54 44730 2 2
13 95 42 52 55567 3 4
19 87 47 48 41903 3 4
13 66 33 52 33722 2 4
14 74 39 57 35150 1 4
12 96 53 42 60338 4 3
13 63 36 54 61563 1 4
10 82 46 47 27724 3 4
11 50 46 52 24051 4 4
13 63 36 48 38511 3 3
19 100 55 57 44751 3 4
16 90 34 53 43134 2 5
16 72 40 52 4850 4 5
14 67 57 42 1940 3 5
16 83 49 51 8522 3 5
17 78 44 50 21900 3 3
14 56 30 46 21844 4 5
12 79 47 47 54812 3 5
19 58 45 48 23532 2 3
11 67 50 50 19711 4 4
18 87 46 48 46222 2 3
15 72 60 58 38583 1 5
15 65 50 50 30839 3 4
14 71 54 48 34679 3 3
15 55 39 51 25099 3 2
13 87 51 46 23926 3 6
14 73 32 44 6709 2 4
15 83 44 46 14105 4 4
16 76 55 45 22154 2 5
12 80 42 51 31201 2 2
19 87 35 51 44218 1 3
16 74 54 46 61911 3 2
12 72 34 50 58683 2 5
13 84 45 43 15550 4 4
15 99 48 55 42714 3 3
13 69 58 46 52553 3 5
16 83 43 49 58350 3 4
13 64 30 49 12627 1 3
16 83 34 51 23926 2 2
12 100 48 49 2685 4 2
14 61 54 57 64684 5 2
11 79 44 55 37556 2 3
15 85 39 40 24036 4 3
14 74 37 46 46013 2 3
14 65 44 56 2532 3 4
16 83 60 45 60841 2 3
13 70 52 41 9947 3 4
13 77 42 46 18980 3 4
14 77 49 52 23080 5 5
20 78 34 45 38125 4 4
13 69 35 56 12771 3 4
17 75 47 45 10636 3 4
15 58 38 40 16057 5 6
14 87 51 52 5983 3 5
16 56 43 45 52774 2 2
18 64 43 52 41469 5 5
15 58 46 49 22432 5 5
19 76 50 47 18927 3 4
18 73 39 59 5705 3 4
12 85 39 47 4983 2 2
14 86 47 47 39727 2 4
12 55 41 43 6937 3 4
18 67 47 44 14580 3 4
19 76 51 52 17203 4 3
16 85 37 48 21398 4 5
12 50 43 50 2177 3 4
10 65 37 49 19468 5 3
17 91 52 46 62392 3 5
16 87 44 46 20813 2 4
17 76 30 52 23239 4 5
15 80 41 49 20695 4 3
15 78 54 54 2279 3 2
16 50 36 55 64493 3 5
18 76 42 52 14543 3 3
14 50 43 53 62234 2 4
19 83 49 54 62872 4 3
14 74 39 60 3476 2 5
18 60 38 47 39486 2 5
16 92 56 53 19564 3 5
18 75 37 46 46837 3 4
13 96 52 58 56496 4 3
18 78 49 54 64686 2 5
19 81 47 51 64241 2 4
12 82 40 48 16717 4 4
14 77 46 58 20839 2 5
16 77 42 54 30421 4 4
14 82 44 50 61875 3 4
16 79 52 53 48960 4 3
15 56 47 49 42784 4 5
13 80 39 43 59897 4 4
14 83 59 47 35165 4 5
18 86 57 50 43531 3 5
15 76 37 45 28707 3 5
14 74 38 51 24961 2 5
14 91 44 40 22877 3 4
13 64 49 47 1980 4 5
14 76 46 49 64482 2 4
16 63 49 42 49652 3 4
16 77 34 47 18349 5 4
20 79 31 56 6944 2 3
17 82 55 46 2360 2 5
13 90 30 49 1217 2 6
12 63 44 54 61493 2 3
15 72 44 40 38798 2 5
14 74 54 41 49233 1 6
16 95 30 53 24327 2 3
18 65 47 44 23123 5 4
17 81 45 46 7047 4 3
10 85 41 50 49444 3 3
13 75 60 48 15375 4 4
14 84 46 47 33848 3 5
19 86 42 50 9452 3 5
15 91 54 55 27907 3 5
15 78 36 45 23641 3 5
18 59 43 49 46369 4 3
15 64 60 49 28768 4 4
17 54 35 48 56354 4 5
15 91 35 47 58811 3 4
10 82 47 52 21928 5 4
16 75 36 52 15914 3 5
15 55 48 47 32762 3 2
15 50 41 41 39428 2 3
12 65 37 53 61026 2 3
14 87 54 46 16843 1 5
12 64 55 55 34657 2 3
16 71 40 59 36346 3 5
20 84 52 60 2350 3 3
14 70 47 46 13758 3 3
16 85 34 56 5819 3 6
11 68 45 52 64369 3 4
20 87 49 52 28221 2 4
18 78 48 48 11990 3 4
13 64 30 52 56511 1 3
13 84 46 58 19667 2 3
16 99 46 54 23838 3 4