250
21 6 17 7 6610 30 41
39 7 42 5 7225 32 33
40 8 22 35 1983 37 22
53 19 10 1 6143 47 36
22 8 22 10 5134 55 38
20 19 26 3 5684 1 70
50 1 1 76 3697 46 32
20 12 15 46 658 19 30
26 4 52 24 3241 46 50
30 11 9 26 1172 57 34
22 9 26 1 5490 21 26
21 9 37 1 3807 34 11
14 1 17 65 400 28 33
37 8 32 10 5000 52 54
25 6 34 68 7114 48 21
28 6 43 46 4388 40 9
31 8 18 15 1825 42 32
32 6 24 1 5784 58 25
35 3 22 19 5034 23 20
35 18 15 11 5082 54 38
28 14 37 45 2694 46 67
33 9 1 45 5269 33 58
47 13 29 3 2922 36 22
24 9 35 28 8275 53 54
17 7 37 47 456 67 35
35 2 21 57 8149 25 48
38 3 22 30 1780 37 45
21 11 27 24 3061 35 50
27 12 43 70 3703 53 39
25 17 1 57 3174 29 34
37 1 1 12 122 44 25
34 5 6 31 5690 38 41
36 10 14 1 1244 29 36
27 8 9 36 7491 27 39
18 5 37 1 2420 53 35
7 9 24 27 4934 39 48
30 19 21 1 2899 22 29
33 8 17 21 7314 35 56
22 7 7 31 3399 33 59
21 1 32 54 1663 38 22
28 2 39 9 5727 44 52
28 7 7 66 7749 40 55
30 1 26 29 3956 21 58
35 14 39 18 4361 38 36
38 6 44 62 5338 11 41
45 12 33 57 5775 55 23
27 6 14 49 5483 15 49
18 10 3 13 4216 33 29
20 4 10 46 3994 43 55
30 13 21 60 2360 40 44
24 11 35 36 2684 55 40
22 15 23 45 3582 48 28
42 4 18 16 1977 27 43
38 12 4 52 1753 56 32
17 9 18 58 5248 57 10
28 17 27 1 4635 57 48
27 4 52 59 3647 20 61
43 17 3 48 283 33 35
27 11 19 10 5370 47 17
17 8 13 15 8374 22 36
31 2 10 67 3244 54 13
36 7 11 49 4402 50 51
32 10 46 1 7323 7 33
37 11 11 40 5150 24 42
26 4 22 67 2077 22 86
21 13 31 27 5971 13 45
41 4 19 54 122 22 37
49 8 4 33 3120 19 49
52 20 1 45 4863 27 55
31 6 24 2 4941 17 48
26 4 8 22 5683 14 9
43 14 25 30 7345 15 69
30 4 56 68 6656 20 22
17 1 30 53 2480 14 28
31 9 36 36 663 21 33
25 5 33 18 8174 23 27
41 4 15 78 2363 21 58
43 21 1 68 2844 24 41
17 10 3 54 6688 19 32
26 4 10 47 7624 25 37
29 12 36 36 4481 11 7
18 9 9 30 4177 21 29
40 3 21 31 4697 29 43
40 3 1 22 3527 21 63
38 10 34 44 6858 21 31
34 15 9 40 6516 26 47
13 3 27 1 1207 13 15
40 10 1 31 6915 19 71
16 1 1 29 2206 17 34
38 17 19 1 2384 18 46
34 1 26 16 5945 25 40
31 16 13 6 6216 22 33
20 7 1 47 884 21 48
27 12 30 38 3019 27 27
32 6 41 30 5768 41 47
33 5 13 1 6990 14 53
15 15 29 6 2264 19 61
18 17 26 45 2378 29 36
32 5 35 79 5555 23 15
21 1 27 39 1063 21 51
38 14 13 38 1952 18 45
32 6 1 78 2086 14 37
31 11 32 35 2257 14 50
15 10 18 17 6066 22 45
19 10 5 32 703 16 51
33 4 27 32 7318 22 62
23 6 9 77 3450 16 28
7 6 18 11 1449 28 33
39 10 34 56 4252 12 54
33 18 40 32 5361 18 44
27 6 18 10 1002 31 52
31 2 33 46 1747 29 53
46 19 9 1 5672 20 40
45 1 1 1 5845 22 46
24 15 10 1 5350 15 77
24 6 18 17 2110 23 49
22 14 1 33 383 28 19
50 2 26 48 6740 19 58
31 9 23 17 6144 9 20
23 10 53 1 5423 31 22
33 5 1 38 6634 21 43
22 13 16 54 5928 17 35
32 2 1 26 8278 20 36
33 5 48 23 4151 12 46
33 10 16 48 7149 14 46
51 7 1 1 522 26 25
37 13 9 50 5153 13 71
18 20 13 13 7114 15 47
28 21 12 40 7879 20 62
36 18 23 15 2208 15 47
33 8 17 55 2313 20 31
47 12 9 22 1607 17 65
21 14 48 45 859 8 32
30 13 14 8 499 23 43
19 12 43 20 5337 19 58
18 14 46 51 3558 16 47
11 13 27 68 1320 16 35
19 13 52 38 5730 16 22
18 7 1 33 196 22 34
20 1 18 5 2035 13 24
41 10 31 1 1431 12 13
29 4 30 10 1902 14 32
33 15 51 73 4873 27 60
27 1 23 5 1625 22 58
27 10 25 64 4314 18 51
36 8 33 41 7209 25 42
33 8 8 12 4902 13 36
40 2 11 48 5743 20 37
38 9 45 5 4722 17 55
24 11 25 6 273 19 53
33 8 33 30 1307 18 43
28 13 30 6 3428 20 51
39 16 31 29 4997 19 46
25 1 7 55 3669 20 67
20 13 33 4 6528 14 40
24 13 12 37 6283 22 29
42 6 1 41 1773 25 12
26 3 6 20 6308 10 45
22 12 31 24 2960 16 58
12 15 20 20 1246 24 48
26 8 19 54 830 28 30
32 12 40 8 1690 24 39
50 19 1 46 308 24 39
30 20 3 7 6757 21 42
31 2 29 1 4202 23 29
19 11 58 32 3955 11 53
38 9 40 1 3900 24 58
39 5 39 52 4772 28 39
30 21 16 21 1205 8 65
19 24 60 28 6131 26 57
11 12 2 34 2724 16 34
31 1 14 51 4098 13 57
20 16 36 29 4597 21 22
43 13 1 32 4376 22 30
36 3 9 1 6723 17 51
33 2 1 8 5884 16 21
22 9 1 90 4474 27 33
37 8 21 85 6454 14 42
32 9 9 21 4758 23 29
43 7 26 20 4866 18 48
40 12 8 18 4010 20 12
25 1 2 19 497 24 18
11 1 52 1 418 17 29
25 6 1 43 6690 18 44
21 4 54 31 732 26 17
33 18 21 49 1076 15 38
27 6 7 17 7278 18 61
18 6 23 17 6720 21 17
20 1 23 36 917 21 16
34 1 27 4 7529 22 21
22 13 19 1 3386 30 20
45 4 27 49 1746 11 25
20 10 22 33 466 18 21
23 13 1 1 6742 14 23
13 9 16 33 619 15 13
18 12 21 34 5758 25 13
43 5 35 1 1023 19 15
37 9 28 4 348 19 23
23 10 16 25 830 17 23
36 10 23 26 5522 16 23
39 4 20 5 6961 8 22
26 9 29 57 4073 17 23
38 8 17 33 5180 23 16
15 1 24 11 3838 16 14
13 14 41 34 4758 16 27
29 11 51 1 5725 27 16
25 10 1 1 889 13 16
25 9 44 59 4033 18 16
49 8 1 7 3617 24 14
24 3 42 49 8150 16 21
32 19 39 1 1110 23 18
1 11 14 21 4469 21 23
28 10 14 10 6734 15 21
10 12 35 27 7941 18 12
45 14 27 53 6862 22 25
16 11 56 40 6895 22 26
18 3 14 1 3679 25 15
46 5 13 34 8175 23 25
24 10 9 20 4572 26 21
43 1 31 18 366 18 16
33 1 12 39 254 18 14
44 13 25 48 4561 20 22
8 14 36 1 3525 25 9
30 5 1 1 3955 22 15
33 15 14 3 6608 25 22
30 11 8 15 8333 25 23
12 5 37 41 4230 10 22
19 8 24 31 4269 18 18
21 5 19 26 105 20 27
24 13 32 26 5983 17 12
20 17 11 40 6392 17 21
32 6 48 39 7486 23 20
32 15 10 28 6247 25 15
24 11 7 81 667 17 26
33 10 9 39 1228 16 24
23 8 4 25 5936 30 25
18 7 1 1 4258 14 18
37 6 9 19 8200 23 22
20 4 30 73 8403 23 20
35 10 7 13 5303 18 18
39 12 42 62 7357 20 25
14 9 17 16 7572 20 14
38 1 1 3 3281 22 22
20 4 26 4 1501 23 14
31 15 24 11 4469 13 24
3 9 2 72 6132 26 12
27 19 36 28 8317 30 14
25 18 9 68 6257 26 27
38 19 7 50 1642 20 19
13 5 35 83 7817 25 16
