200
56 26 12 29 5968 23 71
53 51 30 35 6664 21 99
45 44 24 49 704 40 94
31 27 38 36 6536 56 55
41 40 14 50 6054 48 89
50 32 11 40 8407 47 65
57 39 24 49 6986 23 64
54 23 31 33 858 36 48
49 24 38 46 4773 75 86
33 51 16 35 2067 27 77
51 34 22 57 2481 38 40
39 45 26 47 5560 86 78
45 35 23 49 5320 49 58
49 44 39 38 1086 40 48
42 22 31 50 3521 48 72
35 25 22 41 433 64 70
43 33 36 53 758 39 52
48 35 36 36 1466 26 105
49 42 34 50 3462 21 70
55 30 21 36 3483 65 53
56 30 12 34 6095 5 65
44 35 26 42 4723 70 56
39 45 34 51 4747 32 54
57 29 28 47 519 4 105
54 41 24 52 7844 44 55
54 49 27 52 2265 79 101
33 24 29 41 4467 80 49
43 38 22 42 8164 11 52
54 23 27 54 4074 45 57
48 37 12 41 3564 72 26
29 50 32 49 1746 58 6
31 50 13 50 6828 37 61
31 28 26 55 8266 48 74
53 36 16 39 2202 100 29
36 48 13 47 7616 47 58
46 30 31 33 8052 63 15
38 28 13 32 236 42 48
31 45 19 42 4373 48 33
44 23 34 36 659 7 88
55 49 23 55 8439 67 35
46 22 16 51 5706 78 48
50 43 36 41 6792 87 55
34 50 28 42 8497 53 54
55 35 28 29 6210 23 70
48 51 37 45 7750 58 39
53 51 33 33 8273 67 6
36 23 26 42 2729 36 21
44 44 39 43 6490 76 58
48 51 39 51 7799 27 25
28 29 15 30 8330 89 78
32 24 36 44 6282 17 40
47 37 18 44 7114 84 97
41 24 29 57 6972 26 71
40 32 36 31 7881 31 10
29 50 21 54 4944 25 6
49 25 22 48 2796 68 20
48 26 12 53 6157 56 42
32 40 13 28 940 36 31
55 29 22 30 4912 19 43
55 44 21 30 429 99 29
42 49 15 41 8374 44 31
39 30 17 39 6730 93 63
49 38 38 34 6979 26 64
52 25 12 56 7432 18 44
37 33 27 29 4915 11 63
34 50 23 50 2790 34 54
29 34 31 44 4094 71 69
35 33 27 48 3643 17 94
44 29 20 57 3641 33 54
46 22 39 48 6424 22 63
44 50 12 35 2400 59 49
34 43 15 34 7620 27 40
50 28 12 37 3418 38 81
29 25 33 51 3838 91 47
49 34 15 39 2769 83 50
55 50 13 56 2740 57 52
48 49 20 38 5921 16 22
50 28 25 44 8635 71 80
37 44 12 31 1148 79 71
52 30 19 46 1351 56 78
55 48 40 35 4894 31 53
30 51 28 36 932 41 70
40 48 37 44 2475 53 50
46 44 21 34 5351 88 22
56 48 19 34 1692 39 63
35 37 13 49 1632 19 97
47 50 13 37 4587 68 6
40 37 27 33 1982 50 69
34 46 30 35 6803 40 66
54 31 32 54 2926 45 34
47 24 28 28 1518 63 51
47 31 26 45 4487 26 57
46 35 31 44 7420 57 44
31 26 39 47 7704 41 73
29 43 23 47 8428 63 71
55 41 12 46 404 77 34
31 33 23 56 3482 49 34
40 45 13 49 1542 100 41
54 44 11 28 243 16 62
47 34 21 48 3180 55 34
38 43 33 32 5427 67 9
37 46 32 43 3642 61 80
41 48 34 31 6816 35 29
54 31 18 44 4306 42 29
57 33 23 36 1033 49 8
45 40 29 51 3642 45 77
36 30 14 43 3592 50 94
54 35 18 33 5269 26 53
49 29 39 39 8220 34 31
39 51 27 30 1226 74 65
52 22 22 50 2424 78 68
32 50 36 44 4964 44 70
36 35 11 28 1514 24 45
38 38 24 36 7513 91 101
39 30 35 32 2008 37 64
30 31 29 35 3378 41 63
38 30 40 28 8468 45 94
46 26 16 35 5465 53 77
38 26 37 33 7863 84 50
57 30 32 29 7183 55 101
41 47 38 48 8649 36 19
30 41 12 41 5561 69 47
45 33 31 31 4260 1 36
57 45 16 52 4353 47 41
45 46 30 45 6762 64 68
30 37 28 31 3281 82 24
30 31 14 56 4589 45 93
31 45 29 37 6081 61 14
47 22 37 31 4101 22 66
40 34 39 51 4178 41 79
54 51 22 38 5169 77 60
33 48 14 32 4598 9 49
28 39 11 41 7364 48 13
47 38 14 45 8273 51 62
29 25 30 50 7628 25 49
47 34 35 54 7035 29 88
40 42 15 55 904 65 62
52 50 34 46 6485 41 54
47 24 17 28 8636 49 105
55 23 19 43 6219 17 7
34 39 31 44 5692 41 63
34 23 16 29 3553 50 76
30 23 22 30 3172 34 65
35 23 21 30 3904 24 59
55 43 21 42 5428 82 19
42 39 37 47 3677 1 53
42 42 20 34 8082 51 45
40 33 28 38 5155 45 105
47 40 31 44 5322 82 54
38 27 30 55 935 35 92
55 27 40 29 533 47 68
51 46 15 40 6007 56 46
54 24 25 47 1356 28 44
41 48 20 47 2646 51 61
56 24 32 46 1451 43 22
52 35 14 30 2580 43 24
35 41 39 53 677 86 54
52 30 40 41 4022 20 40
38 47 31 47 6530 70 48
52 43 17 51 8423 66 64
44 42 40 50 5038 100 80
31 47 33 47 3879 50 52
41 42 18 36 2287 49 6
41 37 38 40 4814 47 69
28 27 31 51 2834 56 33
57 25 15 54 4913 13 69
45 42 26 32 3590 24 45
49 47 18 32 5468 100 77
36 40 33 35 5822 93 17
34 46 11 48 3477 71 16
32 34 32 40 5357 39 63
47 26 36 41 2371 100 46
57 22 28 50 2526 48 39
39 32 31 49 5891 50 7
49 35 35 33 6106 59 40
55 32 22 45 240 71 61
54 46 39 41 6257 50 45
45 25 36 54 512 19 52
42 25 32 35 1667 47 45
30 29 36 53 1159 67 21
47 38 26 32 8792 27 88
46 42 15 29 544 100 50
55 44 38 33 4672 62 71
49 27 40 49 2534 19 44
29 24 29 47 4719 46 43
32 37 36 42 6675 53 64
47 47 20 33 8255 58 61
45 39 32 45 6179 65 86
35 29 37 41 5401 24 65
40 31 32 57 3975 49 85
57 44 29 45 7708 46 67
29 47 12 53 8229 78 26
38 27 23 53 5607 9 17
32 33 13 51 7891 59 28
33 44 29 41 6938 1 87
42 27 21 46 3374 49 21
56 45 29 57 1718 6 102
54 30 33 52 5344 70 68
32 44 29 44 2012 53 42
30 46 34 42 6149 41 52
