250
40 50 37 16 7928 46 47
56 43 20 28 3323 25 44
37 53 18 24 3177 66 53
54 57 26 24 1965 37 68
47 40 14 43 4645 18 17
28 39 27 43 4654 24 105
41 49 39 38 9995 60 42
42 45 13 19 365 56 55
30 45 18 23 3481 49 77
50 56 30 43 7803 35 77
51 53 35 39 6802 73 42
28 35 29 33 3487 41 66
31 35 29 15 10630 57 62
28 45 19 25 476 57 39
39 41 32 18 9369 38 51
45 30 34 34 4448 52 46
28 49 35 18 8677 83 64
35 48 31 31 9483 11 93
44 37 37 24 10219 42 6
55 50 34 42 3762 24 79
30 47 14 36 9504 38 75
56 36 37 35 8468 20 36
44 52 15 34 5777 39 6
52 46 28 35 5427 67 103
41 55 36 39 7645 78 67
47 29 21 32 8520 32 23
52 39 37 15 2461 59 98
56 32 35 19 3886 34 45
45 38 20 38 1594 22 98
45 52 17 23 4148 33 40
51 56 21 34 1998 84 66
42 58 29 28 3104 64 49
54 56 19 19 5805 42 60
27 44 32 20 8635 35 54
40 54 24 25 9926 78 69
42 58 31 16 3598 51 6
52 42 17 22 2913 72 46
53 48 30 28 5139 4 38
38 42 24 38 9709 63 43
29 51 30 22 198 52 6
42 29 17 37 6754 54 54
31 31 21 30 1232 58 42
27 51 12 17 3372 55 41
29 31 38 30 9524 22 69
49 51 39 16 7062 40 27
41 56 20 19 1489 46 52
53 31 36 21 3887 53 60
53 45 18 34 2034 56 47
42 50 30 23 5221 24 6
45 58 24 29 364 66 75
54 57 19 18 7479 54 51
28 29 33 27 2888 40 77
51 31 41 24 5458 39 62
31 53 21 31 3188 43 75
55 55 41 44 368 15 84
43 36 41 24 1041 53 30
38 50 33 16 8365 24 78
48 43 14 43 5772 34 21
39 41 34 28 3918 50 57
56 39 31 31 5686 55 51
33 31 41 36 1264 13 54
51 48 38 17 4355 4 68
37 39 14 33 8867 30 30
52 38 32 37 1632 10 59
32 32 30 26 4096 39 76
48 58 27 32 9680 69 85
32 31 32 31 10124 44 60
56 58 25 38 2141 49 41
31 36 17 40 10259 41 27
47 49 41 42 10516 35 71
31 34 34 18 1456 25 45
49 31 37 33 5385 85 62
52 38 24 31 6210 21 38
42 37 34 22 10529 61 54
38 46 22 41 4581 65 32
51 58 25 27 2617 92 42
53 55 38 34 8225 58 70
51 42 13 32 6936 77 58
32 50 30 42 3224 77 49
33 41 39 27 3403 40 71
37 47 18 44 10185 46 54
29 57 38 28 4817 83 53
34 49 28 19 7861 27 59
37 37 32 23 4873 38 62
42 49 25 40 8767 81 97
44 41 23 17 2243 13 80
49 51 34 43 3191 63 82
54 52 15 25 4401 54 48
27 37 30 33 5133 33 54
32 37 22 35 5167 63 46
54 38 25 43 4628 15 68
49 53 14 27 3398 50 32
27 51 15 40 10273 51 44
27 44 41 43 6747 39 58
48 51 16 24 6694 34 58
43 32 38 23 10590 78 50
38 42 28 36 1028 23 103
35 46 17 26 7693 38 75
29 48 24 29 10080 63 17
40 48 35 44 8175 85 72
28 32 28 21 2789 64 60
53 35 17 40 10023 85 59
44 51 19 33 2241 50 26
49 33 30 43 4786 32 40
27 41 41 40 4276 35 26
53 41 36 28 892 100 43
27 57 33 21 2891 56 69
56 33 35 24 3818 56 70
49 37 19 21 10032 60 84
30 49 31 20 484 52 86
28 29 26 16 3703 84 60
54 42 32 31 1532 21 62
41 57 16 40 6374 29 42
31 42 27 41 3383 24 99
48 55 38 35 6756 86 59
35 47 24 32 2786 17 26
42 31 36 44 1136 41 32
52 30 39 25 5656 41 69
37 46 22 41 7521 21 67
53 50 17 43 3621 40 6
29 53 41 30 8961 31 8
44 44 39 27 4892 61 55
30 45 38 43 5055 40 68
56 50 30 20 4100 56 98
42 45 35 39 2248 46 105
34 52 17 21 10348 72 43
40 34 38 31 5337 72 62
50 34 18 40 1754 44 43
33 43 16 27 6367 39 15
44 42 12 24 5486 41 67
35 51 23 40 7680 33 31
54 41 18 30 1104 59 22
27 54 30 22 9285 46 105
39 44 40 19 2083 57 51
29 39 41 42 2340 57 44
50 30 29 40 6891 6 58
34 38 24 16 8495 44 62
45 54 24 38 2083 33 11
49 57 30 24 1295 31 71
41 51 12 41 10334 39 65
33 45 36 39 6351 66 101
41 52 23 34 6671 4 105
45 42 31 38 1922 33 43
42 52 15 21 3460 36 75
41 35 41 39 2913 83 8
34 58 37 28 762 59 53
54 39 28 33 2426 52 60
41 35 28 42 3327 25 88
38 43 31 20 6824 51 60
38 47 22 15 251 30 66
31 50 40 42 8450 28 66
52 40 40 29 872 68 90
52 46 18 22 1671 47 73
30 31 22 31 6617 48 57
54 37 37 43 1739 48 63
43 46 22 22 8467 39 30
37 49 40 43 4332 31 89
45 42 35 22 3647 82 19
36 58 29 27 9549 80 70
40 30 24 15 5363 45 54
55 45 41 38 2511 30 49
51 56 29 26 1157 48 82
38 38 14 44 3285 39 82
54 30 39 35 4775 33 45
51 57 25 38 5603 76 46
28 43 33 22 8635 14 77
40 29 30 42 2952 51 71
30 31 17 37 7619 28 34
52 44 39 32 5645 40 41
31 32 21 18 4190 27 93
54 40 14 30 8476 73 29
30 43 36 37 5956 28 40
34 51 31 16 6666 38 24
53 33 15 38 10055 22 62
40 57 29 24 2824 63 66
42 53 21 37 8797 48 49
27 54 25 36 9736 81 56
50 35 37 43 3322 45 36
39 34 24 23 4391 82 37
43 38 18 28 2672 42 80
51 56 29 37 3309 73 77
41 31 40 33 5088 25 53
28 44 13 17 8630 73 59
48 41 25 41 6379 56 69
48 29 26 40 205 91 76
53 51 35 28 3640 57 43
45 55 17 34 4272 6 77
34 31 32 42 10168 29 70
34 45 37 15 1626 58 45
35 32 34 20 2362 10 54
47 44 18 31 10582 42 50
27 45 36 18 7140 67 17
30 48 12 32 306 15 55
55 58 15 15 9225 22 79
30 51 28 22 5417 54 49
54 31 22 42 6583 57 55
53 30 30 42 3287 22 70
46 31 34 16 1082 60 18
29 48 31 32 793 44 66
29 41 23 32 5329 31 96
52 36 33 38 6700 42 33
53 35 24 25 908 67 104
42 37 31 27 1568 30 103
27 31 13 29 5197 100 58
44 52 14 27 4904 67 105
39 38 30 39 1702 54 59
30 58 36 41 6518 27 61
41 53 20 20 2483 27 10
54 36 26 17 3294 76 33
32 50 25 29 5701 73 8
48 32 28 19 9440 34 24
32 31 23 22 4012 53 14
43 50 14 37 2778 9 85
50 46 15 39 3165 57 52
41 52 32 32 4122 100 29
28 53 34 38 10387 60 71
45 50 16 19 9565 66 44
42 35 28 30 8284 53 17
29 48 28 28 3062 64 95
54 49 39 20 8955 1 47
41 32 23 23 10533 16 27
27 38 16 27 4446 43 47
33 49 36 40 7694 60 61
38 57 16 24 10407 35 78
54 53 27 28 3026 62 41
42 58 22 33 6599 46 63
28 46 22 30 899 68 76
34 49 12 38 3000 53 87
39 47 40 37 10236 42 9
54 44 36 38 10267 60 82
46 55 21 32 7173 63 44
56 49 12 31 1989 45 78
47 32 33 27 4655 84 39
35 36 30 42 9363 29 92
45 35 13 40 2591 52 78
38 36 22 37 7649 27 68
49 49 29 41 3169 80 62
47 32 24 39 5616 77 61
41 41 40 36 1682 18 90
32 38 18 36 10634 70 62
52 32 40 22 2639 26 85
51 32 20 44 5607 28 30
31 51 36 33 1547 28 88
34 44 21 28 4609 52 74
53 41 20 18 10411 41 65
33 54 29 22 2730 72 21
49 39 19 39 1355 50 78
27 41 17 28 10418 18 67
30 31 22 15 2939 71 97
39 29 22 15 2435 41 65
