450
17 69 35 54 23597 4 5
15 81 51 53 13708 3 3
14 81 45 55 34543 3 3
14 74 44 54 1491 2 4
12 99 49 59 32236 3 5
14 86 57 55 19893 5 4
15 83 50 50 54719 4 3
12 63 57 52 54915 3 5
15 59 53 47 26319 3 4
15 57 48 50 16309 2 4
19 72 37 42 43109 3 5
14 94 39 51 35809 4 2
15 58 56 50 25962 2 4
18 76 30 58 82451 3 4
15 84 43 52 58548 3 5
18 94 39 59 17189 2 6
15 72 45 50 3249 3 3
14 63 46 49 7780 1 4
12 81 47 49 14715 3 4
15 73 46 40 11803 3 3
15 66 51 48 37624 3 2
10 68 32 52 29566 1 4
13 93 50 60 3631 3 4
16 59 39 51 51507 1 3
16 75 40 53 25487 2 5
15 72 35 56 2866 3 4
13 87 43 53 53836 3 3
16 84 41 57 10066 1 6
17 89 31 47 82552 3 3
14 58 50 52 40294 3 5
15 78 58 47 33845 2 5
13 86 53 50 15146 3 3
17 76 48 44 13473 2 4
13 85 49 53 14909 1 5
13 81 56 54 8280 4 3
13 92 51 46 55739 3 4
17 98 49 49 55061 3 4
16 60 52 54 30021 3 2
14 77 42 53 37508 1 4
13 72 47 44 22231 4 5
14 53 40 57 21182 4 4
16 83 44 44 73951 3 5
14 69 42 49 51712 3 3
14 73 51 58 82231 4 6
17 100 31 51 7759 4 4
13 80 42 54 52946 5 4
13 84 45 53 7484 3 6
13 77 53 50 81515 4 3
12 54 40 46 44968 3 3
15 78 50 47 1879 4 4
13 73 58 43 70464 2 3
15 64 40 48 52362 3 5
14 84 46 50 20434 4 4
11 71 51 57 77960 2 5
15 78 58 55 27378 3 5
17 80 30 49 9430 3 4
13 75 32 50 78158 3 2
13 97 44 47 36137 3 6
12 83 53 50 8604 4 4
16 86 44 51 57767 3 4
13 78 40 60 24019 3 2
14 80 54 42 17907 2 4
11 71 47 40 27808 4 5
10 76 39 48 69191 3 3
18 66 40 42 77723 2 4
13 61 39 52 37178 3 3
15 76 32 40 25586 2 5
14 89 41 47 11567 2 4
17 50 51 51 47137 4 3
16 100 32 48 5759 4 3
14 80 52 52 12682 2 3
17 100 54 42 32568 2 4
14 100 51 51 66953 3 3
17 85 41 58 40569 4 4
15 52 45 55 30257 5 2
14 62 35 46 42361 4 3
18 74 53 51 55850 2 3
12 92 49 48 35920 1 4
17 90 47 48 81979 3 4
14 60 49 54 47810 3 3
15 72 51 53 36981 5 4
14 74 36 48 49852 4 5
12 79 44 54 32612 4 4
13 75 45 55 4891 2 6
14 87 47 52 13733 3 4
17 92 38 53 77112 3 3
15 64 39 52 29356 4 4
16 92 51 49 66985 4 4
16 64 45 47 30502 4 6
12 74 50 47 41304 1 4
17 68 45 60 81659 3 4
14 68 47 45 8904 4 5
13 73 45 48 62678 3 5
17 68 40 40 80649 5 4
17 74 50 43 72998 2 5
18 83 47 52 58172 4 4
17 58 47 50 5829 3 4
19 67 41 53 64886 2 2
15 83 30 47 32484 1 3
15 68 35 48 44983 5 5
16 66 51 55 41289 4 5
17 84 43 48 68902 3 5
15 99 59 51 5837 2 2
18 90 48 53 27048 4 4
13 50 50 46 29736 4 5
11 86 43 46 60987 3 3
15 76 44 47 56757 3 5
15 57 43 47 54745 2 5
16 92 46 59 54444 3 3
16 59 37 55 40883 1 4
14 72 41 50 78911 2 4
14 82 44 51 39304 3 4
16 81 39 55 35607 2 3
14 64 32 53 40543 3 2
16 65 35 44 7791 2 3
14 77 50 53 24579 2 5
17 81 51 49 53530 3 4
20 68 33 51 36230 2 5
14 65 39 46 80578 1 4
12 100 43 51 15897 4 4
14 91 47 55 26914 3 4
13 83 36 48 32803 3 3
13 65 48 46 25697 3 4
15 84 39 46 83056 4 4
16 86 39 50 34536 2 5
10 81 46 58 17561 4 2
14 73 54 44 51141 2 5
15 75 40 45 53093 2 3
14 60 48 42 70419 4 5
13 50 44 50 8424 2 6
16 78 57 46 34430 3 3
15 75 44 41 18974 4 4
11 98 35 50 34147 4 3
13 60 42 60 19188 4 5
14 73 40 43 68977 5 5
12 61 41 54 18505 2 4
19 82 37 46 9816 2 5
13 82 48 48 39766 2 5
13 97 30 49 74534 4 5
14 77 44 44 34968 2 2
15 59 40 43 73859 3 4
12 53 42 54 567 4 5
15 78 52 50 3273 2 4
18 64 35 40 5016 1 6
15 74 57 53 46518 4 4
17 61 30 44 34190 3 4
17 67 44 46 19016 3 5
13 65 41 50 30890 2 2
17 73 50 49 10757 3 4
15 50 37 48 70937 4 5
17 90 50 44 2866 3 4
12 100 50 47 31260 5 4
17 54 55 54 37598 3 4
20 82 47 48 27871 3 3
12 63 50 58 56583 3 5
10 95 47 56 33327 5 5
13 51 32 53 83242 2 4
18 50 55 48 76304 3 5
15 57 46 49 51399 3 4
13 65 38 50 36968 1 4
16 83 55 50 21425 3 5
11 72 48 52 21604 3 4
18 65 38 52 9421 4 2
17 75 54 53 14005 2 3
15 62 60 56 49995 3 3
16 81 45 54 20720 3 5
16 84 57 56 38026 2 3
18 100 50 55 71458 5 2
14 91 59 51 43084 5 2
16 65 60 52 57136 3 5
16 78 51 56 55871 2 4
13 79 42 50 63487 3 3
18 98 52 52 31846 3 2
13 50 30 53 9031 3 3
14 72 46 49 37992 4 2
14 85 39 60 80066 3 6
15 83 45 57 54590 2 4
15 78 30 48 6133 2 4
14 71 42 48 44653 5 4
13 81 42 43 38897 3 4
17 92 36 40 66563 3 3
12 50 47 52 81817 3 3
16 68 46 53 81631 4 3
19 66 54 48 34063 3 4
14 80 42 46 74490 3 4
16 94 56 49 34714 3 3
10 68 35 40 39622 3 3
13 78 39 56 35526 5 3
19 82 46 50 54285 2 3
14 64 55 50 8847 4 3
13 73 44 56 29972 3 4
17 86 39 43 72994 3 4
13 87 38 52 52709 3 4
15 90 44 50 26455 3 3
15 85 41 53 22120 3 4
15 83 50 42 36474 3 5
17 68 30 55 58125 3 5
15 82 53 50 47160 4 4
19 71 48 60 62999 2 5
17 70 53 43 49527 4 6
16 77 44 60 55784 3 5
16 73 45 51 9151 1 3
13 81 42 53 53826 2 3
17 93 43 56 5235 3 3
12 63 51 53 44670 3 2
14 57 39 48 31255 3 2
13 71 56 44 19838 3 4
18 63 44 44 48900 3 6
20 78 46 48 13042 3 4
16 76 43 49 16655 3 2
14 57 46 54 39876 2 3
13 70 55 47 56975 4 5
18 100 52 44 47244 4 5
18 75 49 52 18200 5 4
15 70 56 58 56340 3 6
15 50 48 53 442 3 3
14 69 51 55 49048 2 4
14 88 60 52 27750 3 4
18 52 51 47 57772 3 4
16 57 43 55 78742 2 5
17 86 45 42 18261 3 4
12 73 35 51 56005 2 4
18 73 45 45 56546 3 4
11 56 48 47 10765 3 4
11 79 54 60 10018 3 5
12 90 56 52 64349 3 2
15 55 45 53 54080 3 3
16 79 45 48 26187 3 3
14 66 41 51 5636 4 4
16 73 35 45 4360 3 4
18 77 33 46 46063 1 5
17 77 53 51 30068 2 5
19 74 41 54 49388 4 5
15 54 47 53 63888 3 4
19 68 46 54 40792 1 4
14 88 45 53 18310 3 4
16 50 44 52 11284 3 4
10 50 30 44 67555 1 3
12 93 34 48 78540 2 5
20 99 39 51 56126 3 6
12 72 37 46 36507 4 4
18 83 48 53 48459 4 4
19 81 57 55 22997 4 5
13 82 51 54 10397 4 2
17 91 37 52 15708 3 5
13 67 46 57 39225 5 2
15 88 38 47 77378 3 3
14 84 42 50 9760 3 4
16 71 45 51 21454 4 3
16 72 54 54 18019 3 5
11 67 41 58 53864 3 6
11 68 40 45 57417 4 4
14 86 39 54 35381 4 4
12 62 43 48 44676 4 3
11 88 47 42 53719 2 4
17 62 34 55 67981 5 4
15 79 48 45 29949 2 4
17 90 36 46 34841 3 4
13 85 56 40 28001 2 2
15 76 46 54 82445 2 6
14 52 44 53 59459 3 4
10 83 32 46 41458 3 5
12 92 32 55 16745 3 3
13 63 46 45 14864 3 4
14 100 55 42 30424 2 4
12 81 51 40 34897 2 3
15 56 47 55 77843 4 4
14 67 51 58 73484 3 3
17 95 33 41 36517 3 3
14 76 37 54 11924 1 5
18 58 41 50 5979 4 4
17 83 41 40 62468 2 4
16 54 45 47 31733 4 5
15 74 44 53 25126 4 3
12 72 50 51 49590 3 4
14 77 41 56 16229 3 2
13 85 39 51 65507 4 5
17 79 53 53 57592 3 4
12 99 48 41 39748 5 3
16 63 48 55 36545 1 4
17 73 49 44 8773 2 5
19 63 55 55 23026 3 2
14 57 30 59 10756 3 4
14 87 44 51 6331 3 3
13 78 49 54 18420 1 3
15 90 55 57 64494 4 5
13 75 32 53 75760 3 4
19 96 41 48 76131 2 3
17 62 30 58 68199 3 4
17 88 38 54 15664 4 5
20 80 37 48 66700 2 4
19 66 33 52 79635 1 4
12 64 44 43 57962 4 4
16 70 49 57 24130 2 3
17 67 46 47 11283 5 5
14 65 53 50 27832 4 2
13 78 36 48 60703 4 4
19 90 43 50 78786 4 4
13 72 36 50 48975 3 2
15 82 60 43 10841 3 3
13 68 47 58 17656 1 4
20 64 37 50 80667 4 5
13 80 57 60 24436 1 3
13 63 30 50 68059 3 3
12 91 44 59 4833 4 4
16 74 50 41 42293 4 3
15 82 48 49 80456 2 5
15 96 39 54 46052 4 5
15 72 56 43 61476 4 4
15 94 47 49 29718 3 5
16 88 51 50 34374 2 4
14 79 42 60 46252 4 4
15 84 48 49 79633 5 6
20 55 60 60 61890 2 4
14 55 47 52 24722 1 4
12 69 32 43 73126 3 3
16 82 42 57 14230 2 3
15 70 50 47 63865 1 2
11 71 38 47 7121 4 3
13 85 57 53 5751 4 4
16 99 40 44 19021 3 5
16 85 41 49 66298 3 4
12 70 45 54 50358 4 2
14 76 30 55 19665 4 4
16 60 40 44 68018 2 3
18 70 55 47 22189 3 4
14 63 52 53 14651 2 4
13 74 51 51 2627 1 3
17 82 52 57 46762 3 4
20 72 47 43 9381 3 4
19 58 39 56 67794 3 4
15 90 42 53 68159 3 4
14 77 46 58 33904 2 4
15 73 37 55 12149 1 2
12 74 40 47 60960 3 5
13 100 36 46 7619 3 3
19 65 36 53 67373 4 5
17 92 55 57 52705 2 6
17 67 54 45 55447 1 6
12 85 49 54 65719 2 4
16 72 37 41 81880 1 3
17 97 30 56 3750 4 3
20 78 49 44 10361 3 5
14 74 43 51 77557 1 5
10 100 46 42 54309 3 3
12 52 39 58 63714 2 4
17 77 40 52 59119 5 4
16 83 32 55 33090 4 4
13 73 53 48 62873 3 4
17 83 38 46 26313 3 3
10 58 47 56 21316 2 4
13 61 50 47 20380 2 3
10 67 41 50 69421 4 4
14 83 53 56 27195 4 5
13 73 38 52 63557 3 2
12 67 50 56 47229 4 4
12 50 54 47 41953 3 6
16 58 60 54 60404 4 2
17 63 44 47 16089 3 2
19 63 51 47 53941 2 5
20 86 53 50 42645 3 3
14 67 43 52 54810 3 4
17 79 45 54 32055 4 5
16 86 57 59 25230 4 5
13 63 51 49 23973 2 2
11 73 37 44 32390 3 4
19 74 46 47 13571 3 5
13 78 46 44 24075 4 3
11 50 50 52 23752 2 4
15 90 50 50 49465 3 4
13 82 30 51 58819 4 3
15 75 44 46 7891 5 4
18 60 37 53 48415 2 3
16 75 52 52 49540 4 3
15 69 38 50 24860 4 4
16 98 48 57 40665 4 3
13 73 57 48 17951 3 5
13 60 41 55 28076 5 4
11 79 36 56 17338 4 5
20 83 33 58 27095 4 4
16 92 60 51 29757 2 3
17 71 43 57 35175 3 3
20 58 42 48 17302 3 4
15 73 49 54 5082 1 3
15 64 43 49 62568 3 4
17 88 53 55 83014 3 6
15 60 43 47 77355 3 3
16 76 34 47 4258 4 4
19 77 34 59 74385 3 4
19 60 35 51 17053 2 3
14 50 49 43 22638 1 5
15 76 40 45 34235 3 6
15 64 44 47 48535 4 4
15 65 43 59 28454 2 5
16 86 36 50 32185 3 4
13 63 52 46 81001 3 5
12 75 44 52 15878 2 3
14 63 38 57 39924 2 5
18 62 51 49 72109 3 6
14 70 43 59 40512 1 4
12 50 60 52 32617 5 5
13 70 41 57 48625 1 5
18 100 47 48 49829 2 3
16 61 43 53 63007 1 4
15 65 49 46 67207 3 4
16 73 54 59 27304 2 4
15 55 41 47 70182 3 5
15 74 35 54 1340 4 4
13 87 48 43 24948 3 6
17 84 47 57 39865 2 5
12 85 45 43 71039 1 2
10 76 48 56 57388 3 3
13 70 46 54 54003 4 4
16 93 34 53 69825 2 3
17 72 47 46 80055 3 2
16 73 59 51 1541 3 2
15 80 40 54 67340 3 4
17 62 45 51 69978 4 5
17 89 50 50 42043 5 4
18 60 44 56 81458 4 3
15 71 52 47 48413 1 4
12 60 52 56 41413 4 4
14 56 42 50 37705 4 6
17 50 30 41 25930 4 2
18 67 45 46 82221 3 4
19 50 33 44 24002 2 4
13 96 46 51 66849 4 3
17 50 31 48 74426 3 4
14 87 45 50 65032 4 4
11 86 35 42 31507 5 5
19 68 41 52 18864 4 5
18 73 47 47 59779 3 6
17 78 56 51 53068 4 4
15 66 42 45 32051 3 4
16 64 53 49 65511 2 5
19 69 40 42 65806 2 5
18 84 41 51 38183 3 4
18 65 49 57 6255 3 5
11 100 44 49 14818 4 3
20 78 53 54 22856 1 3
12 56 52 48 53050 3 5
11 76 38 53 82991 3 3
11 74 42 44 16453 4 4
17 85 50 57 20373 2 5
15 52 49 51 56391 4 4
16 69 57 59 52926 1 4
15 52 44 51 12056 4 5
15 78 48 50 17247 3 3
13 69 50 44 2192 4 5
16 57 45 60 59126 5 4