500
27 7 42 16 7994 33 30
26 16 12 60 2786 53 39
30 1 9 94 11933 41 34
26 1 27 63 5424 34 63
25 12 13 80 5863 26 49
38 8 19 37 8587 60 24
35 6 26 36 13901 60 35
32 12 4 7 8275 48 47
23 10 11 32 14401 71 53
53 16 42 1 2894 35 23
22 12 27 23 1255 26 67
35 8 17 1 10497 36 44
15 9 23 90 3851 30 49
30 7 69 36 1475 60 37
21 14 52 49 8412 32 57
55 7 10 1 6228 20 54
26 19 27 1 3091 31 35
21 10 47 45 13024 34 31
29 8 8 13 14884 41 44
23 22 47 39 10084 49 27
34 9 41 6 1930 33 12
25 16 31 75 16430 33 54
26 5 2 14 12403 31 35
53 17 38 57 14124 51 54
34 8 35 70 9575 47 63
17 14 34 38 1291 39 29
43 7 12 24 5567 45 38
23 7 30 58 8044 44 29
26 1 15 19 12867 42 33
36 19 16 27 10686 66 23
41 8 8 12 5868 18 47
21 10 8 31 11469 33 73
24 7 13 1 1164 43 46
13 9 19 1 765 63 16
14 10 22 13 2297 44 45
33 10 29 64 11911 32 17
32 3 1 15 16330 15 22
24 6 10 1 12210 20 41
45 13 35 28 12179 41 18
41 6 40 27 15115 54 52
18 12 1 18 2686 41 44
29 19 41 7 2071 55 55
42 11 19 17 15717 36 32
26 18 27 1 1945 40 40
40 9 16 26 12565 38 37
43 13 28 10 1530 39 51
15 1 25 12 1188 53 6
36 17 1 37 5872 47 63
24 4 31 22 6433 45 35
35 9 18 24 16182 23 12
38 21 19 58 16393 57 61
30 11 41 1 13806 31 42
33 9 22 37 15495 30 41
42 8 38 81 5479 57 62
35 20 29 30 7110 1 42
38 3 4 4 9249 37 8
22 6 25 8 11309 43 52
20 10 40 25 15339 54 32
29 9 24 28 2510 36 36
33 8 26 61 11198 49 16
20 7 13 43 13213 34 57
19 20 10 71 2225 42 37
25 15 17 18 9794 38 28
18 13 6 1 5894 53 40
19 13 22 46 5355 34 50
32 11 19 1 16274 31 56
42 5 38 15 2856 46 65
14 5 31 28 15893 46 41
43 8 9 33 11590 53 58
6 20 27 29 14048 16 57
18 11 1 67 7800 33 68
28 1 20 29 888 31 35
32 10 14 66 4050 55 39
37 9 26 36 4266 14 14
45 6 22 7 9418 19 46
28 11 14 9 5765 51 51
27 11 11 36 1835 55 36
31 8 18 1 2396 6 48
6 1 1 1 16046 32 25
31 13 14 28 4458 28 57
22 13 31 41 10947 41 55
40 13 8 35 4372 63 48
25 10 43 58 1803 45 41
28 17 38 1 6930 49 29
36 2 47 6 12685 32 38
24 3 23 26 16160 20 41
23 7 5 9 7744 43 23
44 9 48 50 4192 25 46
42 13 21 48 9281 44 30
19 1 17 15 15665 35 35
26 6 4 18 10000 20 39
38 21 26 16 10858 29 31
22 11 46 6 10473 65 38
13 14 18 34 764 59 21
30 14 43 35 9257 48 36
32 7 5 1 14290 59 31
26 14 15 40 9567 46 22
36 6 26 21 294 35 42
46 11 5 25 1416 11 48
46 13 20 23 2944 56 51
42 5 23 53 14238 53 39
30 20 25 39 2320 35 33
28 13 17 1 983 21 34
33 15 18 29 10687 30 61
38 15 21 60 6277 32 48
38 9 14 88 2655 37 41
24 13 46 42 800 24 28
32 6 7 10 1331 38 24
27 1 30 61 15390 23 64
16 1 1 1 8908 26 33
25 8 15 51 3433 43 25
38 11 6 25 5733 50 43
24 12 16 15 9695 34 35
41 16 33 1 5216 43 44
38 9 14 85 1528 44 11
43 18 42 59 13706 51 15
33 11 31 3 8014 48 49
29 13 11 13 13579 68 53
53 14 8 22 3642 18 21
23 3 53 1 1427 73 48
43 4 1 8 15053 50 45
28 6 29 17 15511 15 44
29 18 34 41 1155 58 63
37 10 24 1 5022 46 39
27 5 34 43 10668 63 23
7 9 12 3 9411 16 51
39 17 18 1 2703 19 46
31 8 8 41 8205 24 52
21 14 11 16 14988 6 61
34 12 43 11 5961 30 55
17 3 14 16 851 19 19
27 12 34 8 16184 21 63
17 1 24 40 5155 25 40
40 12 24 34 15061 23 53
26 20 18 19 11835 11 45
1 5 32 62 2585 15 24
37 2 19 1 7660 10 68
35 10 1 1 8564 13 43
26 15 41 21 10110 17 57
15 19 15 40 13533 17 41
32 12 1 51 11383 20 56
25 4 28 32 11991 21 56
20 17 1 1 417 20 40
38 11 20 12 4494 20 14
14 3 21 59 6776 14 30
18 1 36 21 11912 18 55
26 8 39 58 322 10 16
20 3 15 71 2507 17 47
50 21 17 16 5224 27 27
48 10 14 83 8772 12 34
26 9 29 24 11964 14 11
25 17 27 21 11937 10 30
28 6 9 43 1511 24 5
42 11 20 50 1366 21 29
19 21 14 1 15611 24 27
19 4 36 49 6811 16 40
37 13 14 42 14562 19 44
35 3 17 25 16320 18 17
29 8 26 27 15709 15 56
25 14 12 53 1997 19 29
32 7 29 49 15483 23 29
52 12 32 24 4193 22 37
16 10 1 10 6833 20 31
32 10 1 20 13044 23 59
37 7 13 45 16313 15 32
7 9 40 12 13055 13 39
16 10 12 8 1263 18 35
39 6 1 49 6661 10 51
30 3 49 28 14755 18 30
17 8 36 69 11560 21 18
44 5 7 14 16078 24 27
27 5 16 2 6966 18 43
26 7 4 25 2110 9 49
41 16 3 29 12295 23 23
34 10 20 37 9800 13 29
34 18 12 92 12329 23 42
26 1 15 97 15782 14 7
38 8 12 20 1659 11 20
21 7 28 24 2205 22 12
24 11 4 58 3696 8 56
25 11 1 63 9901 14 44
15 11 35 60 1606 20 42
36 8 1 24 1055 15 25
14 1 28 24 4204 24 38
32 19 19 1 9070 20 18
39 12 29 55 9552 15 22
28 7 33 9 15354 19 45
32 11 21 43 16025 19 37
45 18 1 35 3114 16 15
38 1 17 1 8420 16 33
34 12 25 38 13666 25 17
26 11 4 91 2209 9 36
24 2 42 20 9266 20 57
11 5 25 27 117 26 54
18 12 50 2 13028 16 57
24 7 8 1 15289 23 39
35 8 41 40 177 19 29
37 14 14 6 2119 17 53
45 10 31 1 6888 21 47
13 6 17 16 10040 17 48
46 17 39 15 9630 9 38
26 6 29 11 14470 12 36
32 7 9 32 10005 26 29
25 9 22 39 4638 21 36
19 6 4 16 15851 14 60
13 7 20 7 3528 24 52
28 21 42 34 8690 28 33
28 12 26 50 5917 15 49
24 1 2 23 3297 17 70
41 8 23 30 16245 22 26
32 3 21 1 14169 24 59
36 10 48 29 4285 24 23
25 10 22 65 14029 11 14
44 11 1 1 5529 25 33
33 18 7 50 13701 26 50
17 11 21 57 8244 15 22
45 8 28 21 10080 19 43
27 7 30 16 8460 15 45
49 23 43 41 14333 18 45
25 12 14 12 6423 16 60
21 9 12 38 4100 15 42
27 4 33 82 14478 12 38
29 10 37 5 4951 25 54
15 9 19 30 11789 30 43
23 13 1 35 7889 19 30
28 18 21 68 1757 26 36
53 1 28 1 15210 13 41
24 11 29 1 15024 25 27
20 12 34 80 12925 12 52
32 17 12 16 9538 13 60
26 12 13 34 7786 22 40
40 6 36 1 1622 21 39
25 15 3 1 16126 8 26
21 9 6 32 5476 15 29
33 7 13 6 1408 18 41
17 12 34 48 6202 22 34
34 12 34 84 4228 9 28
13 12 22 32 12217 14 45
32 12 1 26 5398 3 40
33 6 1 22 12857 28 51
15 4 26 57 9111 24 22
18 1 1 23 6434 20 37
29 13 39 8 7551 22 26
40 4 8 40 1370 19 37
30 1 19 1 14275 20 38
31 11 32 48 5689 15 29
44 7 20 62 5681 21 26
26 10 3 46 16096 25 28
28 10 38 47 12639 22 36
36 19 22 21 5039 21 41
33 10 45 12 7582 19 40
44 13 24 31 2541 20 59
29 4 19 34 2568 23 58
34 21 43 19 4178 24 28
33 5 17 37 5513 28 38
23 22 15 34 7973 18 23
29 20 10 47 3806 26 45
35 12 4 46 2011 32 41
34 13 18 39 7018 14 53
29 6 50 8 10371 24 45
34 10 12 8 430 20 39
42 1 19 8 6882 25 32
35 9 17 24 8342 16 43
25 10 7 1 2261 20 47
15 11 27 17 3005 20 35
27 1 30 39 9818 20 20
21 13 45 44 6226 27 27
45 1 14 33 13205 22 25
25 24 21 44 12840 15 6
36 9 25 9 8223 27 68
21 16 7 1 5195 26 48
29 10 25 35 5872 20 54
44 6 22 18 4014 17 22
26 10 36 30 2320 18 12
20 11 26 28 11161 19 55
11 2 28 1 16052 18 16
35 8 9 14 4553 26 26
42 1 27 62 12229 22 57
40 6 20 54 6765 22 19
37 5 17 44 3544 25 52
37 6 37 21 4404 9 35
9 8 1 31 1226 20 34
31 3 17 47 15359 18 29
36 7 6 3 2372 13 36
21 6 10 29 11812 21 39
21 4 52 62 12982 29 46
20 8 3 41 1169 18 48
33 9 1 54 14892 17 36
23 11 28 12 690 30 17
39 4 10 44 7600 13 54
21 12 19 4 1673 13 14
10 11 31 29 2092 23 49
25 13 4 1 8440 20 65
43 2 1 75 1909 12 61
23 6 11 1 16048 20 43
18 15 8 34 832 23 22
37 14 18 10 13625 24 45
32 13 19 1 11037 21 49
17 14 23 19 5760 10 11
23 8 11 13 9575 19 34
23 5 7 51 7945 15 17
47 5 12 31 12898 15 48
21 3 2 1 11197 17 62
27 9 36 4 294 12 32
31 19 20 44 14753 28 32
35 7 26 10 8070 23 54
32 15 17 57 3743 19 50
24 4 38 45 122 22 40
47 16 9 89 8901 13 52
26 14 28 39 5606 13 30
25 7 1 1 8312 18 69
17 5 1 26 7174 23 57
12 15 10 14 836 22 35
33 16 31 83 728 18 51
34 9 11 49 3479 21 15
16 11 30 18 7388 20 31
17 5 24 35 1051 19 22
20 15 29 55 13051 10 34
41 16 30 35 3355 25 33
31 10 13 3 6407 24 43
41 10 20 12 2105 28 29
31 14 8 1 16196 21 51
36 1 1 11 275 14 49
17 4 39 10 3723 24 35
43 10 25 1 1357 21 36
20 5 35 5 8537 13 27
32 9 13 43 9513 15 6
25 13 3 43 7017 28 57
31 10 11 36 12992 23 52
20 4 14 7 11297 21 59
26 11 13 72 12306 20 26
25 5 25 61 10265 16 28
30 9 11 33 7660 25 39
40 11 21 16 9173 23 34
29 11 45 1 13652 26 52
37 14 38 14 7192 22 58
13 8 8 32 6159 19 59
32 11 27 43 6506 16 68
42 14 18 30 14902 20 38
37 4 52 22 5336 21 43
39 12 25 51 12100 23 39
18 5 26 48 14113 27 50
13 11 16 1 7141 24 18
45 6 31 51 2610 27 36
18 14 1 61 9303 18 48
45 14 16 15 16093 17 51
44 10 30 59 845 13 16
28 13 20 49 14425 29 19
34 7 20 18 12516 26 42
14 10 15 7 14305 22 64
19 9 22 1 905 20 25
26 12 35 15 15060 28 26
25 12 18 37 12059 21 49
30 10 22 46 1375 18 38
21 12 35 8 831 29 50
13 11 20 14 4392 12 30
31 16 25 44 1417 25 52
26 6 48 64 6025 12 57
35 1 22 41 9243 13 50
29 9 25 51 424 18 62
46 7 12 3 10916 21 44
43 8 2 1 1366 14 44
25 10 13 55 14295 18 69
31 12 49 1 11170 20 37
47 3 31 12 5607 16 40
31 8 29 25 2252 20 62
37 21 14 52 5323 26 48
40 4 16 35 12596 12 50
16 6 17 1 8256 22 31
38 17 29 19 8912 26 34
35 9 7 1 2824 18 35
23 3 23 60 6474 15 43
51 9 17 19 5342 20 57
49 18 29 8 8368 15 29
27 10 9 36 13377 26 33
11 12 19 60 11747 28 15
45 8 17 28 4995 21 11
43 11 21 44 4608 7 19
28 11 15 52 2325 22 20
37 10 1 21 7197 17 25
28 10 12 4 8640 27 25
24 13 1 29 12633 17 16
18 8 1 1 9484 25 23
32 9 22 24 3953 24 20
8 4 8 3 3553 19 16
27 16 40 1 3780 25 19
34 9 15 34 7117 19 19
13 1 5 37 16195 15 22
26 13 11 55 1013 18 18
30 7 17 1 1859 14 27
21 11 33 54 8022 26 16
44 7 1 17 12133 22 19
31 12 26 60 4428 19 23
40 1 1 24 846 14 18
32 14 23 62 10097 14 10
28 11 27 1 13438 20 26
25 7 22 42 11778 14 24
30 1 34 32 8466 19 14
40 4 18 52 1780 6 25
26 1 29 1 15964 10 15
23 13 2 45 2397 29 23
27 8 29 1 9344 11 14
49 2 23 26 2785 17 26
8 4 12 25 137 16 21
52 11 17 74 12084 13 10
48 19 11 34 6806 24 16
20 10 49 38 6494 28 24
18 6 36 15 6547 17 17
50 17 1 46 13592 25 16
21 9 13 24 12424 20 17
43 9 33 51 6144 15 20
24 14 26 52 3996 14 15
32 9 12 14 11736 28 23
49 15 24 51 4489 10 12
36 10 33 26 1339 20 19
33 2 35 1 6424 21 25
17 15 1 13 8915 17 27
34 12 14 15 7011 21 23
23 1 19 1 13769 19 18
17 19 26 1 9288 16 23
29 13 18 41 10400 11 13
36 5 22 1 4545 17 8
42 5 15 22 7637 27 17
14 14 18 49 9852 17 22
10 5 1 47 13195 20 19
35 8 36 1 12010 19 23
28 1 1 1 11688 23 23
26 15 12 44 6083 13 27
31 9 14 42 6718 23 9
25 16 13 18 10091 24 22
23 9 4 1 925 20 17
22 15 1 20 15854 16 17
22 2 34 40 13532 16 15
31 9 26 41 673 21 18
35 11 6 15 6693 22 18
36 4 46 1 13752 24 13
52 11 10 67 11040 8 17
56 5 17 12 2464 22 19
35 13 34 7 3045 15 24
34 7 30 38 8203 20 24
32 11 26 66 1181 22 28
44 7 20 54 14914 25 18
30 6 19 51 4272 24 17
38 11 1 58 2864 23 29
49 15 23 61 13114 23 19
36 5 17 56 12696 27 18
50 4 34 26 5107 23 24
21 10 1 12 15227 18 19
38 14 32 21 9581 16 16
12 1 11 39 6723 15 18
25 13 47 56 14064 18 14
16 4 18 33 9317 18 23
29 14 14 49 13027 16 18
27 7 23 44 15947 23 14
47 16 33 44 16003 15 22
30 12 22 1 12840 23 21
11 10 6 11 7675 26 26
32 7 19 1 12202 18 19
22 5 3 30 2077 23 20
31 8 17 61 15789 26 22
20 13 13 22 222 17 16
40 13 37 39 342 13 25
40 8 19 5 9893 21 23
24 5 1 1 13599 24 12
27 11 22 11 11948 24 20
39 18 1 20 1344 21 24
41 6 25 24 6112 13 19
24 15 39 1 5289 15 18
27 5 1 66 1556 20 17
30 12 20 30 2063 20 22
37 10 43 63 12847 30 17
36 1 22 7 5733 19 20
47 20 3 14 2438 17 16
40 12 13 37 9668 10 24
20 14 8 12 15505 24 21
24 11 31 1 871 21 24
27 12 26 27 3412 15 15
36 13 17 1 9313 19 17
37 8 1 13 4769 21 17
30 12 13 55 6480 19 18
33 10 1 7 9065 21 19
24 13 15 41 1027 17 27
31 15 22 15 11874 21 24
33 3 23 27 9896 19 2
40 3 14 60 7754 22 16
31 7 12 25 11418 15 26
10 6 12 21 1821 18 17
28 1 37 25 7859 25 18
20 7 24 44 14115 18 10
23 5 21 30 11715 23 22
24 3 9 40 3857 10 8
27 5 15 15 13403 18 18
47 4 42 1 4826 9 20
20 7 2 39 14169 16 25
23 1 28 28 13945 15 9
30 7 44 31 11834 28 24
20 19 44 65 8144 18 22
24 8 20 22 15543 25 21
27 15 10 27 10145 27 27
30 5 33 45 133 27 13
