150
39 36 48 44 1960 97 66
53 26 35 43 721 56 64
52 42 39 29 2363 30 37
42 38 21 45 1271 56 59
44 27 31 41 4490 22 37
52 29 41 32 4398 50 48
29 47 42 45 3597 1 60
53 27 39 26 3407 65 52
42 32 43 46 6410 88 22
50 50 35 25 913 29 69
50 25 28 47 3685 9 62
57 42 49 32 6164 59 48
56 33 26 22 6330 47 58
41 28 42 32 910 49 101
32 36 35 30 990 49 30
45 43 31 34 4398 100 6
44 45 38 33 5874 99 72
47 28 30 34 5139 47 12
37 36 27 20 4194 60 56
57 28 31 33 3927 44 78
57 42 45 38 3934 59 61
31 31 38 33 6264 33 35
43 39 36 24 874 49 33
33 31 37 33 1028 70 45
32 40 33 41 314 49 60
36 49 32 34 1570 39 33
32 54 33 39 1893 100 35
29 47 27 34 2515 61 21
43 30 38 30 1693 61 86
49 31 32 31 5011 69 68
39 30 32 49 2479 63 38
43 42 49 41 1154 48 41
49 52 31 49 1507 69 51
51 49 33 24 6214 70 64
49 51 43 34 841 59 103
44 30 38 43 6338 56 38
50 31 20 45 202 84 52
34 45 28 28 2538 66 100
37 29 49 38 4922 90 13
38 47 40 45 3352 71 45
39 37 36 24 6380 83 47
37 44 39 27 5584 42 47
50 34 21 23 2493 22 66
53 40 39 34 423 58 81
36 33 38 41 4094 4 58
44 33 27 23 5581 38 95
43 25 38 25 3778 63 51
49 48 35 28 4086 15 45
38 51 49 35 4341 19 58
45 51 46 38 5233 69 19
43 50 44 44 6769 29 59
47 51 26 29 2070 10 37
56 35 38 20 4721 33 53
47 45 32 41 1699 46 75
53 51 45 40 6324 71 17
56 40 24 47 713 19 105
35 30 25 29 3122 52 94
52 45 28 20 464 6 97
36 30 47 34 4469 64 61
35 51 32 28 399 92 65
57 38 47 36 2265 45 15
29 39 31 37 1589 53 57
52 35 25 47 3038 53 93
36 53 43 41 5840 9 35
35 27 25 20 898 89 54
57 53 29 31 4771 71 22
47 48 42 23 907 68 71
38 52 26 33 6336 86 48
44 29 34 32 2398 43 68
47 50 26 30 335 7 54
34 33 25 36 4145 40 61
43 29 28 46 4618 68 39
50 42 46 20 4747 84 34
54 53 38 32 6144 29 27
44 27 43 40 5981 5 70
36 28 22 37 1440 37 58
45 32 28 36 6806 37 6
36 44 49 41 681 48 68
58 51 35 47 2912 12 61
42 25 23 47 5970 73 43
35 28 24 30 4731 26 23
55 27 20 46 1520 62 35
32 43 41 36 676 23 81
44 49 37 39 3132 68 77
52 39 37 34 766 1 18
42 39 43 43 816 46 73
43 25 35 21 5994 16 11
47 43 23 28 1080 49 94
48 43 34 27 5461 47 57
48 47 32 31 5258 48 78
42 37 20 31 249 61 66
32 54 46 40 4252 59 57
31 51 20 39 2745 88 20
35 48 47 41 5398 62 36
49 50 37 21 1395 57 6
54 40 24 32 160 80 90
53 45 39 45 1190 25 11
39 40 34 22 2759 68 12
37 28 24 24 478 63 91
58 41 36 21 5431 2 64
46 38 29 36 4375 73 50
42 27 46 22 3767 49 67
38 48 33 29 3314 55 58
36 41 37 29 5059 41 19
42 40 34 33 4990 93 51
36 51 29 33 5477 46 36
34 25 40 43 6367 15 46
58 36 28 34 3038 61 88
47 46 45 30 747 75 58
58 47 41 42 5997 55 65
53 44 38 39 2968 24 57
52 44 22 38 3961 33 73
34 54 25 33 4093 67 58
57 41 22 40 632 53 22
55 54 23 33 5636 24 69
49 36 42 46 4458 39 79
35 41 37 21 3358 74 14
51 46 36 42 3117 39 33
46 37 34 40 2594 62 6
38 34 32 29 2936 63 40
34 52 36 42 2547 28 23
48 51 28 22 4131 89 59
46 33 35 29 3325 90 19
41 28 49 49 799 47 57
47 44 29 45 6600 91 16
46 50 42 21 6544 35 89
46 35 20 20 5881 66 61
47 43 43 41 4381 37 73
39 32 49 44 661 51 35
29 44 33 33 1564 56 76
54 50 30 20 910 93 52
33 51 38 47 5092 63 57
47 48 41 36 3546 88 55
56 37 33 22 2301 4 52
49 27 44 44 3232 31 32
33 51 39 30 2759 65 41
40 29 29 43 4829 55 76
56 35 31 25 4885 40 71
38 50 32 23 2960 51 45
33 45 45 29 2555 35 90
47 50 35 25 2821 46 7
57 27 40 44 5225 15 35
42 25 34 43 1352 93 92
53 41 46 49 3474 68 46
34 39 49 26 2911 53 45
57 25 21 48 1574 65 78
34 41 43 25 782 1 31
40 26 20 21 3010 36 32
35 33 44 35 6069 64 88
56 38 49 27 6612 24 60
