400
30 42 30 43 8063 36 17
33 19 35 37 5560 27 62
17 40 11 23 6854 50 62
37 30 12 34 9689 55 33
19 33 12 31 6606 18 74
31 19 20 25 7678 53 62
33 18 32 41 9270 51 76
17 35 21 39 2343 62 18
30 31 16 25 10086 56 65
31 16 23 43 6447 73 54
26 32 11 42 1523 96 41
23 34 25 45 9018 23 77
42 22 17 43 14058 37 40
26 31 12 33 8185 57 60
16 22 25 40 6449 22 54
22 40 18 35 2460 32 14
31 33 36 49 10282 64 48
35 21 16 29 10723 26 88
41 38 10 40 8097 5 49
40 20 16 45 1396 78 60
41 27 29 42 4516 40 92
41 44 20 49 6368 66 74
33 16 21 44 5422 50 31
37 17 12 41 11596 45 48
43 25 38 30 814 44 49
35 23 15 49 10868 77 37
26 18 18 30 2098 45 6
27 42 10 38 728 48 56
22 35 21 35 3445 60 60
37 25 21 44 10150 13 66
38 22 29 47 11419 16 20
32 38 32 36 1191 42 45
43 39 11 46 2723 81 56
42 21 14 31 6161 80 64
17 38 34 27 14031 48 66
33 25 28 41 499 26 47
40 21 11 31 4895 18 101
19 35 23 47 567 53 46
18 29 10 39 2089 49 66
31 22 20 22 7041 69 57
23 39 16 33 10154 49 23
42 21 29 31 12746 100 26
22 31 10 38 684 67 54
19 41 14 44 1626 28 66
27 16 13 43 9092 68 84
33 40 23 35 8690 66 62
19 21 19 35 494 1 63
32 42 21 32 6286 47 82
43 25 12 35 2970 72 51
20 20 27 39 9870 68 26
18 21 39 22 3291 62 38
29 41 14 38 11817 76 16
16 19 14 46 4608 81 64
19 43 28 31 6219 54 48
38 39 15 44 10607 24 84
26 16 16 40 5956 52 40
44 36 15 50 11744 42 105
16 41 11 42 3786 1 66
41 42 20 38 10858 86 105
38 21 25 22 1092 34 66
33 36 36 47 7918 58 47
28 16 33 27 10925 51 6
23 39 25 36 5502 73 46
31 23 24 29 12186 47 27
38 25 18 25 1029 80 73
20 42 27 23 3763 51 26
37 35 34 41 7369 41 25
15 41 21 40 8105 41 82
20 40 12 33 2118 60 34
17 29 27 45 1150 51 10
19 17 11 32 9741 45 73
20 26 33 27 4455 33 86
15 23 28 30 2156 61 64
36 32 17 34 9724 51 14
38 34 36 40 13784 1 37
30 41 21 36 1074 27 72
31 32 19 46 12447 42 33
39 45 21 22 11669 64 48
37 39 12 24 3727 73 43
15 26 11 46 3714 23 30
40 36 36 25 12579 12 39
24 22 20 41 1684 21 80
27 36 26 47 3885 61 80
40 22 18 31 11328 100 35
17 41 27 34 6541 48 56
40 41 32 23 7568 45 98
40 30 17 35 2506 70 51
43 25 39 44 845 32 21
30 32 24 38 7222 51 28
21 40 12 41 11872 10 74
30 21 17 28 8708 46 38
36 21 37 33 6283 64 52
25 16 11 34 8261 37 55
28 40 32 41 13220 61 35
27 35 31 41 8342 54 71
30 26 12 23 13410 87 74
22 43 11 47 7219 19 69
42 29 26 26 13174 84 75
38 21 16 50 8841 78 88
24 43 30 24 410 28 77
27 17 13 31 588 36 44
30 35 37 22 13302 81 43
29 20 17 49 5037 23 87
44 24 29 47 9819 79 62
17 18 17 43 2213 44 64
15 38 37 43 7850 26 66
23 33 21 31 9081 14 74
34 23 27 25 12972 32 64
20 33 10 46 2939 64 64
36 25 23 28 678 93 81
20 31 21 37 3494 49 54
30 38 34 50 14136 3 39
31 28 28 46 6129 28 11
36 34 25 40 9220 74 68
23 43 11 28 12853 49 44
37 25 27 46 13657 44 94
23 36 39 48 4297 63 40
28 22 33 35 11840 8 28
18 35 20 30 10463 40 74
29 16 14 44 11940 26 40
26 18 35 37 5358 39 54
42 26 26 33 6958 52 67
23 40 28 34 4947 64 36
44 42 35 46 8968 76 20
38 20 16 40 4015 67 89
43 45 16 22 11329 1 28
44 29 25 47 543 54 69
34 17 11 42 10177 64 55
43 20 22 26 12734 80 83
31 35 38 45 9658 59 49
17 32 25 35 9769 62 72
23 35 19 35 8552 74 53
42 45 23 23 13280 10 85
29 29 31 40 622 32 83
43 40 19 24 5326 15 69
15 44 18 45 926 44 44
31 19 24 48 13102 84 43
24 31 22 22 3267 16 91
41 25 31 31 12980 38 86
24 19 16 24 3221 49 32
35 37 32 48 3543 24 53
19 45 23 34 8935 33 6
37 41 29 27 6979 82 19
33 20 32 25 169 85 78
28 34 14 50 587 84 17
31 23 21 40 5071 52 74
35 33 29 32 8535 97 6
28 25 16 29 11531 72 82
17 34 32 25 1757 1 75
16 43 39 24 8124 1 83
36 44 31 47 7928 56 57
29 19 22 24 11733 64 51
41 25 39 48 8375 33 69
24 29 13 48 9012 52 63
31 28 24 25 2980 16 60
20 33 26 24 6650 44 30
30 43 13 36 5315 52 63
43 36 26 47 744 54 43
23 36 31 48 12374 77 19
15 37 26 41 1356 56 18
18 40 19 26 10920 89 67
34 39 28 44 5204 39 87
28 42 24 22 7512 40 28
24 37 14 43 6996 23 30
43 35 30 31 13791 55 19
22 32 39 26 4493 32 66
40 28 18 30 7153 64 76
19 26 18 26 3708 31 44
38 26 11 27 8880 41 56
42 21 16 21 9501 24 58
15 38 21 23 12009 64 6
22 32 18 23 11072 27 53
31 24 21 49 7481 51 78
17 35 22 47 1089 75 54
40 41 29 44 11517 57 85
31 34 33 37 709 63 20
25 19 10 39 11616 58 29
29 32 25 24 794 81 80
17 20 20 45 8524 100 73
31 33 27 30 11209 38 58
44 34 15 26 5317 15 31
20 22 11 36 10601 61 22
41 45 26 38 524 28 55
40 20 32 28 278 92 74
22 35 38 46 1416 50 80
34 29 14 31 11895 12 91
41 35 20 27 6450 93 41
27 40 35 26 1130 47 105
32 28 22 33 6426 71 105
17 42 24 29 14063 95 47
20 16 14 26 3585 56 49
21 39 24 23 6676 60 36
34 39 28 49 8655 5 105
15 41 13 40 11090 55 47
30 18 12 45 10034 50 77
20 41 28 38 11112 81 57
22 42 35 44 5369 23 47
36 31 11 46 9331 57 77
38 30 28 23 7576 1 63
44 45 33 46 3075 56 32
27 36 35 45 4690 40 84
23 33 31 48 8931 23 50
43 19 29 31 5905 11 60
25 20 34 49 2544 67 87
25 42 13 36 14094 56 32
40 29 19 40 10614 64 6
26 29 18 28 9129 33 62
44 40 34 37 159 32 45
19 38 26 44 13252 31 44
22 22 10 42 7691 57 73
31 27 27 31 6666 37 52
18 30 20 49 13162 81 82
21 41 23 30 10387 39 73
44 32 18 43 6603 56 52
26 20 17 24 10284 39 59
42 28 32 35 6463 60 47
39 28 20 26 7186 45 56
43 32 25 27 8013 48 29
26 34 34 26 7428 86 65
27 25 38 42 1889 91 81
20 25 20 34 12067 56 59
21 45 31 45 9972 1 9
27 32 17 47 7937 88 17
36 39 14 38 10739 46 91
24 29 26 39 4239 70 77
35 22 23 41 13269 23 35
27 19 34 49 11367 34 102
28 24 14 45 634 57 50
21 22 19 23 3351 45 82
26 31 14 42 1962 18 15
15 45 30 33 5511 77 74
27 22 23 38 13784 96 6
28 26 38 28 6804 11 50
29 25 15 21 226 79 39
18 19 34 46 10276 52 21
22 40 26 34 14082 55 58
30 23 34 38 3987 67 47
30 38 22 21 11770 50 20
26 25 32 29 13318 79 60
23 36 22 31 13317 46 37
38 34 15 30 3707 81 55
30 36 18 26 10572 5 80
27 25 19 47 9708 36 85
20 35 12 39 5483 87 36
29 32 24 40 1461 25 66
33 17 30 49 2333 77 70
25 44 32 33 9261 31 6
15 45 30 27 11658 58 53
31 22 13 21 13649 62 49
44 40 17 26 13478 50 73
43 23 22 43 4047 79 66
30 18 35 41 2683 92 82
30 39 31 21 866 55 37
29 44 20 21 10856 24 30
17 21 23 36 3244 77 39
41 21 34 26 8660 51 57
22 16 21 49 944 53 29
22 21 39 41 893 68 31
26 18 25 41 13730 44 79
29 17 29 48 6775 60 77
25 36 35 47 3314 46 35
38 26 19 36 1483 34 92
26 42 36 28 9109 37 41
26 17 12 28 1720 49 19
26 32 31 32 5659 50 33
39 18 25 49 8090 57 23
31 19 38 26 12083 92 76
44 35 11 28 8364 24 43
39 42 27 31 4552 1 18
39 27 31 43 3507 18 35
38 20 30 29 2267 53 21
40 16 33 49 6528 45 71
26 42 16 49 6363 52 34
16 27 22 30 2735 54 65
35 36 34 39 2386 69 70
38 31 28 27 10973 1 55
30 36 33 49 11579 91 88
35 28 13 26 8837 73 52
17 17 21 21 9208 35 45
41 40 14 27 9206 16 32
34 19 24 36 10628 53 23
39 40 12 32 9938 90 39
22 34 12 42 3254 48 58
24 41 13 31 10427 47 40
17 32 17 34 4806 36 41
25 29 11 23 10714 5 43
28 28 38 43 9028 47 70
31 37 25 48 5748 21 43
31 22 32 43 12327 70 22
44 29 20 30 10855 58 46
19 25 36 30 8970 76 64
40 23 38 41 4776 68 6
27 38 33 44 12116 30 42
20 32 19 29 10171 51 59
28 29 13 31 8350 46 16
40 35 30 43 627 14 35
21 37 28 44 1288 54 34
30 16 24 30 218 62 51
33 20 21 29 8426 94 52
39 30 22 22 4340 65 52
32 24 10 47 8110 67 20
28 19 25 47 13736 63 77
35 17 31 30 6580 61 86
17 20 29 31 8407 69 37
23 30 26 21 8482 64 70
34 35 29 27 5419 63 56
27 20 34 45 2182 30 22
31 25 26 35 5878 5 74
18 33 37 23 5158 1 55
31 32 11 41 12116 66 6
26 25 35 39 11187 65 95
31 40 20 43 12236 35 53
27 41 22 22 8061 36 33
21 22 18 41 6260 71 53
26 16 10 33 8017 56 69
30 39 31 23 8032 46 38
31 28 11 45 10559 43 80
28 38 18 36 5145 79 53
25 25 28 43 6682 87 30
15 17 17 32 605 19 80
37 28 17 22 544 33 29
42 41 19 33 4310 53 42
44 16 33 30 1154 54 51
40 40 28 35 6314 18 56
38 21 12 39 6320 54 61
36 37 34 43 11538 42 89
22 18 37 35 9029 1 77
41 31 33 40 11457 1 34
22 21 25 30 9155 67 38
41 22 23 44 7320 33 57
22 20 36 28 12799 32 28
42 32 14 38 2323 30 82
32 38 37 49 12201 74 34
21 42 26 24 11425 31 59
30 20 22 47 8026 70 43
34 22 25 39 1097 51 59
26 44 23 21 12234 88 54
22 21 25 23 6518 89 38
43 27 38 43 6628 47 63
36 36 11 42 836 23 30
43 40 11 34 12149 14 61
38 30 22 40 7779 64 57
16 43 27 44 5156 24 91
18 40 15 29 14196 34 53
23 33 21 42 10651 64 25
28 25 31 41 11198 28 57
29 19 22 36 11853 63 71
22 20 28 30 7945 41 34
37 38 14 41 6265 5 8
20 40 21 40 10958 96 70
35 25 29 34 6215 75 51
31 40 29 38 13039 46 61
28 39 26 35 3182 78 6
25 33 25 44 2925 22 94
31 41 11 46 4070 21 59
16 18 29 24 11230 29 61
39 34 34 25 4451 46 100
32 27 37 29 8008 10 17
23 25 33 49 10044 78 6
17 41 30 38 13292 10 35
16 40 27 41 5274 57 49
15 37 30 32 1447 58 56
28 45 22 32 5637 1 62
32 37 11 40 6537 81 7
22 22 34 42 10847 66 80
36 34 16 24 13842 47 37
43 18 16 41 346 96 44
19 32 39 25 5958 35 70
34 21 14 43 7816 62 64
22 30 35 29 4416 91 21
32 27 35 31 12690 56 90
30 31 13 32 8638 74 61
22 40 29 48 12847 86 95
23 17 35 42 6414 18 35
43 34 26 44 10652 48 44
18 37 38 37 9790 39 72
32 38 38 36 4061 53 45
30 42 13 34 5132 45 86
15 36 22 47 340 79 105
18 18 26 39 3507 32 21
22 40 20 42 9618 41 27
15 43 24 32 12524 43 33
34 26 11 43 12707 84 26
42 33 26 47 4219 30 22
39 16 13 27 13508 37 75
36 34 10 31 647 92 28
24 17 37 37 3551 49 55
22 24 35 50 10181 97 76
33 21 23 24 3648 69 55
41 20 19 46 2518 61 46
23 24 20 25 8246 85 80
39 31 39 21 3458 100 65
24 38 17 42 11041 38 70
37 18 22 21 2876 41 90
15 39 13 39 11746 55 76
44 44 28 50 11209 11 74
19 42 29 48 841 39 69
36 42 19 26 3998 42 60
42 32 18 25 11765 44 23
30 20 25 29 13738 64 57
