150
19 70 46 56 12122 2 5
12 79 54 52 8255 3 2
15 90 54 44 22852 4 4
15 86 50 48 21331 3 4
17 80 45 53 7492 4 3
19 74 55 49 16951 4 2
17 59 41 53 19971 2 6
12 75 48 51 15954 3 4
14 55 35 45 22511 4 3
12 76 35 51 6426 3 4
16 82 30 45 9111 3 6
15 76 44 51 6198 5 4
14 100 51 48 23250 3 5
14 73 47 44 26877 3 3
11 50 42 44 15727 1 2
14 62 56 53 15335 2 5
13 90 54 43 11344 3 5
18 81 59 48 10112 2 2
13 67 55 42 22698 4 4
12 67 40 54 17180 3 5
11 85 51 56 15193 3 3
14 56 46 50 6320 1 6
10 73 46 49 4244 4 5
19 56 48 53 12289 4 6
15 78 37 56 8696 5 5
16 83 44 50 313 1 4
14 100 53 49 23898 2 4
20 78 48 48 8005 3 4
13 73 53 45 18907 4 5
16 66 45 43 7840 4 5
19 50 46 53 7860 3 5
13 96 44 52 19564 1 5
17 57 38 47 13546 4 5
10 70 49 55 12889 2 3
13 78 41 49 23731 3 6
10 84 42 56 9363 3 5
11 86 34 55 20466 5 6
18 79 45 60 18021 4 4
15 77 46 51 12446 2 3
19 69 53 40 25255 3 5
13 71 48 51 20366 3 2
16 60 60 46 11330 4 4
13 79 47 51 21234 2 3
15 86 49 48 10471 5 5
20 72 56 42 7413 2 3
17 87 58 50 16555 4 2
18 75 60 49 14331 4 4
15 80 48 46 16334 3 6
18 97 42 51 10794 1 3
15 67 60 56 26870 1 6
12 62 34 54 16614 3 5
15 73 54 50 8711 3 4
10 87 42 59 8527 4 5
10 71 49 53 5799 2 4
16 65 42 50 22420 3 4
20 56 34 47 12614 3 6
10 66 51 43 7531 3 3
10 93 48 55 23610 2 5
15 83 49 48 4990 1 3
15 93 58 44 3801 3 6
13 62 32 42 2404 3 4
16 85 35 51 18451 3 5
13 50 50 52 20679 4 4
15 90 39 44 1188 4 3
14 61 40 57 20120 2 3
16 73 53 49 5507 3 5
14 61 45 49 10296 2 4
17 78 45 58 3674 3 2
17 85 34 46 2869 4 5
13 95 50 56 16194 3 5
11 64 38 54 27562 3 4
18 73 38 57 21856 3 3
12 68 46 51 23773 4 4
16 57 53 46 5796 2 4
13 68 51 48 4555 3 3
17 68 45 55 15643 2 5
16 100 52 56 18998 4 4
16 72 34 52 9078 2 6
14 51 60 54 11721 4 3
16 94 37 52 25395 4 3
12 65 40 54 15315 4 4
16 78 41 41 10676 5 5
14 73 53 54 9603 1 5
15 75 32 51 9276 1 4
15 50 46 55 24639 3 2
11 81 50 43 21873 3 3
10 73 55 52 19853 1 5
15 75 48 51 15351 2 6
15 93 42 48 16434 5 3
14 97 35 48 4866 2 3
17 64 52 52 15323 2 4
12 63 47 43 20143 3 5
15 100 48 50 19154 5 4
15 62 57 49 19409 2 2
15 64 53 49 5274 3 5
18 90 51 40 2139 1 4
17 75 46 48 15361 4 3
15 79 43 40 11178 4 4
12 58 39 56 8533 4 4
12 67 39 43 1973 4 5
18 100 38 57 24922 4 4
17 80 37 46 17827 2 4
13 52 40 49 24136 2 3
15 73 41 55 3664 4 4
13 95 50 54 4557 4 4
14 69 46 58 15274 3 2
12 65 52 47 2413 3 5
16 66 35 56 18597 3 3
16 70 48 54 4561 2 3
17 88 36 51 4455 2 5
15 63 46 57 13264 3 3
13 64 59 49 5460 4 5
17 71 42 45 18398 5 5
13 89 39 48 6659 2 5
15 77 48 49 13533 3 5
14 68 33 41 25254 4 2
16 83 42 51 18766 3 6
14 66 30 58 6968 4 4
18 71 48 48 18831 3 3
16 63 58 43 14612 3 4
10 67 39 45 8101 3 2
18 72 44 51 18068 2 3
13 84 40 55 23033 1 3
15 89 33 48 13935 3 3
12 73 44 52 16270 2 4
10 84 50 42 24687 2 3
18 66 39 49 17468 3 5
16 56 36 45 23615 2 6
13 65 39 54 21252 5 2
14 83 48 54 20518 4 2
14 80 34 55 6343 3 2
14 77 48 56 11688 5 3
18 76 34 54 7616 5 4
14 73 44 45 7246 4 6
17 52 42 60 20830 4 4
13 68 44 60 3664 2 5
15 100 55 51 12773 4 6
14 68 54 44 24138 2 4
12 74 30 60 2751 3 3
13 61 54 45 22541 2 4
13 74 46 50 9156 2 3
14 85 40 40 4369 4 6
17 78 55 47 26372 4 3
18 55 45 44 17188 3 3
16 50 47 52 23765 4 4
16 69 50 44 4200 4 4
16 50 41 42 25635 2 3
17 57 51 52 1955 3 5
13 70 38 49 7979 3 5
15 54 30 50 27534 4 5