50
34 29 31 48 1057 100 66
58 32 44 26 2119 54 33
55 40 38 51 1043 35 42
47 18 44 51 1854 88 62
40 22 30 47 1942 37 64
47 45 38 48 836 82 34
31 38 22 34 1083 55 70
57 39 41 23 1786 65 31
36 18 44 47 447 49 104
33 37 25 42 1388 69 93
30 24 20 33 581 10 50
34 28 25 35 1011 63 34
53 42 34 36 285 10 64
46 20 32 40 453 33 94
38 34 43 29 1423 17 41
44 37 34 52 1562 13 32
57 34 37 35 1972 15 29
41 18 24 42 1309 23 75
53 32 35 36 1135 100 56
34 27 24 36 739 52 94
48 39 35 42 289 42 30
30 32 26 23 198 91 100
40 44 28 25 2134 47 80
38 32 18 39 221 84 25
31 45 44 29 787 16 81
32 35 46 45 1284 91 30
50 18 25 38 1154 80 6
40 20 29 47 1365 90 13
36 42 20 29 1398 58 73
33 44 21 49 2147 67 44
34 43 21 42 811 45 101
40 29 33 48 738 31 33
53 44 23 34 1221 48 7
51 42 25 50 1376 98 6
38 34 23 44 1178 82 24
43 44 35 45 321 9 39
46 22 24 51 2009 25 43
43 41 31 33 151 39 27
42 25 40 45 1570 71 89
47 37 24 30 1551 48 27
58 23 31 52 748 68 61
32 30 21 23 1958 44 67
49 39 17 39 451 58 17
44 44 17 44 1506 54 62
36 31 25 50 2068 44 60
55 19 45 31 1646 25 55
45 31 27 52 1546 43 41
48 24 39 37 232 35 39
50 31 25 52 1802 23 66
29 37 25 43 743 71 50
