500
44 15 24 48 19281 60 34
54 20 46 37 15667 7 38
39 16 24 38 9162 78 54
35 31 39 37 20536 65 48
45 19 47 49 3298 51 105
50 30 36 29 8750 47 71
53 20 29 58 12503 19 37
36 24 44 53 2857 61 57
46 35 33 45 6134 50 64
50 40 30 48 2943 100 70
29 17 27 33 8051 45 80
43 34 30 29 5691 31 45
27 35 42 39 1328 66 56
51 14 44 55 7695 88 50
28 33 48 29 9916 27 46
40 19 28 55 9801 54 98
34 40 41 51 7756 27 19
34 27 28 44 19819 73 77
50 27 44 36 18121 48 76
29 24 36 31 17654 27 63
33 37 46 53 12117 99 90
34 40 29 51 19801 47 57
53 17 38 55 3122 65 96
50 18 24 53 16278 21 9
33 40 36 50 1843 91 68
36 17 52 42 20042 34 90
53 17 40 34 8452 66 12
53 20 52 58 952 16 48
35 26 29 33 6045 10 19
50 18 30 33 1853 45 36
42 34 40 58 11682 57 51
37 11 46 45 9175 26 59
29 25 26 36 710 81 52
36 40 23 46 17879 48 36
38 14 31 51 6859 13 76
56 25 31 31 7604 52 63
31 31 50 35 4961 67 50
34 30 34 58 7171 36 91
51 13 52 34 7917 44 33
40 12 40 47 16533 39 29
47 30 42 38 15039 42 64
54 32 24 30 17883 73 24
54 11 45 58 6347 33 100
30 21 25 45 13169 92 44
27 38 38 48 1750 64 15
30 28 38 41 13895 75 47
55 32 25 44 19666 50 22
43 37 49 53 11341 67 44
46 19 31 31 14757 75 40
33 38 26 37 7964 65 38
39 32 50 29 19833 96 46
50 11 36 46 19458 56 63
37 27 41 31 6386 58 56
38 37 48 39 471 65 41
37 32 29 55 14626 33 14
34 25 29 29 996 87 42
37 27 42 41 6420 36 47
42 20 46 45 21216 37 86
39 11 23 56 17749 49 78
38 24 27 42 11671 1 32
36 37 33 46 2782 41 51
43 23 30 32 15583 68 55
29 25 45 49 8068 37 35
40 31 30 30 2289 29 58
41 36 31 51 8652 27 6
36 16 39 31 17711 41 69
40 26 25 40 15753 51 55
38 39 23 44 6684 81 71
32 28 37 39 10543 36 38
31 25 50 43 7308 57 6
56 38 29 38 2777 41 52
54 28 33 54 5545 13 63
39 38 41 53 20477 55 19
53 25 45 33 1024 35 32
55 20 37 35 9142 35 60
41 36 23 37 21559 23 49
34 34 43 29 12618 71 75
30 11 38 29 17612 37 19
31 17 41 39 6448 70 58
47 38 31 48 12792 22 80
31 30 33 32 8128 45 21
32 17 51 31 7311 67 71
53 35 40 41 14735 77 40
46 15 45 48 5320 72 75
31 32 32 33 20136 80 24
49 26 52 31 13731 56 67
46 12 24 55 20205 44 39
44 38 51 51 14708 84 30
39 18 28 47 21775 29 72
36 21 51 35 3709 56 100
34 32 26 47 8538 41 62
39 20 44 42 15995 42 91
48 30 24 34 1170 83 59
56 16 30 36 182 67 51
49 28 47 36 18933 64 34
47 38 34 57 8810 42 76
28 13 45 38 18195 25 6
33 29 49 39 9618 40 36
37 35 28 57 18754 34 46
32 14 48 48 14430 52 20
44 20 34 35 19695 36 75
44 18 39 54 5493 46 78
32 11 40 34 8337 17 52
29 28 30 40 10603 52 50
38 39 40 56 7013 37 85
49 24 27 48 10294 88 58
35 17 25 34 3120 10 72
46 21 45 48 7042 59 81
43 32 43 40 675 66 105
31 14 28 51 9608 24 49
34 29 52 34 512 21 105
35 14 40 40 4922 61 71
42 18 43 52 13586 30 49
56 23 30 57 8290 1 21
35 20 31 40 18407 50 25
52 24 31 44 14208 29 24
52 38 43 54 1381 81 58
35 22 37 36 3071 49 13
29 26 42 56 11522 32 17
29 24 23 48 17306 72 37
39 36 40 37 12624 49 51
49 26 40 32 19583 58 43
37 38 35 51 21844 27 26
42 20 47 44 2375 58 41
34 18 33 57 19659 34 64
37 36 45 37 19759 50 6
49 21 29 35 19377 55 105
51 16 32 46 9474 43 48
42 35 35 56 5562 82 59
53 31 30 48 10219 16 67
48 18 40 46 13321 100 59
54 34 32 55 7883 75 17
29 34 42 41 3716 100 37
45 37 41 35 20926 51 43
40 31 43 32 20164 45 64
31 22 40 34 18051 71 63
28 38 28 48 19032 20 52
50 27 51 54 2006 45 89
35 36 30 35 5859 43 63
38 37 52 36 18943 93 42
38 20 51 42 13379 43 14
31 12 38 46 18783 23 40
56 33 52 37 9976 45 53
46 11 51 40 7537 64 33
27 37 37 58 13162 5 49
46 19 39 48 14380 63 65
38 40 36 36 13831 61 56
50 40 44 38 235 19 90
33 34 23 34 10296 57 6
53 40 36 35 5696 29 66
52 29 45 53 4781 64 27
27 28 34 44 11755 81 19
43 33 46 46 17203 49 46
28 19 43 43 9451 34 50
46 32 37 39 8791 67 77
31 37 45 40 11570 48 71
55 36 31 48 624 1 26
55 31 37 36 3978 19 76
41 14 40 36 14559 53 72
46 12 28 58 3078 69 69
30 30 31 54 3270 82 70
36 35 31 38 17493 40 45
47 32 45 56 4231 47 34
51 29 36 46 11865 80 85
40 23 42 56 16382 89 68
46 16 31 58 16781 84 92
36 38 50 57 6758 71 80
53 28 50 44 7919 72 53
50 20 48 44 10009 29 95
28 24 32 53 16533 100 59
51 32 45 36 19555 51 22
43 23 51 32 12129 72 54
47 22 38 47 3481 46 57
39 30 47 39 17187 71 47
29 37 42 29 3092 53 52
53 35 25 51 241 73 98
32 30 35 30 16168 66 41
43 15 23 45 18576 78 84
48 37 27 46 5845 28 62
29 16 29 35 21331 36 102
46 33 26 35 19188 15 80
36 32 32 36 15896 45 72
32 16 48 51 13756 62 75
56 29 28 29 10397 58 46
34 18 40 33 4122 38 53
42 25 42 58 8968 40 43
48 34 47 40 4489 83 34
42 39 26 35 3237 25 47
28 36 26 36 2995 9 30
42 15 25 37 11108 74 67
30 26 36 51 7551 16 69
31 33 36 47 14946 62 94
35 30 33 38 3036 83 75
34 15 29 58 9109 48 46
53 15 46 37 7086 21 57
44 16 38 36 20565 4 61
47 26 34 33 10259 16 48
56 31 40 58 17383 47 71
53 19 23 41 18042 33 105
47 30 46 53 17557 44 34
51 37 48 57 17440 68 25
40 40 45 47 19982 70 88
45 37 24 50 20696 86 10
52 15 31 56 3411 19 100
43 37 42 41 19290 64 56
38 19 50 38 10406 55 51
33 28 23 56 5712 30 41
34 12 27 40 7372 25 63
37 27 42 40 13684 45 62
56 17 50 43 5739 62 68
52 29 23 40 12867 25 105
27 20 43 58 5952 61 76
27 18 29 55 20284 65 105
39 38 40 31 7944 57 50
37 14 48 48 2691 1 69
37 35 35 45 15448 46 60
30 22 35 29 16489 52 47
28 20 28 30 14425 65 22
54 37 30 58 16479 36 17
38 23 33 43 8864 75 26
55 16 37 51 10560 57 66
36 19 24 45 7286 74 65
38 24 47 52 1892 37 43
48 15 46 43 4574 65 54
42 33 29 44 6521 51 70
56 25 35 58 7384 30 105
39 33 45 29 13705 67 61
49 15 23 31 2222 48 70
46 14 44 42 2982 23 31
32 28 33 39 1518 14 37
41 19 34 37 19536 13 58
49 37 26 40 5801 69 87
45 24 41 35 7793 52 71
41 16 34 34 13207 45 83
33 16 42 52 17312 53 69
39 34 42 43 17147 56 33
52 13 34 52 10605 6 32
45 25 36 34 14490 1 65
55 40 45 29 18909 29 52
31 26 38 43 20341 34 100
37 32 37 34 8250 31 23
27 20 23 33 15086 74 73
34 18 43 52 11698 1 87
41 19 45 43 10655 88 59
43 21 27 56 10008 65 46
41 14 33 41 20571 13 70
34 35 49 29 13388 37 82
51 16 35 58 12834 2 56
34 15 47 47 6880 25 14
34 29 39 34 12534 30 70
37 14 26 40 3979 100 66
28 26 37 45 14181 1 71
28 20 45 32 3270 84 94
39 33 27 57 7346 26 50
37 20 38 39 6844 76 59
31 16 46 50 14925 39 75
52 20 28 48 13733 64 80
38 36 39 55 10123 26 84
33 13 43 49 14159 25 32
55 13 30 34 1783 64 49
35 20 42 54 2633 12 28
32 28 31 34 1002 37 58
51 38 39 48 2607 52 58
46 32 29 39 5259 62 67
54 22 31 33 18426 84 53
39 33 42 36 21082 32 61
28 11 26 56 9231 37 40
41 21 37 56 9874 1 47
51 40 23 51 19542 71 63
56 30 29 58 21183 76 53
36 16 32 39 8136 17 20
39 16 35 43 11056 52 14
49 25 51 53 11061 6 84
37 40 41 38 6380 23 74
47 29 32 44 15576 90 24
36 16 29 57 11682 34 32
54 21 41 46 10337 68 99
32 39 36 35 9319 39 81
44 35 31 39 10894 11 46
46 38 40 38 6850 60 50
28 25 48 34 13421 40 16
46 26 40 41 5023 84 56
56 33 46 52 19469 57 55
30 22 51 37 19863 44 27
36 23 47 48 13310 56 70
46 20 49 39 13868 75 28
49 28 43 50 13776 24 57
55 22 39 34 5129 18 40
51 24 49 43 10063 9 76
39 37 48 47 17937 77 71
38 36 28 47 11064 64 6
39 31 29 45 21039 67 47
55 32 36 51 13199 23 80
44 31 29 58 21349 37 48
31 18 45 43 21943 85 11
41 25 26 40 20103 1 60
40 35 48 31 13822 84 69
32 18 25 47 13900 45 56
52 15 43 53 12616 73 54
47 29 29 49 20914 92 34
44 26 42 32 4333 53 79
34 28 26 49 7949 63 12
40 23 39 40 9052 40 61
31 35 48 44 21395 42 68
30 40 46 31 4210 82 6
52 28 26 45 9383 1 59
43 27 35 29 4661 27 77
30 35 38 51 2019 34 24
29 35 31 43 10875 61 42
41 39 37 52 18134 55 59
37 22 41 50 2216 10 20
50 18 43 41 16296 44 52
37 29 50 37 8184 81 75
55 22 29 57 20027 23 41
34 23 40 47 609 94 45
47 26 41 31 14479 35 59
39 17 45 49 15647 52 51
37 20 45 44 17489 42 92
51 33 23 30 14852 41 77
52 23 45 39 783 75 33
27 29 38 39 2857 21 59
39 36 35 56 8944 55 55
49 19 23 47 13258 33 31
36 15 50 32 9141 79 22
27 11 28 57 19883 44 44
38 35 25 39 8981 20 46
34 34 23 55 9062 99 48
45 30 27 37 9655 71 35
52 24 31 31 9055 77 39
33 12 24 42 10309 54 77
28 17 28 50 18199 100 76
36 16 25 49 4352 98 33
39 25 30 36 8411 40 22
33 33 24 51 15013 58 71
52 15 50 43 16853 1 47
45 26 40 42 13457 61 77
38 29 26 37 18427 8 38
30 14 33 42 14662 70 54
28 28 35 48 18326 37 42
50 40 52 48 16035 46 53
51 29 29 40 18575 17 29
28 24 38 56 17393 52 105
28 33 46 37 8396 66 52
44 35 34 57 16712 78 78
34 39 28 52 16661 58 25
35 19 27 58 17677 79 64
52 16 30 36 2950 71 91
49 34 45 45 6377 63 74
52 28 35 41 15889 82 52
47 40 43 50 12014 10 38
36 24 24 47 16195 28 38
27 31 33 42 8361 56 27
44 12 26 29 2681 25 56
28 35 26 53 2688 1 90
43 25 43 29 7228 51 68
33 29 27 40 12204 25 48
49 39 46 55 2441 71 79
52 39 27 34 17912 90 84
30 15 45 55 15700 38 61
31 12 46 40 20647 3 44
34 15 32 30 19780 66 71
44 11 25 45 19976 39 79
28 35 47 43 9764 57 56
34 36 26 40 11185 18 85
54 29 46 50 12947 58 61
32 25 47 55 6935 12 74
37 19 49 55 4125 60 30
28 23 49 51 2076 64 47
53 12 42 38 13873 72 35
42 37 47 36 15372 61 74
35 34 46 46 9800 25 49
48 19 30 38 9012 38 64
51 27 51 45 15687 55 53
32 40 32 32 2637 43 74
43 12 50 51 11308 31 89
45 21 42 58 6273 36 82
31 25 49 46 4953 38 65
53 39 33 50 11509 80 21
51 24 39 41 2253 47 33
40 36 35 50 14760 62 57
49 39 36 56 20110 22 40
28 17 51 38 3350 34 65
43 12 40 51 17135 1 27
52 27 31 51 20946 50 65
37 16 51 31 3255 43 73
37 16 28 40 20819 1 83
33 22 46 39 18667 73 83
56 19 46 35 14842 58 31
55 29 28 50 11937 25 62
49 24 45 48 9092 65 54
34 26 27 57 13332 99 20
47 18 51 53 15472 26 73
54 31 30 36 13319 29 97
32 13 41 42 13864 95 57
53 19 52 35 12206 65 20
28 18 38 39 3525 30 58
40 30 24 51 1900 41 77
29 20 29 40 9919 36 48
48 30 25 31 20355 63 50
33 36 34 58 9088 58 45
40 14 30 47 15719 27 84
30 36 40 52 2124 39 12
32 26 32 34 4161 46 54
34 33 43 42 6351 52 79
51 28 29 32 14462 3 50
56 11 46 57 11460 52 105
33 13 47 29 21493 52 82
39 17 36 42 9982 35 64
36 21 34 33 14913 5 42
53 33 52 50 6604 81 73
41 24 38 30 10767 66 53
53 18 39 30 12465 75 45
36 27 44 58 1848 1 105
44 20 41 46 3475 35 79
38 12 29 30 13676 60 80
53 21 47 52 12138 41 63
40 25 29 55 13626 39 68
49 23 33 54 16517 70 38
32 28 50 39 5881 49 67
55 11 36 38 10409 59 61
37 30 29 34 13599 26 31
47 30 44 57 4911 67 96
52 29 28 48 5344 85 57
27 19 45 46 1779 38 67
37 20 44 53 14350 55 71
44 31 50 54 10080 79 46
54 23 51 29 20515 38 24
31 32 39 34 16648 78 64
47 32 51 32 8338 28 42
37 32 24 48 16615 1 45
37 32 41 47 529 42 41
48 13 24 40 453 49 16
37 24 38 51 10896 51 35
47 27 27 34 786 67 36
43 12 47 58 15883 63 81
38 35 40 52 4307 28 16
46 29 44 48 16532 30 91
48 28 36 35 18990 82 50
44 34 43 47 9433 31 16
29 29 48 43 17932 59 54
37 30 29 56 1000 77 38
46 31 38 36 9977 54 79
34 29 31 44 3710 38 35
55 32 23 31 7111 57 92
49 23 52 48 20971 35 26
39 16 40 30 10763 94 59
39 31 32 51 2134 48 61
51 15 50 54 1408 100 51
36 36 34 37 14750 1 6
56 18 33 32 20474 20 11
39 28 41 53 14889 31 28
56 40 32 34 12093 48 6
29 14 36 46 21702 57 28
29 19 25 40 19393 64 33
55 12 25 55 19300 33 15
31 33 36 41 4318 49 105
41 19 29 51 3121 39 9
39 28 34 42 17474 30 87
47 18 32 50 14701 40 44
34 12 42 31 4125 33 6
30 18 42 44 9260 57 62
52 23 26 52 5946 80 68
33 24 25 30 2920 58 14
29 14 40 35 15773 57 19
44 11 39 51 11545 100 67
50 29 32 49 12230 49 39
54 38 45 49 12760 4 44
34 14 37 39 17236 80 66
53 25 24 46 5917 18 77
31 24 50 40 6466 22 74
30 40 46 53 9160 34 42
45 15 26 57 7194 59 29
31 35 37 49 18518 40 88
56 24 24 35 1416 97 19
30 35 27 48 1863 41 58
28 40 25 55 9466 40 41
52 33 37 45 18182 48 61
52 18 26 42 11236 78 86
47 34 28 57 19236 45 66
44 39 42 52 17625 5 45
41 26 51 53 19596 24 59
29 22 52 39 4605 37 43
28 21 31 44 21378 72 6
49 22 37 32 1912 77 45
35 23 26 56 13454 78 57
45 14 35 42 14697 16 78
28 37 45 47 11396 58 66
54 15 42 48 12913 70 74
27 27 30 36 20135 49 38
41 24 32 41 11223 61 86
28 25 32 52 9494 78 55
33 13 34 42 17323 50 63
47 13 24 43 17861 14 68
27 38 34 35 1969 21 75
27 31 30 36 14564 18 105
54 20 44 40 777 18 65
34 20 32 33 4992 63 60
48 27 29 57 5499 49 19
44 30 37 54 17891 63 50
52 23 45 33 16989 100 81
