150
28 6 10 36 3613 65 3
28 15 16 20 4583 29 20
13 5 28 50 1032 70 29
51 16 3 33 698 39 56
35 10 9 43 4840 14 42
24 12 38 86 2996 42 65
33 10 18 8 1815 18 41
38 16 10 35 3152 44 31
44 11 6 1 1464 70 36
45 1 46 26 4859 63 34
26 11 3 35 1716 32 38
36 7 11 14 2174 51 33
11 1 22 79 1677 55 47
44 6 1 25 2104 51 58
24 5 1 20 2768 44 51
42 10 29 52 685 12 35
27 7 29 37 3761 34 41
20 4 1 1 3029 17 39
23 9 45 34 2527 14 35
42 1 17 1 4558 57 38
35 8 6 27 1650 67 5
47 17 1 1 3285 16 37
30 14 45 32 749 36 52
2 7 24 25 4634 52 19
28 6 27 34 2188 38 23
35 17 30 34 2608 29 33
25 6 29 21 4669 49 40
33 15 29 10 3555 13 11
7 7 27 22 1851 18 38
21 6 9 13 1695 45 41
24 10 16 26 3050 1 58
28 9 2 1 1240 49 42
24 11 20 1 2213 1 47
39 19 43 3 1600 56 20
16 6 3 19 1499 41 37
25 12 14 12 4531 42 43
35 18 21 51 931 33 16
37 12 13 29 829 16 33
34 8 34 51 4158 27 48
47 4 42 49 4005 26 57
28 1 16 1 2737 20 25
44 9 16 25 3091 16 69
28 14 20 30 2898 19 34
17 17 20 51 240 20 33
29 1 1 54 4133 18 32
25 6 28 1 1598 16 18
34 9 10 16 3115 20 45
16 7 1 12 2013 25 43
37 10 14 67 2368 17 30
30 11 2 31 2553 22 37
33 15 19 74 2011 17 50
45 15 12 50 2624 19 29
28 9 42 37 4290 17 46
27 11 19 55 3798 29 35
36 11 28 55 4596 23 43
29 7 20 42 321 13 43
43 17 3 34 4469 21 54
23 9 34 49 3418 27 20
23 6 36 28 3455 30 38
27 9 32 44 1864 26 27
24 5 31 13 4774 18 15
40 8 17 33 1705 20 25
35 12 1 46 1045 20 21
25 8 1 11 2410 24 70
23 13 1 35 3152 20 28
24 4 18 14 3511 16 13
23 14 9 23 1575 23 35
28 15 25 29 2421 17 43
32 3 11 1 4200 13 43
28 6 1 76 2725 26 35
36 8 10 14 2738 17 35
30 14 2 30 1222 23 48
33 15 3 32 1030 16 33
29 4 16 27 3836 17 11
23 5 7 3 4351 14 82
29 8 27 15 368 31 32
23 2 11 21 893 19 28
17 6 41 52 2997 22 30
22 6 14 1 968 29 49
39 15 11 32 3381 22 67
18 13 39 5 3398 16 29
11 5 13 33 3044 21 53
29 12 14 8 4068 24 35
21 15 49 38 2017 23 18
27 15 38 33 1158 9 37
39 7 15 21 1098 20 66
30 6 19 37 4655 19 56
24 17 21 1 693 25 53
36 8 3 48 4185 21 6
28 19 34 1 4514 23 65
22 1 12 40 358 18 33
38 13 29 12 3859 13 47
34 14 20 2 2158 20 44
33 14 1 38 2478 22 34
47 5 1 51 2484 13 10
24 17 7 13 455 22 8
11 18 20 28 973 15 31
19 6 1 16 1356 18 55
42 8 41 26 601 23 62
17 8 15 19 1405 13 26
33 4 27 2 491 15 34
19 2 24 36 2481 18 47
27 18 1 24 902 11 28
16 14 37 1 1524 27 28
37 10 36 4 2805 14 20
28 7 29 5 1361 14 53
21 17 1 11 2273 14 63
31 4 1 40 4546 23 35
35 14 1 42 4356 15 45
45 4 22 5 1517 19 50
31 18 46 27 2511 18 41
43 15 24 21 4484 19 59
38 1 1 26 2435 21 17
17 15 2 28 4905 10 18
31 9 1 23 1978 19 21
26 10 2 2 4792 17 23
54 8 19 73 2217 19 22
41 7 38 55 2206 11 21
19 10 25 1 1768 34 19
52 5 31 13 736 14 30
10 4 21 25 3851 22 20
24 10 6 16 1480 5 21
36 12 7 7 4200 22 17
34 11 1 1 1385 24 12
40 10 3 59 1665 18 15
28 7 15 20 2325 30 23
17 13 10 41 2010 20 22
22 14 1 27 3415 5 23
21 14 47 1 4742 14 12
11 11 19 30 3371 19 16
25 3 15 29 3250 22 27
30 12 16 1 1932 23 28
31 8 27 33 4297 23 17
19 19 21 21 2503 23 23
30 10 4 13 1497 21 26
30 2 24 1 1149 27 24
13 5 6 23 2702 23 23
20 9 27 58 428 17 9
30 13 22 43 903 28 18
48 1 44 49 697 21 19
42 5 29 40 2350 16 19
43 14 1 53 859 12 19
26 6 11 43 1138 18 10
31 7 37 22 488 15 13
18 4 5 42 3801 32 17
27 10 52 52 519 22 23
22 15 19 63 2111 22 24
27 2 6 1 1918 15 30
36 5 16 22 4582 17 19
54 7 33 74 3131 22 10
