200
1 4 3 3
17 0 21 2
21 3 78 3
33 4 194 4
11 5 51 3
30 7 217 4
28 8 164 3
10 11 41 2
26 13 107 3
21 14 101 2
11 15 194 6
15 17 133 3
14 18 158 5
30 20 92 3
24 22 62 4
21 23 103 2
21 24 165 4
29 26 205 3
9 28 191 4
20 29 140 3
33 30 188 4
18 31 104 2
28 32 185 5
29 35 106 4
19 36 135 3
21 37 85 3
24 39 220 5
16 42 126 5
27 43 90 1
17 45 62 1
14 46 217 5
31 47 149 4
14 48 166 5
20 52 151 4
28 54 166 4
7 55 176 3
18 58 202 3
1 61 223 4
20 64 105 1
21 69 143 4
19 70 225 4
37 71 273 4
23 72 200 4
26 74 137 2
23 76 233 3
9 77 184 2
24 80 129 4
17 81 103 2
16 84 187 2
11 85 220 3
36 87 160 4
27 88 120 1
14 90 132 2
12 93 180 4
27 95 126 2
15 102 287 5
25 103 152 1
8 104 202 2
32 105 279 3
15 113 206 2
24 115 181 4
26 117 215 3
20 118 221 2
25 119 152 4
26 121 238 4
25 122 186 2
16 123 278 5
27 125 285 5
1 129 165 3
38 130 246 4
23 136 180 4
11 137 284 5
28 138 274 3
25 139 269 4
8 140 273 5
2 142 274 3
22 143 262 3
14 145 214 1
20 146 234 4
26 149 274 3
41 150 300 5
21 152 297 5
18 153 336 5
7 156 230 4
20 159 235 2
31 162 248 4
21 163 335 3
19 165 271 2
19 166 197 3
17 167 206 1
25 171 253 3
6 172 358 4
23 175 232 2
17 176 326 4
13 178 350 5
24 179 319 4
13 181 357 4
21 182 375 6
24 183 378 6
15 187 359 6
24 189 255 4
24 192 271 2
7 193 300 3
29 194 373 5
37 198 330 4
23 200 232 3
13 204 271 3
14 205 375 5
18 207 323 3
15 208 277 3
28 209 250 3
23 210 386 4
10 211 322 3
9 212 285 3
13 215 369 3
20 217 329 4
19 218 263 3
9 219 249 2
24 221 413 3
26 224 305 4
19 225 271 1
21 226 416 4
26 227 295 1
22 232 385 3
25 233 312 4
22 234 271 2
15 236 408 5
26 241 316 2
24 242 307 2
29 243 367 5
15 244 432 5
1 245 360 3
13 246 289 3
24 247 298 2
29 249 332 2
12 251 304 4
7 252 307 4
14 255 276 3
20 256 339 3
12 257 351 3
21 258 390 3
21 260 333 2
15 261 298 2
18 263 372 3
24 265 359 3
17 266 457 5
34 267 347 3
20 270 332 2
23 274 427 3
21 277 404 3
27 279 469 5
21 280 349 3
28 283 433 4
18 285 461 6
26 286 423 5
18 291 354 3
30 292 347 2
14 295 488 4
14 296 395 4
9 297 382 2
21 299 320 1
25 300 337 1
17 302 428 5
31 304 354 2
31 305 490 5
31 308 475 4
19 309 410 2
15 311 390 3
17 312 364 4
31 314 413 5
14 318 510 4
19 319 377 2
14 320 457 5
7 322 425 5
22 323 521 6
4 327 507 5
23 331 454 2
20 333 455 3
24 334 526 5
21 336 502 6
15 337 409 3
11 339 398 3
27 341 422 1
16 343 422 4
20 344 378 3
27 345 424 4
30 346 381 3
7 349 404 2
8 350 513 5
27 352 398 1
14 353 410 3
16 354 383 3
18 357 518 4
17 358 550 4
11 359 416 2
27 361 421 2
22 364 415 2
13 365 498 5
31 366 516 5
2 367 465 3
33 372 524 5
