200
1 4 3 1
539 12974 15584 24
720 6744 9235 4
651 5226 6936 8
324 1872 2314 22
443 11863 15266 17
859 2643 6745 5
884 4094 7306 21
795 10394 12249 1
977 6261 8716 7
905 2500 8154 17
309 9892 11084 24
969 6048 11945 14
595 8086 8787 14
783 8011 10835 19
764 7285 13005 17
896 936 3669 17
500 9611 11229 6
636 7075 8998 12
753 4987 8722 14
202 1187 1443 3
421 5574 6857 9
974 12129 18823 14
655 2251 5824 23
296 7840 8212 7
727 12016 12743 15
219 3239 4583 9
850 12372 13861 18
532 10858 14812 18
732 10912 12042 24
878 6516 9271 6
575 6846 8736 8
344 11975 12857 18
289 11861 12834 13
519 10741 11986 12
279 10653 11544 15
881 10361 11553 19
255 2546 3152 22
271 5348 6311 9
969 1963 5284 10
809 3944 8934 20
724 12810 13883 24
511 1709 3330 2
526 10131 13732 1
826 2224 3974 1
246 2804 3667 15
650 6841 11889 6
218 8940 9672 5
835 8672 10883 17
787 13038 14370 6
853 5337 6915 22
710 1261 3468 3
319 5189 6174 18
570 578 2807 23
511 6811 10796 15
687 3530 7605 17
897 3045 5086 6
354 3107 3538 2
917 11765 15240 21
382 7021 8521 18
688 12447 14847 18
123 3406 3637 7
761 5107 7858 20
865 1154 3730 19
802 8229 11104 14
783 8483 9710 23
953 2667 4131 17
338 3844 4356 24
794 7056 8732 14
379 5291 7462 9
742 11753 13124 16
837 6965 8515 12
191 10242 10465 15
981 5462 8780 10
673 12317 15790 18
729 2227 4827 18
328 5400 7897 16
684 11581 12681 18
998 1227 5111 14
986 5375 6486 3
339 2470 4241 11
366 564 1144 21
177 8914 9502 11
115 2680 3147 1
989 9388 11995 10
112 58 311 9
800 9125 13065 15
474 3611 5355 6
626 9559 10638 24
224 1844 2340 19
702 8949 13917 11
950 3132 10281 23
955 11686 14434 2
793 1981 3419 22
677 11607 12537 24
131 4200 4335 16
798 11966 14016 16
737 1450 2302 7
224 3349 4179 19
277 4872 5364 13
648 7517 8234 21
563 9190 10622 2
645 9404 10272 23
935 7036 9869 21
682 5702 7902 21
318 7131 8209 11
588 4627 5321 20
555 3459 7592 8
571 13019 14361 5
120 6608 7068 6
145 3501 3687 20
198 7342 7643 21
638 9950 13965 23
648 3188 5452 12
280 4972 5913 1
884 8514 10493 19
220 9272 9878 10
973 1821 3647 21
994 4453 5923 1
889 691 2454 8
460 3336 5014 11
894 8481 12735 3
284 2685 3592 8
856 7897 9151 1
563 9126 12407 5
339 6205 6962 23
394 3418 6549 24
194 12626 13140 1
148 4091 4528 7
199 4402 5135 10
988 8291 13212 4
174 373 797 15
370 11398 11920 4
751 11665 14382 14
159 11345 12329 13
727 2666 4983 3
614 6043 10357 13
399 5696 7239 2
914 11448 13670 5
541 3841 5919 6
463 8651 12127 2
562 9584 11513 1
197 2075 2304 3
784 1989 3734 18
670 7901 8832 9
347 10179 10982 2
602 5105 6710 19
328 6759 7115 22
658 10031 10896 1
976 12690 16354 16
882 736 3083 20
415 8124 9989 12
762 8705 10736 12
513 8635 12471 7
799 184 5844 8
862 4891 8553 19
598 3142 5651 20
633 12292 13000 9
729 3039 3970 19
738 12143 16870 12
366 4820 5279 4
704 9871 12651 3
250 12162 12703 2
767 3041 4279 13
610 13128 16552 2
338 4064 4419 13
364 11318 12468 19
650 2848 5949 5
409 8404 10538 13
269 11936 12718 19
781 12844 15720 11
236 6968 7525 7
890 10785 12692 15
850 3587 6813 19
456 6858 7408 16
900 8695 12262 22
510 6354 6989 18
802 8915 13102 17
690 2722 7712 2
514 9413 10981 15
648 12914 14753 4
679 1035 2727 16
261 311 699 17
923 10473 13131 12
267 8794 9771 23
827 8047 10198 22
515 1151 1902 11
603 1870 2516 24
425 6477 7208 18
682 2628 3896 18
834 11203 13841 11
764 4227 5323 14
712 3459 6555 24
912 12194 17520 18
693 4777 6286 6
639 4855 6186 23
120 12373 12520 22
454 1519 2633 21
294 5165 6947 6
663 9613 13070 5
602 10493 11214 13