150
1 5 3 2
60 44 106 16
38 97 140 88
41 254 296 25
49 87 142 66
58 18 76 35
49 349 399 29
37 213 250 26
50 39 92 58
45 93 138 3
31 342 374 5
44 53 98 7
42 286 329 25
67 225 293 32
44 289 335 19
62 360 424 15
39 256 297 12
37 160 198 42
45 349 394 50
51 274 331 62
56 148 204 48
57 247 309 82
54 309 366 76
48 260 310 16
50 123 174 48
48 166 217 80
68 237 311 84
51 222 276 56
26 194 222 31
34 60 95 27
57 253 312 7
53 365 418 9
35 316 356 63
42 0 43 31
43 186 230 19
54 233 290 52
69 132 203 14
41 89 130 40
59 327 386 22
68 237 306 36
50 315 365 25
53 368 425 52
40 183 227 62
73 204 277 28
54 266 321 31
59 217 287 97
60 275 336 26
55 205 261 48
36 338 374 35
35 160 196 36
42 143 185 14
42 251 294 40
49 359 412 81
74 202 280 93
42 334 379 67
48 132 182 43
44 147 194 71
46 142 189 45
46 134 183 65
49 283 332 8
50 199 251 38
55 66 124 63
53 146 200 31
61 134 198 97
67 268 339 100
51 339 392 36
62 70 134 46
64 9 75 36
67 52 123 76
42 86 130 36
77 39 117 28
59 45 107 100
44 201 245 10
46 52 105 78
47 88 135 17
56 297 354 34
50 234 286 11
50 63 114 4
54 174 234 75
53 275 329 29
38 189 229 23
61 0 65 57
75 254 331 1
50 287 338 7
55 313 369 46
37 82 119 11
48 362 412 14
57 64 122 2
49 349 402 84
28 233 262 38
47 335 384 13
59 245 313 62
53 71 124 3
35 43 79 16
32 137 169 46
16 188 208 85
41 277 321 65
61 328 390 34
62 72 138 85
45 166 216 80
63 41 105 47
52 182 241 95
40 103 143 43
38 22 63 59
49 212 263 13
42 184 230 96
33 203 239 70
57 67 129 85
71 304 377 46
49 79 130 23
39 140 179 6
52 180 236 87
54 105 159 46
58 301 363 93
67 221 288 37
52 110 163 47
48 79 130 73
59 48 107 47
49 256 310 97
63 295 360 25
43 33 77 37
38 20 58 5
44 123 167 42
49 14 64 11
60 220 282 3
49 167 217 43
60 40 102 10
33 354 387 50
48 179 229 41
61 0 68 95
34 0 36 42
40 24 64 26
58 292 352 9
35 222 259 16
57 176 235 2
22 55 79 34
60 80 140 19
38 122 162 29
42 85 127 3
50 330 382 42
58 308 366 1
40 174 215 48
55 33 89 37
49 15 67 59
42 356 398 4
35 308 349 60
46 176 223 48
30 274 308 100
52 53 106 5
41 227 268 8
51 125 178 49