300
1 5 1 4
23 3 82 4
25 4 100 3
10 5 110 4
19 6 112 4
19 7 43 1
4 10 143 4
21 11 103 5
32 13 126 4
18 14 156 5
37 15 126 3
8 19 192 3
19 20 199 3
16 24 191 3
9 26 212 6
21 27 110 4
4 30 84 3
29 32 197 5
18 34 130 5
5 35 118 4
10 36 164 5
27 38 142 4
15 39 67 3
18 40 162 4
21 41 241 6
29 42 143 3
35 44 192 5
28 45 81 1
10 46 192 6
11 47 207 5
16 48 142 5
28 50 165 5
34 52 214 4
11 56 210 4
9 57 239 5
9 58 88 3
9 59 78 1
16 60 121 2
4 61 224 5
16 62 204 4
14 67 256 5
21 69 239 6
11 72 260 5
11 73 225 4
20 74 239 4
28 77 219 3
10 78 214 3
21 79 272 4
20 80 207 4
23 82 150 3
18 83 265 5
13 85 250 4
24 86 207 5
19 87 185 4
20 88 282 5
14 89 258 5
26 91 224 3
29 94 179 2
29 96 230 5
29 97 241 5
22 98 294 3
22 99 209 4
21 100 157 4
19 101 209 4
32 102 199 2
11 104 167 2
18 106 255 6
33 107 223 2
19 108 299 6
27 109 139 1
14 112 251 3
21 114 137 1
9 115 159 3
16 116 256 4
21 118 216 2
26 121 327 5
12 122 241 3
35 124 271 2
17 125 319 5
15 127 177 2
6 128 310 6
20 132 307 4
8 133 159 2
3 134 152 3
36 136 261 4
20 137 237 3
28 141 214 3
9 142 288 3
29 145 344 5
6 146 199 1
23 147 170 2
23 152 203 3
16 153 204 3
24 155 357 5
12 157 305 4
16 159 279 2
26 160 278 2
13 161 339 5
17 162 226 2
14 163 267 5
13 164 288 4
19 166 340 5
17 167 202 1
26 169 366 6
15 171 221 1
14 174 271 5
14 175 325 4
11 176 267 5
23 181 381 4
7 182 302 4
22 183 309 5
18 184 229 2
25 185 301 2
16 187 209 2
18 189 218 1
16 196 363 5
27 197 234 2
31 200 364 5
15 202 315 2
21 203 277 3
6 209 298 5
12 210 331 4
9 213 317 5
17 215 245 3
14 216 281 2
33 218 381 5
23 219 390 5
15 221 253 1
26 222 356 3
11 223 253 2
15 230 321 2
27 231 353 4
23 232 321 2
25 234 360 4
16 235 423 4
16 238 356 4
27 240 409 5
13 242 262 3
17 243 418 4
36 245 322 4
8 247 410 6
20 248 370 3
25 249 341 2
22 250 370 3
15 251 388 3
11 252 272 1
24 253 420 4
28 254 302 3
15 255 323 3
15 256 336 2
6 258 317 2
27 259 444 6
16 260 309 1
13 262 294 2
25 265 306 2
28 268 441 6
12 269 324 3
22 270 353 2
22 271 423 3
7 272 376 3
16 275 393 4
20 276 437 5
25 277 459 6
24 280 460 5
23 281 407 3
39 282 427 3
12 284 351 4
15 285 312 4
24 287 362 4
25 288 374 2
14 293 470 4
26 294 401 4
4 295 360 4
34 296 391 3
28 306 423 5
22 307 418 3
13 308 452 4
16 309 391 2
9 310 342 2
16 312 470 3
26 313 479 5
10 314 372 3
14 316 431 3
9 318 423 4
34 319 455 4
11 321 482 4
11 327 464 4
1 328 474 4
10 329 403 4
31 335 533 6
32 341 457 4
5 344 414 4
14 346 468 3
9 348 471 3
21 353 433 3
5 360 366 2
21 362 402 1
13 368 456 4
23 370 541 3
21 371 401 2
19 372 537 5
24 373 446 2
23 375 478 4
18 377 512 5
25 382 573 4
11 383 476 5
32 385 513 3
25 386 582 3
13 387 516 3
24 388 451 2
23 390 417 3
25 392 514 4
11 398 548 6
22 400 469 4
34 402 556 3
35 404 616 6
17 407 528 5
14 408 553 3
5 410 440 1
17 411 477 2
18 412 513 4
17 414 460 1
21 415 524 3
34 416 569 4
31 417 474 3
21 421 515 4
28 422 457 2
12 424 553 5
22 425 505 4
15 426 543 3
26 429 535 4
12 430 458 4
26 432 599 4
12 437 561 4
23 442 507 2
14 444 618 5
1 447 620 4
19 448 533 4
12 452 489 2
16 453 546 3
17 454 512 2
32 456 657 5
23 457 552 5
13 458 525 3
24 459 537 2
21 462 637 5
4 464 498 3
18 465 629 4
12 466 608 4
14 467 606 4
10 469 488 3
25 470 513 2
25 473 631 5
12 474 631 5
13 476 546 4
20 478 562 2
20 479 546 3
25 482 550 3
23 483 525 3
25 484 530 3
20 485 678 5
22 486 668 5
18 495 615 3
21 500 682 6
3 503 529 2
23 505 622 4
10 507 627 5
26 508 604 2
19 509 688 3
24 511 685 5
19 512 710 4
33 514 629 4
6 515 591 3
19 516 598 3
15 517 667 4
22 518 644 4
3 520 636 3
17 521 687 4
20 522 560 2
26 523 672 3
28 526 688 4
15 528 600 2
18 529 710 5
31 530 566 2
21 532 567 2
21 539 641 2
22 542 579 2
34 550 764 5
27 551 724 3
22 552 663 2
11 557 664 2
14 560 743 5
11 561 597 2
30 562 689 4
3 565 695 5
17 567 645 3
8 569 632 2
15 571 670 4
36 575 774 5
26 577 739 5
24 579 660 2
