250
1 2 1 4
388 43596 44875 1
712 122941 127957 8
445 81685 83050 3
245 102994 103274 5
293 38957 40809 20
935 107484 110653 17
361 43101 44303 5
218 109386 109973 20
227 12701 13346 17
518 111306 112667 7
105 93773 93990 6
195 94212 94632 20
956 93073 97888 8
294 85336 85991 9
998 670 7688 2
794 86549 89485 20
355 5158 6343 17
329 43085 43555 6
677 59287 61035 4
319 94698 95190 16
924 95269 101609 15
505 18892 19411 16
429 74918 77824 17
232 53531 54013 1
621 7506 11377 19
298 37438 37961 12
604 85409 88713 15
136 36695 36954 18
711 111736 116463 8
180 50289 50575 3
819 29926 32107 6
914 75614 76870 13
180 56627 57513 12
890 68007 69926 8
248 68020 68333 17
622 105050 106522 23
790 34641 35456 7
829 18333 21362 1
906 14150 17025 9
837 6834 8804 3
464 49434 49959 9
411 28747 30331 23
565 31570 32885 9
211 75072 75371 22
315 8815 10553 18
922 62960 64479 8
175 131269 131919 24
730 63793 65134 6
925 126274 127303 24
378 104730 106159 1
611 112275 114187 10
779 97177 99771 14
244 54318 55867 19
634 111566 114065 11
464 109123 109818 6
811 2325 4959 18
781 57708 59478 10
963 14178 15230 8
828 128465 130536 14
457 97957 101369 22
909 90363 94705 6
561 10029 11335 15
528 56389 57254 9
787 50767 53411 18
725 39148 44877 22
386 117463 118909 19
646 113573 117392 20
199 39165 40097 2
281 32447 33577 10
482 64844 66248 7
494 59619 61182 6
644 33750 35219 19
135 89087 89493 4
500 79015 80029 17
891 116390 118667 12
559 65703 67788 4
945 100777 102025 6
861 36857 38676 17
776 54365 57417 4
636 113254 114676 22
246 114749 115502 24
156 65463 65644 3
881 93246 95074 12
564 8851 9590 5
618 59230 60960 16
115 55075 55313 22
335 16051 17089 21
619 6306 7493 5
484 18609 20227 18
569 108932 110937 19
831 103314 105305 13
122 17135 17407 23
555 122527 124139 11
950 95580 96794 4
393 64396 65412 9
676 84052 86029 18
470 124389 126216 4
652 35314 36428 22
174 123908 124781 6
311 76492 77008 11
308 22276 22965 22
413 87157 88784 11
638 108262 109323 8
134 78253 78389 18
964 119765 122604 16
916 100926 104257 19
603 44242 46376 4
902 104310 105886 21
113 84652 84987 21
128 3934 4392 17
501 3893 7461 18
361 9882 11961 10
315 22360 22733 17
375 102456 104637 5
342 83253 84062 14
957 46166 49812 17
217 112629 113748 7
399 101411 102459 7
134 80013 80456 13
435 49872 51098 20
547 116963 117709 24
718 80850 83259 5
941 105064 107888 10
796 55442 57388 12
691 27990 29886 6
150 35017 35525 18
863 127521 130269 8
684 71355 73922 24
961 82418 87366 7
796 15038 17828 24
738 36385 38695 14
410 129237 129886 16
860 39328 41410 21
205 115637 115904 1
637 77620 78855 10
192 56005 56454 12
409 1339 2286 22
240 36159 37756 7
273 11485 11874 12
936 64382 67846 4
499 108882 110731 10
416 55817 58396 22
686 89408 90708 5
362 58407 60391 22
612 70201 71395 10
732 127087 131741 13
203 88623 89522 21
438 64905 65496 17
123 64273 64433 19
974 30326 37924 3
234 48680 49140 12
525 66292 70344 17
360 49781 51072 20
219 72970 73938 17
645 122090 122986 18
737 120842 123702 24
107 25202 25465 21
655 34894 36268 7
221 58702 59764 21
197 119768 120540 9
369 46145 48389 2
748 82644 83730 6
396 111976 114025 18
698 37054 39021 17
309 87206 87697 11
166 18260 18537 1
359 100772 101876 23
103 57444 57701 14
626 12004 14167 7
662 101302 103058 2
514 116080 116681 24
296 126879 127917 8
981 18624 20019 7
421 3919 5359 20
610 100248 101571 7
632 45931 48751 22
234 112276 112672 21
175 50540 51155 5
953 31143 33250 5
193 41064 41288 8
727 68616 70507 22
693 18530 19997 20
407 16702 18376 12
474 8666 10460 23
486 37975 39603 22
280 23061 23742 2
166 16884 17179 16
375 105617 106139 22
923 119949 121361 8
250 46261 47608 13
864 45865 47192 9
519 128345 129829 10
320 70914 71269 9
278 18298 18686 6
226 76550 78170 19
136 86889 87790 1
803 8398 11410 6
395 82641 83465 15
967 58913 65834 15
749 89728 92247 3
858 113838 115549 12
428 95510 98921 19
744 7626 11257 12
453 59171 60117 11
659 61028 65281 11
331 66362 67042 23
274 109235 110124 7
794 9808 14306 24
567 27188 28266 23
367 24528 25633 12
942 114182 117561 4
275 88792 89681 9
774 31167 32966 16
867 47672 49425 12
641 42472 44036 12
642 86202 87913 21
427 75227 76325 1
447 43177 43670 12
821 80897 82722 13
168 31877 32348 4
804 31733 34642 3
327 85178 85566 1
859 114037 120754 1
273 54157 54813 1
796 77514 81630 19
505 88390 89192 4
968 105821 111225 17
614 28399 29357 18
120 49131 49430 11
154 37180 38119 6
179 53266 54065 14
198 44125 44914 24
589 96342 98005 22
889 114162 115642 9
690 78062 79144 22
962 95186 97051 2
898 25311 27480 15
371 50073 53018 15
803 128272 129919 8
667 53928 55634 16
220 31378 32154 15
352 2255 2874 24
686 54459 56772 9
990 99030 101035 10
124 120789 120986 11
684 82229 83595 16
959 84969 88690 3
452 68417 70079 19
267 85059 86094 8
825 106738 108882 11