450
1 1 3 3
530 23852 25867 9
263 10271 10923 8
780 11224 14180 3
292 26492 26926 10
598 29597 30586 24
329 15527 15923 9
756 29621 31680 2
150 21464 21741 18
148 15350 15698 13
288 976 1838 12
370 25661 26891 22
159 11943 12846 5
746 3605 6023 20
350 24744 25778 22
226 14639 15355 10
315 22292 22838 7
273 21897 22724 7
456 13824 17272 19
341 11914 14539 22
236 25166 26185 22
434 16117 16575 20
976 28689 35028 8
256 855 2136 13
934 18877 22051 14
900 16792 18205 14
974 11687 13449 22
426 8454 9001 8
899 3012 5143 21
913 21066 27174 10
240 16552 17100 10
905 10140 13028 11
764 20419 21713 14
458 5378 6702 11
411 12166 14702 1
308 22228 22934 3
610 27668 30104 8
265 20652 21662 10
694 11529 12603 16
756 12344 13726 21
379 12520 15144 3
678 3133 7126 8
832 6080 8352 9
177 3143 4175 16
651 15011 19926 6
867 27946 29781 7
354 547 1320 20
529 27143 28837 13
877 19139 22224 16
930 15781 22084 17
734 631 3177 22
269 10285 10585 3
384 17216 18541 8
723 12239 14026 22
491 2041 5607 13
338 18594 20632 15
336 19103 19563 23
252 25102 25773 13
538 10779 11821 14
365 16552 17337 4
963 6804 9620 5
852 17676 20459 22
297 1258 2095 22
716 23052 24510 1
486 25256 26633 13
393 7576 9463 23
877 29001 36010 1
508 729 4092 23
663 3237 5193 1
356 8073 8660 4
565 20722 21496 18
559 24867 26967 21
495 28768 30421 5
933 2647 4969 10
107 17564 18062 1
376 29883 30730 22
846 25066 27863 13
678 12134 14024 6
175 21705 22113 19
403 29177 29914 21
251 17548 18262 21
417 24986 26499 11
233 1076 1312 1
895 23391 26271 2
760 12121 13032 19
985 6371 7984 13
619 26942 27725 10
822 12915 16018 18
668 3983 6492 8
762 2787 4728 16
632 13177 14439 23
490 8043 8861 8
458 3396 4560 21
550 28367 30569 24
287 14788 15900 11
516 14847 18014 9
525 25359 26682 23
141 21141 21442 11
701 24344 25197 24
677 16410 19924 6
538 101 1474 12
739 14531 15376 8
968 28518 31138 11
846 3594 6699 23
130 12031 12249 15
755 16348 18732 1
607 16765 17857 3
536 11565 13739 14
453 784 3444 7
902 21144 24622 19
566 23711 24470 13
505 26737 28322 8
800 9602 11208 18
678 7458 9840 16
752 28740 33440 15
474 15353 16189 17
118 15615 15782 8
959 30499 32101 8
329 24005 24908 3
424 13978 15441 4
734 22980 28845 6
305 5269 6935 11
459 9517 11547 8
577 798 3274 8
266 3460 3918 4
266 25567 26304 11
978 1555 4243 12
905 23352 27339 24
849 3228 8213 8
718 14726 18467 1
719 784 2906 11
441 23205 26327 9
329 19889 21483 22
887 20481 23489 15
780 8347 9738 4
777 10637 13709 2
685 22986 24200 8
589 4594 6500 3
885 28531 31833 5
222 956 1663 7
303 14155 14803 10
765 14866 15717 10
563 6184 6925 23
153 25202 25956 2
879 14429 17480 16
695 965 3095 12
142 2003 2195 13
309 25629 26052 15
843 13182 16778 10
713 4261 7037 13
349 9705 11813 6
490 9631 11440 23
318 6894 7494 19
774 16492 17433 21
783 5073 10930 12
365 8561 9753 23
967 4827 6648 2
555 1414 3316 4
422 7515 9070 11
271 29138 30654 17
993 13738 15120 3
923 2195 8564 10
904 9023 10730 15
254 15331 16618 11
769 3966 5591 12
378 15122 15528 16
248 8339 8588 24
934 25233 28192 3
224 26800 27307 6
156 25944 26492 17
321 26111 27546 4
476 13879 14756 6
206 4149 4564 2
427 9666 10536 23
151 14937 15280 13
836 18292 19477 16
339 4881 5709 13
753 30114 35887 3
649 634 3208 2
942 23130 27830 1
632 3036 5548 16
253 6498 6859 10
612 6954 10879 12
316 7065 8000 19
379 24656 25214 20
857 13665 15374 18
230 15657 17451 24
935 18842 20652 7
413 24006 26757 14
889 7787 10363 14
837 29579 31305 19
863 23211 25705 11
107 22461 22593 16
555 5585 7869 5
822 26931 30003 5
196 22776 23425 16
114 2074 2433 22
972 14187 20561 2
472 27147 28625 1
509 5531 7439 6
554 15423 17017 23
435 26600 28602 22
374 9323 10318 16
232 22217 23074 24
884 1766 3673 13
514 3142 4211 4
966 10386 13309 11
271 18654 19583 18
190 9722 10269 18
726 9990 12688 4
768 23713 25437 18
925 24380 27077 17
354 10885 11537 18
747 16274 18955 21
763 20762 23064 18
350 2287 3639 3
680 13982 16630 21
121 24138 24541 12
625 2903 4396 4
888 20185 23298 22
621 26697 27470 10
546 5605 6710 23
711 14191 16152 17
657 25246 26965 15
486 6456 7392 9
719 6318 8758 9
774 28020 32774 6
621 21547 22247 22
217 27445 28075 4
785 29969 35171 14
841 22063 25397 2
278 24573 25406 19
588 27557 29761 9
340 9548 10097 11
620 18728 21265 10
138 25754 26112 20
878 27615 30300 6
140 24709 24983 17
588 8697 13032 12
475 3849 5498 8
658 725 1418 15
239 13571 14119 7
380 28305 28897 12
587 2318 6644 16
762 17650 20417 10
441 3765 4553 2
780 28399 29606 13
721 1388 2133 15
277 29256 30168 10
124 8635 9544 22
582 4293 7373 4
908 16997 21610 21
525 26034 27162 18
210 20595 22225 17
483 17370 19162 17
200 19927 20288 5
835 12051 14867 9
309 19129 19940 10
384 27013 28320 7
607 17711 19497 5
687 2114 7401 7
112 30489 30813 18
498 20369 23177 1
259 30100 30950 14
920 15870 19287 11
323 30050 30927 14
268 13240 14025 22
908 24401 25344 19
401 13665 14293 2
104 19113 19438 17
215 4249 4752 24
148 2611 3725 3
179 5173 6585 17
619 29365 30114 18
934 23061 30016 11
223 19164 19866 11
914 11578 16717 11
396 28873 30736 17
968 22149 23345 8
972 7089 10774 11
262 17657 18130 16
244 11006 11422 3
402 10688 12177 17
604 28354 29788 16
874 6545 7710 15
697 6948 8033 3
492 1367 2009 9
849 10541 12634 19
954 152 1837 18
231 1193 1559 21
469 27985 28567 16
864 4639 6852 18
194 5005 6082 6
692 18850 19786 22
154 1588 1764 8
715 4133 7813 15
882 9064 15326 20
543 4457 6342 7
267 14054 16134 12
552 28262 29750 14
179 21984 22427 22
138 29107 29563 15
413 28703 30226 24
461 23904 25211 22
914 24141 25595 12
252 17794 18278 14
636 1317 5419 10
439 23547 24202 22
164 1346 1907 13
794 10448 11634 20
153 3027 3581 9
351 10664 11017 3
437 23974 24967 13
800 14838 17703 1
117 26734 27550 16
727 14346 15934 17
217 2501 2870 23
174 20912 21529 5
534 16204 17900 21
805 26105 29336 7
449 1904 2661 5
135 24589 24920 10
493 21193 22204 22
815 4710 5888 13
961 23552 25679 15
547 244 1950 22
118 23348 23718 21
793 1550 3229 19
147 29921 30508 16
274 6548 7282 8
758 13234 14657 8
944 17348 20103 18
797 15082 16978 6
313 4479 5100 17
572 18476 19843 15
863 8904 10561 5
175 7899 8379 7
115 9821 10631 10
837 26999 31502 13
266 15579 16514 24
228 2800 3327 15
486 7932 8685 8
806 20255 21740 22
292 14843 16815 20
880 22082 24179 12
210 18738 19233 10
314 15579 16219 3
373 30341 31814 12
515 3712 4791 4
550 11307 13122 5
849 27778 30939 6
888 24837 28006 6
903 21956 26092 12
711 14695 16218 16
969 10355 14056 21
161 19450 19924 6
859 254 2612 8
971 6488 8951 2
824 13602 18528 24
164 6999 7289 12
975 20250 21251 21
989 24568 28226 10
637 21408 23360 12
216 17239 17878 12
360 19574 20828 2
170 225 494 22
983 1570 4085 23
607 5257 7953 7
771 1255 2894 15
984 12506 17159 10
936 6067 7187 9
770 4980 6590 1
469 11526 12665 11
406 19133 20330 23
744 9300 11492 3
249 29081 29444 2
622 21354 23458 24
253 7540 8475 24
698 17308 20676 2
104 6582 7170 1
954 24463 25429 5
628 793 2607 20
396 18894 19307 6
170 7861 8989 12
730 14571 15309 13
606 9101 11056 2
499 18875 19873 22
513 27333 27877 22
297 19496 20254 11
472 15490 17020 9
333 22499 23403 14
643 15544 16437 20
523 13488 15134 3
587 11190 12653 19
106 4618 5031 20
225 2135 3458 21
674 27206 28907 15
484 7059 7545 21
512 11786 13630 17
642 8226 10362 24
800 6623 7862 23
833 29767 31847 9
647 6067 8052 2
743 18400 19362 21
518 19047 20603 3
185 5326 5628 8
766 8928 10627 21
103 3509 3745 20
588 19478 20102 21
263 21187 21935 13
194 4637 5355 1
621 4224 6290 1
840 1828 4380 24
301 3433 4576 1
378 24512 25189 3
108 20802 21325 8
297 20859 21174 16
681 17899 18697 1
437 3857 5401 12
420 17216 18689 10
231 12405 13280 3
887 21774 28477 21
437 23615 24627 17
338 738 1414 5
746 23451 28519 4
873 3287 5760 8
560 5820 7227 9
255 11763 13258 23
149 1714 1977 6
602 1152 1837 1
450 11159 12168 2
323 8191 9380 1
440 11188 11950 22
364 16711 19230 7
895 8634 15466 14
403 24418 25963 3
512 29016 29757 24
967 23319 29450 16
806 19090 20893 17
971 8054 12210 4
604 3756 6896 5
276 21959 22250 7
959 23322 27884 19
645 3089 4292 23
254 10552 11279 10
765 8159 9798 20
327 4957 6509 8
931 16624 18634 5
735 16114 20122 18
903 21613 24143 21
900 8872 10823 5