300
1 4 3 2
946 17123 20777 10
171 30394 30952 24
235 48718 50494 19
673 16915 21638 17
807 119896 121358 2
218 117633 118362 19
868 115455 118229 9
513 16173 17879 14
215 13017 13682 12
184 52593 53292 15
514 24842 27454 9
168 128464 129049 8
871 80178 81221 5
639 51396 54913 24
764 38681 40796 13
506 21562 23249 1
545 134239 134936 10
625 40588 41742 21
292 143025 144671 5
141 40749 41651 18
810 87039 89731 23
392 138413 138848 14
489 47354 50836 21
185 121080 121733 7
917 22275 29034 1
125 77566 78440 1
691 90911 92213 11
728 81649 85372 14
929 75915 81957 17
768 54438 56001 12
753 140368 142623 24
470 48160 48734 1
439 147468 148442 22
336 110667 111706 8
738 129323 134843 15
312 147421 147848 21
587 27075 29097 15
328 133655 134515 20
109 17082 17350 11
811 57415 59104 9
830 123839 129181 13
265 156560 158025 19
964 116297 117854 10
455 130161 131594 13
742 82665 86616 2
506 143654 144263 5
586 53058 54452 8
876 24762 27441 13
267 60218 60525 22
338 43973 45764 18
531 64079 67422 11
950 62660 64235 8
755 52197 53216 1
747 154650 159835 17
276 112261 112608 24
268 109983 110711 21
382 37315 38097 24
924 3868 5428 4
105 151569 151911 8
911 86044 87161 22
557 143894 147348 16
166 139105 139466 24
603 20655 24064 10
174 30582 31045 16
915 61783 63357 22
107 48929 49704 17
132 128250 128431 8
151 3357 3934 18
988 63415 70365 11
185 151255 151574 11
345 132470 134391 20
923 871 6492 19
198 112791 113331 3
949 44988 52126 4
501 74708 77572 8
403 141789 142958 24
301 38073 38989 24
346 25589 26249 15
401 47958 49278 12
262 70517 71711 21
994 34878 37894 10
157 141746 142096 24
626 33858 37512 1
279 152205 154166 11
589 112512 115359 12
941 103855 104915 20
369 99820 101145 13
596 72402 74632 19
448 87565 88318 18
108 55424 55667 9
440 13917 16912 8
322 86137 86566 23
255 100457 101358 19
438 112235 113377 8
571 81509 84571 9
807 98476 104896 23
756 112489 116433 5
879 19462 22097 16
179 86704 87268 18
114 85354 85942 2
466 114805 116555 18
886 26834 28836 4
369 44659 45796 6
391 98128 101172 2
382 10981 13131 23
766 102695 103464 9
214 91671 92173 3
541 51262 52928 20
911 48831 50079 17
690 107607 111334 7
366 84448 87326 22
605 156661 158380 5
495 112667 114533 10
954 128567 131461 22
261 44172 44508 9
991 44956 47823 18
272 7307 8065 8
941 38318 42345 8
633 10108 14837 23
224 110523 111217 16
535 89725 91303 6
814 18990 20880 17
390 142069 143684 15
249 155700 156400 7
989 12136 19372 7
138 120595 121297 9
390 137900 139563 15
614 152151 154079 8
650 107014 109804 8
348 14869 16015 15
529 8140 11432 12
155 83916 84081 10
726 3361 5352 5
656 152593 156396 15
172 44568 45425 3
999 121232 127807 23
507 132145 133729 17
753 946 3210 22
337 104505 105460 6
245 114281 114692 9
276 129521 130106 2
260 60451 61314 21
346 48048 49295 10
439 43311 44768 15
368 4817 5677 2
186 128651 129369 2
312 139545 139905 23
259 51586 52632 3
112 144737 144985 1
281 60943 61737 4
716 42392 45155 23
581 20043 22836 14
478 103109 104812 17
663 92594 93438 8
768 155443 160138 1
943 115447 118638 11
214 106197 106596 13
811 6480 9012 21
935 131020 132944 8
386 73174 75388 1
911 116137 119726 10
473 124389 125034 17
808 157233 158834 2
178 102577 102837 22
487 126754 128892 19
983 122372 126004 21
341 53590 55620 22
269 21684 23717 7
744 123319 125518 23
424 81587 82263 5
768 27828 30348 21
270 10496 10935 1
896 36788 37838 11
725 138244 140583 7
728 61074 62644 2
634 137474 141806 11
567 10859 12647 6
847 53252 54375 23
922 139443 145425 8
649 139963 140712 16
232 75321 75983 4
495 14316 17881 20
216 8733 9499 13
287 146708 147569 8
904 92919 94924 5
890 70430 74882 4
387 132946 134488 12
212 67320 67636 10
727 125585 126721 24
849 4700 7377 3
162 93383 94274 1
957 122973 124639 8
606 43683 44823 18
515 1038 3026 11
659 91882 93881 11
136 86162 86687 24
574 143635 145205 12
260 113812 114191 20
166 16071 16489 4
881 135116 139719 5
160 37897 38123 6
759 46442 49367 3
299 43466 44614 7
303 36917 37816 23
222 82569 84290 11
381 129530 130056 17
679 95631 96961 14
589 29904 33261 11
617 82048 83569 13
826 69959 72990 10
785 102559 103526 17
669 72274 75248 7
688 45170 46949 2
351 49267 50170 21
526 84010 85490 7
841 117626 120115 13
490 49665 50191 6
939 42154 44867 11
565 6782 8780 15
539 95451 96588 14
236 20772 21606 21
638 13246 15968 13
928 23727 26479 1
287 83833 84408 9
398 58360 59859 18
491 71840 73453 1
627 121832 122962 1
102 140257 140588 10
753 112538 115207 16
146 119080 120052 22
599 75178 76903 17
829 61135 63766 13
286 58999 60919 24
185 86231 86555 15
557 12153 14219 5
640 76809 78868 14
137 114971 115501 10
958 103908 109070 24
742 85596 87472 6
636 36107 38068 24
755 49827 51396 19
695 111635 115311 19
829 144295 147422 24
273 35603 36134 16
579 95896 96764 21
105 66017 66269 16
597 40081 43904 19
238 33091 34747 15
542 107021 107648 20
910 60827 63607 15
180 139898 140508 6
446 54228 55764 9
746 125431 129836 18
482 17524 19547 22
394 143510 145988 7
942 144678 145781 20
314 16262 16885 12
333 6601 7676 24
739 11166 13805 17
750 60081 62417 4
392 20586 21777 9
756 56248 60804 18
302 56830 57203 23
213 55420 55949 3
914 36755 38716 24
461 96164 98627 5
787 76765 82777 24
447 122688 123408 5
205 25958 26418 19
920 40470 43962 13
816 114518 118143 22
498 35937 36660 14
950 27885 30070 3
182 1221 2373 21
540 66518 68465 11
353 84718 87283 14
122 4196 4879 22
379 54816 55391 11
708 46605 48383 4
823 90630 91998 10
964 117144 118654 7
158 155647 156075 24
549 81181 82196 5
195 45953 46898 9
606 95929 98719 11
760 84617 89489 20
395 95789 97426 1
831 31322 35837 11
440 97051 97879 5
213 106992 107687 16
904 60081 67171 10
796 103198 105071 17
428 124829 125574 23
987 32733 40060 11
209 7665 8520 24
461 29406 29883 1
222 69668 70383 1
876 57336 58757 7
296 104114 106386 4
274 106925 109087 18