500
1 3 2 2
617 213590 214495 15
616 266906 270336 14
926 162651 164237 18
288 185180 186411 4
976 186050 187724 10
471 169009 170447 21
164 138022 138417 9
515 55099 55776 18
186 194613 196038 8
999 143872 147346 17
936 250774 251972 14
351 93000 93771 16
581 251992 252692 15
819 63311 64447 19
556 250697 251434 23
235 70410 71197 23
798 219031 220514 2
961 42403 43455 9
594 42012 42761 9
845 102728 105095 18
705 250952 254804 21
981 129284 132459 20
609 119157 121050 18
350 236901 239019 24
370 107491 110445 16
909 182312 183742 19
731 38402 39621 16
245 178993 179265 7
299 123223 123542 4
167 189891 190305 4
465 252668 254340 14
520 69739 70342 15
758 61232 64816 11
833 210903 212565 12
506 194477 194997 15
875 142834 144372 23
571 149184 150279 19
240 270276 270741 19
131 31642 31892 20
389 9636 10998 12
978 196721 199410 13
734 96783 98323 15
554 130735 132421 13
906 89513 90899 20
198 43764 44285 18
680 151196 153647 11
696 219626 221402 21
684 175091 177308 4
755 246290 248558 16
962 23050 24285 19
750 159318 163967 5
688 83542 85520 19
161 36276 36633 3
268 159578 159883 12
592 72986 74158 1
585 165513 166290 5
175 230725 231249 16
407 259721 260817 2
385 68593 69148 10
965 114043 116647 23
535 98128 99618 3
547 154534 158543 17
427 222179 224749 20
209 25078 26009 8
410 188368 189716 5
544 69986 71433 13
129 102314 102637 6
963 4521 7458 20
603 44573 46217 7
242 227142 227489 24
575 121946 123212 4
949 167439 170214 2
392 235808 237189 8
172 151896 152220 5
742 188014 190058 5
347 1423 1916 4
938 55798 61581 2
477 35777 36535 9
648 268447 270968 1
471 251206 254129 3
689 258912 260967 20
695 4238 8544 9
939 192243 196304 22
312 114420 115920 13
359 144339 145037 15
829 68220 71321 4
562 24688 28089 11
525 252393 253054 13
345 227844 229668 24
291 272585 273109 8
554 231643 233749 24
284 212780 213856 2
185 216047 217412 4
324 85614 86726 1
226 176821 177201 11
562 155252 156523 8
129 220306 220443 12
676 231415 232109 3
687 236085 237902 23
617 272997 274989 9
252 247761 248070 3
990 99136 100708 23
426 250190 251754 1
483 211236 213066 8
499 55176 56762 12
588 251764 252834 18
689 177068 178905 21
699 173649 174522 4
944 265076 266981 8
366 137540 140082 14
812 26967 30061 13
621 86598 88753 7
158 264360 264895 4
588 216822 217512 12
497 165135 167043 4
141 33747 34014 7
540 34127 36145 8
650 150162 152283 22
366 28907 29496 7
115 30360 30596 16
177 240519 240899 5
970 147313 152765 15
618 140626 142621 12
869 144574 145975 20
571 102488 104533 12
321 181452 183847 21
543 215895 217566 24
923 230717 232297 1
166 78176 78549 15
523 272614 274359 11
528 228862 229796 18
641 200705 202942 2
203 113779 115000 23
568 70710 71913 18
832 64078 70185 19
473 209276 210811 6
368 157638 158475 7
424 93710 94946 2
837 220448 223039 21
751 8188 13370 14
350 31514 33296 19
113 158490 158797 11
934 74039 75386 9
619 224077 226138 12
177 96861 97057 6
773 262784 263851 21
986 114578 122092 11
656 93651 95710 14
624 173339 174000 10
930 98516 105876 23
491 215479 217917 19
904 148477 152490 4
343 67916 69604 17
893 98338 104619 6
598 21459 22161 24
621 191994 193225 11
797 255107 256918 23
646 217084 221123 21
916 275023 280833 9
481 240136 240750 22
386 126095 126695 14
147 183137 183568 23
580 254517 255813 5
824 141856 146699 14
175 84274 84550 6
512 112827 114542 11
946 83794 86399 11
648 205659 209440 4
549 154037 157608 14
296 142347 142849 16
537 206525 207643 22
402 137499 138751 15
669 140417 141395 7
726 94760 95840 21
641 140794 141596 3
184 248566 249032 19
266 95808 96444 24
940 163748 169212 20
331 195591 196125 24
579 224339 228723 23
565 213254 214586 17
132 121996 122196 17
715 143231 146078 1
813 256997 261012 18
897 258888 260405 24
947 165166 166904 24
291 55742 56832 3
351 224053 225227 6
884 95709 101582 7
471 156343 159906 14
941 234251 236374 4
767 71915 75106 14
325 183674 184131 17
665 180729 183429 14
578 251549 252752 6
114 47755 48179 24
539 100421 102154 4
905 156543 158881 23
556 32074 34420 13
752 126510 128587 3
455 119703 121384 4
725 28727 29698 9
391 139215 139671 17
674 202929 203842 11
801 125347 127023 4
184 139774 140127 1
905 63094 66311 14
416 213932 215237 23
639 161434 165769 20
274 74684 75595 15
890 138271 141931 14
558 229089 229876 23
301 176967 179317 23
829 52916 56228 9
902 66442 68599 19
271 196453 198610 6
553 172911 174240 15
714 139397 140603 1
195 152967 154376 4
808 167951 173899 23
391 100318 102268 24
239 97570 99160 7
262 226837 227137 1
402 88848 89735 7
925 204539 207678 19
596 128698 130074 17
225 66564 67413 7
423 84124 85231 10
170 74158 74378 15
488 124789 125347 13
828 232929 235257 15
359 182892 184923 9
161 261571 262035 4
632 257429 258161 20
501 81757 82320 21
615 220711 222344 23
498 212736 213690 17
433 112291 115659 19
738 103161 105053 21
664 105514 106815 5
781 215202 217294 19
626 184362 187931 21
839 97203 103321 15
112 143405 143738 12
679 44278 47536 6
556 266621 269144 23
957 23877 26108 8
810 73519 74941 13
853 30969 32703 14
795 149829 152178 21
829 91492 93116 23
248 30743 32472 20
402 256853 258209 7
955 256823 258540 11
581 185018 189013 9
648 160381 162941 14
679 2003 4873 14
383 182587 183160 16
566 124290 128466 21
783 62446 64527 24
311 181479 182440 16
479 212829 214565 19
853 182681 186168 19
357 86594 86976 14
229 122611 123220 19
379 186944 187347 18
994 162806 166558 1
136 210353 211000 14
427 261985 262519 18
233 2666 3946 16
613 158242 159415 8
148 29520 29932 4
993 86765 87764 9
407 47537 48047 1
112 190978 191276 2
835 39458 40769 11
652 244386 246718 21
849 108360 110163 18
167 198646 199487 8
433 55715 58389 11
723 223581 224346 15
982 84753 87458 21
224 20737 21776 14
913 5599 7803 14
991 114273 120392 2
423 217552 218831 13
564 71186 71828 16
768 271549 274453 17
631 114555 117346 21
557 25900 28886 17
486 194320 195650 16
333 88371 88754 21
287 267893 269884 10
807 162341 164777 14
813 15684 17551 21
673 59799 62454 23
412 52164 53098 11
833 210951 217256 20
208 220792 221082 1
657 154543 156053 23
942 240038 242618 12
448 18550 20052 22
591 30655 32202 22
470 172400 174807 10
385 100799 101821 9
955 47430 49752 6
359 24564 25369 2
357 110447 110989 12
174 6268 7354 21
698 250047 252661 5
894 191093 194018 15
846 248557 251479 13
513 217340 218803 2
530 214380 217462 2
566 158422 162117 22
205 183538 184181 14
565 58533 60629 21
424 145060 148257 5
517 167413 169070 15
673 183306 186235 3
478 17046 18021 13
483 188578 189801 19
938 96694 100365 2
815 268271 269609 3
597 250963 255029 18
217 2071 2863 22
263 124436 125248 1
385 129262 129923 13
558 234292 235468 19
588 262225 264781 23
149 94625 95001 19
350 114381 114942 16
406 269779 270472 22
206 94964 95194 13
244 261414 261758 19
473 269158 270735 9
821 136347 139603 22
238 270181 272034 3
467 220985 221645 19
950 255960 257717 2
848 245292 247445 15
653 35606 36394 2
991 1649 2732 15
660 72785 76183 1
551 232543 233508 1
797 170012 171901 15
810 60097 61849 20
796 238477 240673 16
629 86882 89382 18
313 8271 9080 6
687 147144 148545 20
525 40657 44075 12
388 72449 75435 8
164 59578 60037 19
493 152559 154636 1
505 237030 238763 15
337 201149 201894 15
146 90690 91836 13
499 2761 5820 18
122 182138 182995 19
281 145018 145387 14
738 119879 120763 2
617 136623 138839 18
910 123780 125988 11
768 95616 98499 21
704 118976 123672 22
211 224233 225123 9
635 178171 179651 8
206 243470 244971 5
119 145656 145814 4
637 256324 260475 11
395 206170 206913 11
360 242247 244372 20
574 230936 233307 16
163 67723 67901 17
505 33171 36359 10
299 261387 262448 18
534 304 2137 3
864 113164 116000 6
558 6122 6737 17
825 108959 112120 2
739 153538 156112 17
344 64616 65685 6
968 57192 58861 12
437 39632 40469 19
675 19268 20410 5
799 34451 36244 16
302 158693 159310 5
743 118628 120302 10
149 275610 275901 24
959 220369 223016 18
824 123276 126531 1
943 139705 142096 4
880 215365 220445 17
253 153099 154361 24
874 82969 89633 21
609 140324 141626 23
422 189101 190679 21
408 261439 262525 10
399 11811 12801 9
558 65652 69570 2
313 4915 5877 10
434 71379 72199 20
572 81111 85053 16
546 192614 193338 22
871 174189 176695 10
957 216666 222656 14
604 141867 142921 21
195 45804 46496 11
524 237940 239854 21
117 226508 227151 8
836 216032 221343 18
209 99121 99549 12
404 35804 37835 23
821 77017 79634 8
836 197666 199362 24
806 21117 27073 1
198 109135 109824 22
979 242291 248459 21
270 79667 80861 8
702 127273 130014 9
249 147802 148780 2
564 46697 48342 4
809 205690 208742 3
272 197463 198278 23
127 251330 251797 15
247 182868 183578 14
470 154055 155840 9
837 128425 130823 4
143 155438 156215 11
191 200797 202307 17
334 109920 110295 20
526 158550 159503 14
909 228665 229959 20
359 217259 218502 10
617 152191 153413 18
627 133622 134539 14
766 159520 161603 16
571 95716 96951 21
218 110812 111202 4
912 49730 53344 5
793 31088 34201 8
947 67106 69811 7
980 117927 119113 17
657 68505 71097 5
578 190046 191655 4
422 260318 261961 11
819 5297 11471 22
301 172752 173577 23
173 273449 273687 14
232 128253 129162 3
327 159878 161849 11
866 116329 117490 22
431 233412 234971 19
932 199426 202369 7
604 19285 20446 21
153 107240 107415 6
379 231577 233495 4
937 8899 10014 20
515 54416 55351 12
469 112210 113152 21
234 168325 168773 3
609 44758 45440 20
864 154126 155465 1
642 268726 270040 6
658 81893 82694 14
238 253230 253832 24
155 211866 212470 21
656 97738 100007 5
783 242171 248292 2
964 257494 261115 12
658 163238 165416 16
299 139711 140285 22
230 102655 104484 11
266 148148 148470 10
627 204033 205029 23
180 116410 116623 22
259 19963 20482 23
996 63729 65555 14
267 219288 219787 5
193 26921 27141 13
453 258635 259725 18
982 261360 262530 19
333 166179 166911 22
202 119899 120312 22
707 251578 252929 20
580 97296 97995 16
569 99424 100570 16
502 54634 58192 7
825 175243 178980 20
757 189731 191068 14
179 778 1290 6
398 85302 87083 10
489 210056 211163 9
559 105933 107579 10
279 205845 206398 1
931 60212 63236 3
340 202478 202867 19
452 90766 91978 17
895 236040 237498 16