100
1 3 3 1
466 23511 24042 14
116 28842 29513 24
124 889 1104 4
509 30815 34731 1
602 39355 43785 14
334 1259 3177 8
867 33620 35203 7
467 48342 48948 2
249 38234 39950 21
303 39112 39805 3
324 49902 51093 21
146 22252 22927 10
991 11587 17086 22
892 17943 18980 11
182 5673 6199 7
100 27009 27147 13
172 6694 7285 7
861 20744 22648 20
356 37149 38027 6
831 50053 50921 20
730 4655 6099 1
737 47163 49250 4
756 7252 9831 12
261 29695 30412 15
282 4769 5413 23
712 44981 46941 6
224 470 1623 9
636 2113 5152 17
464 28219 30010 2
814 14628 15601 9
456 34381 35448 1
637 8307 12800 16
627 44260 46408 12
614 1455 3091 17
988 2854 5872 11
746 35999 41106 12
349 9388 9901 24
577 42670 44019 13
418 23989 25326 13
984 33755 36695 6
409 41720 42948 17
124 399 1285 14
755 30393 34988 24
410 18171 19373 2
327 40361 40714 2
113 21466 21708 9
159 21950 23058 17
197 48629 49661 4
153 8134 8614 14
159 2438 2686 8
259 49386 49938 4
417 24751 26935 15
687 17496 22264 21
886 21658 24819 23
931 49875 55123 18
448 22151 23367 9
585 49676 51962 21
551 6564 8264 23
454 26557 27400 9
238 40508 41052 18
837 30009 32368 14
732 25161 26976 14
737 20864 23079 13
667 25772 29013 20
421 29637 30284 14
633 8568 9945 24
730 5474 7194 16
558 45402 47887 23
460 3280 4174 3
328 27816 28319 15
421 14779 15619 15
805 30410 36399 22
941 9409 10617 6
914 45361 49599 10
136 15325 15600 5
880 18819 20741 19
403 22362 24190 2
574 14208 17561 2
969 18167 20200 20
552 20217 20771 16
115 27828 28054 8
630 30600 33894 16
157 550 1013 23
148 17441 18229 9
390 30235 30646 15
771 46264 49186 17
654 49005 53243 18
998 49073 51075 12
235 16663 17064 7
860 22268 24662 16
904 39090 46302 13
287 16714 17686 8
512 41314 44287 13
758 16433 17583 18
414 49767 51080 3
310 44518 45642 19
358 1268 2146 22
224 20488 21027 11
743 22424 23482 10
609 47324 49316 24