400
1 2 2 2
956 3572 4533 1
845 8828 10464 20
495 8295 9640 7
529 8010 9188 12
539 28537 29592 16
742 26645 28012 1
116 3217 3618 4
608 10275 14248 15
780 7293 10001 24
309 28654 30015 10
548 857 2771 19
172 30761 31282 8
880 30202 35759 17
930 3272 4431 15
826 30154 30991 1
674 13541 15203 20
781 30962 32389 1
162 3111 3527 7
210 23737 24455 9
271 14283 15110 6
594 26463 28159 19
551 25546 27039 9
823 8317 9392 5
907 31438 33005 2
620 9951 10960 8
276 21394 22384 12
281 28624 29252 11
223 2173 2950 6
122 28089 28290 5
316 17433 18476 6
292 10371 11426 10
206 22220 23225 22
958 9387 12439 11
652 19411 20652 12
454 545 1375 12
655 20505 24029 12
752 21935 24741 7
985 1815 4268 8
411 851 3424 2
904 1865 4872 15
119 9744 10200 21
620 14570 15828 15
500 31689 32393 18
914 30162 36225 24
611 9688 11857 2
809 9155 11443 14
952 12896 15377 8
660 3883 9034 24
222 18097 19429 12
753 14001 15352 18
848 31481 32445 10
545 8719 11025 12
968 11499 13101 22
489 28781 30679 3
585 2833 6298 2
347 25572 26246 23
987 11156 13606 5
704 27165 29665 5
455 3413 4047 4
555 18694 20734 24
672 4805 6955 17
916 5452 9068 16
461 1896 3244 2
972 1576 6775 3
570 4538 5489 14
208 31492 32095 8
996 11012 15664 8
435 10675 12285 9
497 11923 12457 22
114 13511 13900 11
526 21825 23471 24
172 17755 18977 3
963 6857 11542 18
682 22046 23566 13
454 2603 4185 4
492 15347 18711 7
827 26960 30186 17
849 4450 10168 20
812 8754 9944 5
848 2030 4063 3
378 5305 6811 3
787 7730 8651 9
715 16909 19451 23
403 20438 21369 13
561 17346 18380 1
639 588 2257 19
311 8077 8993 14
440 20025 21733 8
582 97 3910 13
195 7628 7932 13
193 20004 20716 22
859 1803 4063 2
225 20677 22076 21
666 26872 31035 10
804 6042 11334 12
950 23032 29407 22
261 14555 16166 9
690 21420 24173 23
594 18316 20916 4
364 10261 10865 8
350 16340 16808 15
645 19074 21521 9
358 16235 17274 10
274 13869 14378 21
907 7446 8867 9
950 1571 3724 9
296 18275 18987 20
353 11857 12251 3
256 9474 10029 12
410 30176 31221 8
613 10533 11712 10
658 25962 27914 14
425 8220 8664 5
438 7152 9274 11
532 15943 17330 12
179 30605 31489 16
722 6277 8157 6
319 29610 30090 1
999 11309 17335 15
708 1094 2844 15
946 17496 24321 3
973 14537 20497 3
331 21772 23007 16
553 29988 31947 4
149 11275 11560 15
896 25631 28755 3
814 7284 8538 6
475 28038 31356 11
939 3069 6094 7
534 22441 23907 13
907 21966 28895 13
885 21723 24526 18
203 22726 22939 21
295 4322 5222 13
509 22434 23706 14
781 29978 32817 20
417 1176 3539 3
396 2358 5442 6
212 29247 29690 14
172 3962 5046 12
185 8125 9591 15
190 19574 19834 13
863 2433 5012 22
940 32214 35544 21
546 20714 22861 21
287 30382 30738 7
193 18222 18609 21
655 14407 16367 3
864 18416 21662 2
584 13318 15346 8
790 25912 27105 17
631 26247 30606 16
563 23539 26679 4
258 17126 17426 17
552 7610 9795 11
286 18917 19279 10
312 30565 30947 2
431 6217 7655 24
993 24082 28069 6
134 12001 12484 14
790 21367 22579 9
339 15348 16462 10
501 924 2026 16
436 3411 4339 22
911 27397 30985 7
696 9777 11102 18
248 23968 24717 21
435 14421 16373 9
647 11838 12643 17
569 29169 31143 17
989 3057 4474 16
151 14910 15117 20
684 22609 23380 13
103 991 1306 20
317 31556 32561 11
921 10941 14128 14
756 8603 10131 14
300 24637 26352 24
859 2983 6534 22
444 6600 8348 12
324 29358 30086 24
629 12411 16289 16
579 21959 23543 12
584 27922 28619 20
540 14369 16145 9
645 19904 20925 2
923 31675 36043 6
233 12474 13124 23
742 23756 26891 5
742 8076 13510 22
766 16978 18888 16
684 22983 24696 9
634 3291 4851 19
404 10997 12347 3
672 1393 4445 7
264 11322 12524 8
230 21863 22094 11
729 6222 11773 9
734 23460 29058 15
193 10995 11287 12
166 6082 6729 4
208 11843 12378 21
367 28113 29285 24
237 14994 15237 1
766 8761 10278 18
561 6321 8138 6
772 8667 10778 24
775 2439 4611 1
847 16718 22219 20
942 6862 11582 4
114 24249 24693 2
179 8247 8624 1
354 8975 10574 2
697 32140 37181 18
968 5387 9174 18
501 5532 7695 20
247 2682 3111 20
252 28123 29452 2
984 19915 23671 21
726 10844 13267 1
337 24243 26071 20
627 27711 30196 19
299 30940 31963 19
576 3434 7125 10
414 26767 29659 9
994 26454 29394 2
294 28510 29104 14
165 8795 9163 4
878 13242 16493 3
664 9081 12569 19
633 14600 16771 14
334 13320 15411 15
668 11800 13342 2
764 26675 30933 1
562 2433 3193 19
615 22754 24532 23
291 8589 9384 22
893 3749 6413 6
627 19047 21765 1
226 7550 7883 9
240 19288 19779 24
672 22544 24240 21
682 27724 29746 5
545 3216 5913 9
661 22697 23756 11
949 24824 27232 19
444 21740 23260 16
137 7957 9002 22
466 19138 21878 19
306 4415 5174 20
237 16298 16716 13
440 22762 23353 8
602 25952 27352 4
567 29397 31061 1
682 14474 16048 23
596 15496 17200 20
946 31339 34836 20
301 28761 29841 4
181 9845 10214 17
549 4833 7928 17
177 21400 21664 10
401 12439 13218 4
854 17921 22817 15
769 7541 8897 16
746 21119 22179 9
664 9469 10661 24
574 30608 32855 2
838 11984 15297 12
626 5501 7477 8
739 31746 34695 11
589 12786 14538 23
262 29429 30797 23
557 11793 13964 11
289 20910 22049 19
152 209 764 10
428 873 3626 14
584 5503 7295 1
492 17724 19495 1
646 23417 24999 4
323 2121 4693 5
183 7219 8444 21
917 20341 23828 3
719 31948 32939 3
839 9873 11973 2
311 23026 24036 1
689 30102 31287 11
216 30303 30987 24
443 1820 3504 13
715 10448 11218 22
767 3788 4983 19
599 13562 16470 15
901 31702 33446 16
996 5699 10245 19
242 11247 13098 3
718 643 1615 17
568 30035 31395 11
765 16259 18725 12
637 25300 29645 19
921 9495 12063 11
548 1772 4008 6
286 15312 16003 18
810 17874 20974 12
451 16745 17823 16
415 28669 29474 5
338 17787 18695 23
471 1326 2301 17
749 13249 16770 14
110 7812 8422 10
676 24616 25731 16
599 11261 12820 8
935 23880 28176 7
239 4474 4955 7
636 8274 12981 7
884 29908 33078 21
450 26926 27440 21
823 22599 25845 17
942 14664 17070 14
798 28266 30766 11
253 11508 12181 19
694 980 2042 22
874 24011 26876 14
105 8318 9104 20
556 2941 4986 9
493 10393 12062 17
907 20269 22525 16
599 27466 28121 20
497 8559 9702 2
786 22561 25614 12
191 9643 10177 8
350 13033 14176 9
994 17804 24293 16
499 9351 10147 22
591 2611 4424 15
776 8460 11454 5
425 15240 16252 2
778 1779 6861 14
784 644 5222 7
305 6812 8741 6
933 23019 24179 2
492 20722 24492 12
695 22589 23373 13
425 6870 7861 7
816 10048 13115 6
606 8325 11350 3
949 22904 24042 15
966 29825 31922 7
222 31042 31704 15
587 20617 22668 9
962 30356 34061 13
538 7888 8880 12
941 27388 30780 20
811 32201 37580 8
890 26130 29203 22
456 15325 17001 23
985 663 4375 22
272 28350 29352 15
680 22816 24228 7
578 7623 11159 15
103 11730 12114 3
973 1702 6040 5
852 8734 11967 19
968 23843 25678 6
472 23108 24081 11
216 24100 24945 7
433 28180 29623 14
150 2940 3130 18
350 5815 6282 24
266 28006 28598 19
977 28164 31778 15
393 82 554 13
798 1888 6900 7
667 7358 8997 10
270 29486 30026 7
893 11879 14256 14
583 13932 15081 21
952 9761 14848 11
631 11382 13639 21
235 18863 19222 11
405 12462 14322 15
770 25683 27933 4
851 22109 28078 17
575 18714 20979 24
645 30214 32335 20
485 25818 27241 23
308 2423 2849 14
569 14667 15237 17
295 29550 30241 24
920 10448 15487 15
201 10276 11112 18
170 14921 15569 16
922 13797 16951 7
935 22883 24823 1
987 28673 29690 16
322 2731 3247 8
356 23011 24837 1
376 4014 5232 8
704 29137 30263 7
116 10569 10718 18
445 18890 20547 5
449 15939 16764 22