300
1 4 4 5
17 73 117 5
24 112 163 5
23 32 97 2
27 314 351 8
24 304 347 7
17 307 338 8
24 457 495 8
25 71 112 7
26 32 76 7
22 257 321 2
17 446 484 6
28 142 195 6
22 280 333 4
20 477 542 2
22 320 358 7
14 256 316 1
22 131 170 7
12 231 253 8
17 297 329 8
23 486 546 3
16 517 556 6
21 281 350 1
11 118 174 2
25 440 510 2
13 87 146 1
22 251 322 1
10 213 243 7
14 519 558 6
17 23 75 4
29 495 556 4
24 555 597 7
20 378 441 2
18 338 389 4
29 291 357 3
28 401 439 8
23 17 62 6
20 379 443 2
20 137 187 5
18 362 409 5
12 255 282 8
20 123 161 7
25 359 400 7
27 287 324 8
17 191 250 2
11 551 582 7
18 308 351 6
20 469 500 8
15 498 526 8
10 440 494 2
16 216 255 6
27 59 97 8
16 313 358 5
19 357 422 1
29 212 286 2
27 248 296 6
29 172 212 8
20 490 541 4
21 459 527 1
21 594 660 2
22 104 170 2
22 166 217 5
14 503 538 6
25 538 583 7
15 262 317 3
13 422 484 1
18 346 412 1
24 360 403 7
20 77 128 4
24 373 446 1
12 13 69 2
26 261 318 4
24 410 459 6
11 62 89 7
18 97 128 8
17 300 330 8
22 401 434 8
17 481 509 8
20 87 147 3
18 11 45 7
28 115 170 5
12 439 479 5
29 140 208 3
22 169 238 1
11 482 512 7
16 122 185 1
29 117 184 3
22 232 289 4
28 165 205 8
12 127 164 6
14 6 61 2
25 124 196 1
22 262 310 5
28 277 335 5
16 358 417 2
15 172 198 8
27 86 159 1
19 28 79 4
15 472 500 8
12 370 430 1
11 102 144 4
23 518 553 8
29 151 202 6
22 371 414 6
19 246 292 5
11 208 249 5
18 3 41 7
25 175 238 3
19 236 300 2
11 370 400 7
10 471 530 1
12 410 465 2
14 201 232 7
21 263 322 3
11 287 323 6
10 414 446 6
28 496 560 3
24 274 319 6
29 428 490 4
10 112 137 8
13 22 55 7
12 19 73 2
29 256 325 3
18 341 384 6
14 472 517 4
11 481 509 7
29 415 479 4
15 178 217 6
22 140 187 6
28 505 552 7
27 587 642 5
26 317 380 3
11 142 191 3
12 580 633 2
25 442 516 1
23 155 194 7
27 290 339 6
23 423 467 6
22 362 433 1
13 597 646 3
12 466 490 8
27 343 402 4
20 127 182 4
20 137 187 5
13 378 437 1
21 112 175 2
20 550 606 3
20 357 417 3
13 125 164 5
26 578 627 6
19 590 657 1
16 104 160 3
18 259 311 4
26 74 120 7
21 234 277 6
14 391 445 3
19 424 461 7
18 23 82 2
15 417 462 5
21 374 415 7
16 350 413 1
29 375 422 7
15 537 567 8
12 274 331 2
24 524 586 3
18 359 393 7
17 192 233 6
19 256 306 4
12 228 256 7
27 552 615 3
23 517 564 6
25 474 509 8
24 234 300 2
14 509 563 3
10 248 296 3
29 101 171 2
20 487 521 8
12 281 308 8
13 384 423 5
22 356 416 3
27 515 578 3
29 320 359 8
23 292 345 5
19 390 441 4
22 535 568 8
15 95 131 6
10 164 206 4
10 248 275 7
18 106 165 2
23 337 377 7
22 407 472 2
20 501 539 7
20 235 294 3
15 493 525 7
21 98 138 7
28 317 361 7
11 480 524 4
17 384 435 4
11 188 219 7
15 477 525 4
10 527 585 1
19 206 272 1
19 81 118 7
20 267 304 7
16 157 211 3
19 263 329 1
16 322 364 5
23 405 459 4
29 517 589 2
29 312 369 5
23 522 561 7
17 214 276 2
23 420 487 2
18 255 284 8
24 579 627 6
23 126 161 8
21 198 256 3
20 450 510 3
14 156 219 1
14 148 200 3
20 563 616 4
10 362 386 8
10 37 68 6
16 290 351 2
13 216 270 2
22 317 378 3
14 494 526 7
20 403 440 7
12 26 81 2
17 86 140 3
22 123 184 3
25 37 77 8
27 569 640 2
14 402 432 7
17 516 567 4
24 361 403 7
27 123 170 7
16 308 339 8
23 402 453 5
19 512 578 1
20 262 324 2
29 376 432 5
27 247 297 6
27 352 403 6
10 346 385 5
15 225 285 2
29 280 344 4
24 311 355 7
15 370 419 4
27 294 336 8
29 217 266 7
22 246 311 2
20 208 246 7
27 299 342 7
21 539 575 8
19 448 489 6
21 326 369 6
25 100 141 7
14 264 300 6
18 452 512 2
12 217 242 8
15 493 523 8
26 365 428 3
29 296 373 1
20 313 354 6
22 236 300 2
22 409 458 5
19 198 260 2
29 269 319 6
16 106 137 8
26 86 140 5
29 86 159 2
21 590 623 8
16 519 578 2
15 142 196 3
18 188 247 2
22 196 254 3
11 429 468 5
11 191 236 4
29 86 147 4
19 164 213 5
24 544 581 8
28 312 379 3
24 493 561 2
16 25 54 8
22 225 265 7
27 162 231 2
21 189 250 3
20 412 454 6
29 277 330 6
21 330 373 6
10 502 550 3
22 594 659 2
16 334 380 5
26 573 610 8
24 288 329 7
14 331 377 4
12 216 244 7
28 22 79 5
27 213 260 7
11 309 348 5