50
1 3 5 2
47 45 94 22
38 96 137 63
61 16 79 23
56 68 124 2
36 122 159 48
34 105 140 19
56 42 100 15
55 57 112 46
53 23 77 8
52 99 153 30
56 41 99 38
38 98 137 5
61 118 181 31
56 30 95 62
51 87 140 28
50 105 155 12
49 111 162 9
46 121 170 70
48 19 71 96
52 32 84 38
48 101 152 98
62 101 168 74
47 63 112 47
57 0 57 45
50 118 171 90
30 0 31 9
49 0 50 25
43 40 84 27
55 115 174 52
62 40 107 93
43 87 130 16
27 42 70 45
40 115 155 32
64 110 175 39
41 69 113 84
49 14 64 9
66 37 103 30
52 0 56 84
57 38 95 16
48 64 113 16
37 11 49 45
68 59 128 11
40 17 60 76
59 34 99 73
40 39 81 9
49 16 66 33
47 114 164 66
43 88 132 45
59 70 137 96
62 62 130 60