250
1 4 5 2
29 336 390 6
22 485 533 5
23 165 235 1
16 342 395 3
26 346 410 3
14 141 204 1
24 485 527 7
11 4 55 3
23 51 95 6
27 261 299 8
26 129 171 7
10 186 206 8
24 301 339 8
14 357 384 8
19 95 140 5
21 17 83 2
25 121 178 4
11 156 216 1
12 71 123 3
15 39 92 3
10 316 362 3
11 264 288 8
25 426 483 4
27 280 356 1
19 416 446 8
23 230 276 6
20 12 61 5
14 256 301 4
19 388 450 2
20 329 372 6
19 323 386 2
28 19 62 8
18 207 257 4
12 65 125 1
14 413 468 2
18 458 509 4
24 399 447 6
11 276 302 8
16 114 141 8
10 102 160 1
23 96 129 8
13 205 230 8
28 251 294 8
15 376 407 7
29 362 434 2
10 476 517 4
22 54 125 1
10 274 314 5
14 239 269 7
11 212 235 8
22 177 220 6
22 66 124 3
28 212 278 3
12 322 380 1
13 445 489 4
27 242 282 8
21 205 266 3
29 41 103 4
16 217 271 3
28 262 336 1
13 407 462 2
10 112 171 1
20 217 281 2
18 279 339 2
21 241 280 7
18 421 468 5
27 234 301 3
27 286 356 2
13 464 496 7
12 407 467 1
19 400 448 5
20 360 395 8
20 238 307 1
27 244 307 3
16 375 428 3
28 171 241 2
16 351 380 8
26 496 536 8
21 263 329 2
16 264 311 4
10 30 77 3
25 301 352 5
15 105 135 8
23 110 153 7
25 309 378 2
20 288 351 2
22 431 473 7
25 396 454 4
19 190 257 1
11 466 518 2
27 198 236 8
18 297 335 7
27 493 565 2
26 285 322 8
25 467 527 4
26 50 95 7
28 428 497 2
12 199 236 6
14 310 356 4
14 471 513 5
18 481 520 6
21 81 138 3
10 219 250 6
11 313 335 8
11 191 247 2
29 326 390 4
19 176 238 2
28 198 261 4
11 121 152 7
29 180 240 4
27 260 313 5
16 45 89 5
11 401 428 7
24 56 110 5
20 307 338 8
23 138 200 3
16 203 244 6
23 54 107 5
15 342 371 8
14 441 465 8
15 388 425 6
28 291 329 8
24 67 131 3
11 313 357 4
29 323 373 6
19 430 495 1
25 87 138 5
26 151 218 2
15 481 538 2
28 94 162 3
11 45 104 1
10 123 156 6
19 415 455 6
29 131 202 2
11 249 282 6
18 393 456 2
20 189 236 5
16 140 195 3
25 445 498 5
19 34 71 7
12 257 300 4
24 191 242 5
25 369 427 4
20 302 371 1
14 292 354 1
23 67 135 2
11 325 362 5
21 209 264 4
27 351 399 6
21 474 533 3
14 444 486 5
28 222 284 4
28 2 47 7
18 117 146 8
27 122 197 1
26 279 340 4
24 13 50 8
26 294 364 2
13 460 503 5
26 359 415 5
27 243 280 8
18 249 280 8
27 251 310 4
14 340 384 5
15 126 171 5
11 139 188 3
11 308 366 1
25 214 274 4
24 405 461 4
25 65 106 7
29 231 288 5
11 310 367 1
22 183 231 5
24 143 209 2
13 71 115 4
22 360 407 6
27 357 415 4
15 2 36 7
17 257 285 8
25 24 68 7
28 65 138 2
23 241 298 4
19 487 539 4
28 201 261 4
14 253 279 8
14 335 387 3
11 248 305 1
22 331 401 1
22 362 410 5
18 133 181 5
28 361 414 6
29 13 78 3
12 63 97 6
11 183 223 5
12 421 470 3
22 6 46 7
24 130 188 4
28 217 277 4
24 335 408 1
28 374 426 6
21 59 107 5
12 284 342 1
22 401 458 4
18 218 263 5
23 231 287 4
20 16 79 2
13 312 369 2
19 291 356 1
22 255 294 7
20 113 158 6
14 465 513 4
16 369 407 6
23 273 320 6
19 338 400 2
11 381 421 5
28 80 157 1
28 479 537 5
22 257 300 6
28 361 416 5
19 153 188 7
26 24 88 3
28 209 274 3
11 226 251 8
29 140 189 7
27 350 417 3
13 355 393 6
24 25 72 6
25 406 459 5
29 295 359 4
20 173 219 5
22 370 429 3
22 187 224 8
10 417 447 7
19 493 525 8
29 13 85 2
14 381 413 7
23 145 216 1
10 328 378 3
16 158 217 2
14 437 477 5
28 107 153 7
15 206 256 4
13 88 144 2
10 486 520 6
12 230 278 3
20 476 506 8
28 463 534 2
17 160 217 3
10 443 478 6
17 42 69 8