300
2 3 1 5
55 203 258 27
44 689 734 37
60 576 636 29
48 338 387 36
52 602 655 34
44 604 650 90
43 526 569 10
36 381 417 22
48 323 372 19
61 327 389 23
39 219 258 40
61 288 351 99
46 321 372 96
56 557 613 49
52 147 201 72
36 438 475 22
70 239 312 64
55 388 445 79
57 550 608 8
56 729 786 6
53 36 93 84
51 496 547 25
43 98 147 60
48 561 612 93
59 399 460 60
54 261 318 59
50 208 260 52
39 552 593 74
51 83 134 50
47 101 154 91
54 405 460 33
36 174 215 79
51 112 166 95
41 616 657 34
49 719 772 76
45 415 461 30
44 429 475 89
43 472 517 80
47 105 154 80
48 692 740 21
50 97 148 15
41 595 636 45
43 56 102 69
58 223 281 26
45 561 609 66
31 591 623 44
52 402 454 22
43 691 736 97
47 220 270 95
45 234 279 49
40 674 714 11
40 239 283 76
57 636 699 70
71 683 756 72
40 535 575 21
40 375 417 74
52 567 620 49
46 492 541 63
32 0 36 81
51 377 431 74
62 419 482 29
40 548 590 95
37 295 334 99
45 708 753 37
42 39 82 32
50 295 345 15
43 117 166 83
65 322 389 72
74 171 246 23
36 571 611 71
22 566 591 88
26 696 723 41
52 326 380 89
59 686 746 49
48 305 356 53
40 68 108 8
58 222 280 19
44 82 128 71
55 376 431 10
58 527 587 89
45 661 707 16
72 140 215 83
35 315 351 7
61 145 208 79
40 260 300 46
46 580 628 59
58 681 741 61
51 597 649 23
43 665 709 48
33 303 338 95
64 0 67 96
40 563 603 41
62 87 154 88
62 295 358 12
48 598 647 19
35 190 225 46
53 350 404 8
34 644 680 69
62 264 327 49
55 392 447 4
50 265 317 88
65 264 330 41
60 677 737 5
46 257 304 38
38 450 488 29
50 444 494 1
55 555 614 57
55 383 440 97
45 109 155 32
67 620 687 30
43 565 611 94
38 733 771 34
42 526 569 7
50 342 395 71
54 606 665 82
44 644 689 5
41 736 778 43
68 495 564 14
62 463 530 89
51 331 382 14
56 663 720 17
46 653 701 77
49 451 501 34
31 243 274 20
57 251 309 18
39 130 172 52
53 499 555 79
58 590 649 30
50 505 556 8
55 387 443 48
31 730 762 27
46 361 407 27
71 62 133 20
56 467 524 13
38 159 199 96
51 21 77 54
43 78 122 44
60 177 238 12
48 225 274 14
39 114 155 74
43 348 391 42
34 722 757 7
47 427 477 58
63 95 160 89
58 102 161 50
67 398 467 98
43 701 745 32
48 247 296 36
33 704 742 54
50 592 644 72
55 275 332 72
63 734 798 3
47 382 430 46
38 345 383 31
49 141 191 18
37 658 696 8
43 139 183 26
58 273 332 39
39 340 381 85
41 580 622 34
43 226 272 73
48 212 265 70
55 454 511 89
63 210 274 10
52 372 430 78
39 65 106 56
55 104 161 88
39 596 639 75
41 628 669 18
65 310 375 27
39 416 457 80
48 388 437 6
48 418 467 15
38 103 141 46
59 467 527 26
40 404 445 1
40 314 356 77
66 84 150 9
53 663 716 18
44 654 699 44
43 143 190 76
48 530 581 90
57 21 81 60
48 526 577 53
64 549 614 3
49 117 172 76
58 565 624 3
62 565 630 84
40 383 424 27
58 568 631 76
51 365 418 57
47 117 165 17
46 702 750 97
42 582 624 19
55 34 89 35
52 103 155 42
40 169 209 31
52 605 658 21
50 106 160 73
54 579 634 37
35 690 725 25
56 61 119 75
53 163 217 18
54 432 486 44
54 390 445 15
53 320 376 80
53 76 129 44
63 509 573 7
48 690 742 71
55 462 519 53
32 194 229 69
40 24 66 70
45 363 408 50
54 65 121 55
33 12 47 62
55 529 584 32
45 367 412 48
43 392 439 90
68 693 764 98
62 648 712 52
47 168 216 19
50 473 524 34
51 711 764 91
49 555 604 3
46 172 218 40
56 681 738 11
59 501 569 78
60 568 630 59
50 414 470 56
38 98 137 2
64 626 690 4
62 575 641 80
45 670 716 45
55 110 165 32
38 143 182 33
61 621 683 48
51 120 171 8
31 710 744 86
50 302 352 39
49 601 650 10
44 620 666 73
65 521 586 12
54 571 631 93
46 61 107 46
43 631 676 61
64 448 520 89
51 622 674 28
48 322 372 92
40 719 760 23
52 193 245 36
53 556 611 92
41 255 298 51
49 25 78 86
49 255 306 52
32 396 429 31
61 63 133 94
49 150 204 87
54 0 57 92
48 500 555 82
61 408 472 77
69 321 391 20
55 660 716 46
47 614 662 30
63 55 118 9
54 668 723 10
51 612 664 23
49 591 641 16
52 316 369 15
53 357 413 93
61 522 584 6
37 567 609 51
39 617 656 39
45 17 70 69
47 175 222 42
45 653 703 54
45 366 412 16
57 506 565 90
47 23 73 56
48 709 758 46
51 244 300 72
43 666 710 37
45 544 593 84
31 478 514 85
45 312 358 39
53 717 772 63
64 153 221 66
53 311 369 91
43 387 432 65
76 687 764 12
32 212 245 27
48 416 467 57
30 406 437 38
57 350 409 79
49 671 722 69
63 423 492 59
43 421 464 36
43 0 44 5
39 414 455 92
40 252 295 80
62 335 400 72