500
1 4 1 5
15 0 30 3
22 3 35 1
22 4 148 4
25 9 195 4
19 10 187 3
20 11 73 1
11 14 43 1
20 18 43 2
10 19 176 4
18 21 54 3
19 22 75 1
24 24 168 5
9 26 66 3
20 29 204 4
22 30 109 3
11 31 63 2
24 32 142 3
15 33 179 5
20 34 141 4
5 36 99 2
12 40 180 4
19 41 192 4
23 42 146 3
17 44 158 3
17 47 163 4
10 56 233 5
9 62 86 1
6 63 159 3
23 64 167 4
26 65 246 4
16 66 203 6
31 67 155 2
7 68 179 5
18 70 220 4
32 74 218 3
17 75 111 2
10 76 133 3
25 79 190 3
23 80 207 5
3 81 125 2
8 82 111 3
14 84 250 4
32 85 226 4
12 87 130 3
26 90 280 4
19 91 248 6
16 94 129 4
30 97 285 5
16 98 178 4
13 100 201 4
28 101 145 3
12 106 280 3
20 109 236 5
25 110 174 4
14 113 172 4
21 115 215 2
19 117 279 3
9 122 288 3
28 126 176 3
6 128 210 2
13 129 281 4
21 133 320 4
26 134 209 3
17 135 320 4
17 136 297 3
15 137 222 3
33 138 345 4
26 140 262 3
12 142 305 6
21 143 270 5
24 144 238 4
13 145 333 5
15 147 165 1
4 148 270 4
23 150 339 5
15 152 311 5
15 153 307 4
23 155 341 6
37 156 218 4
17 160 338 5
24 163 198 3
23 164 206 2
12 166 191 4
34 167 219 3
23 169 204 3
40 170 278 2
18 172 191 1
3 176 231 3
16 177 216 2
14 180 199 2
12 181 226 3
27 184 308 3
29 189 352 5
20 190 331 4
17 191 258 3
22 192 373 6
7 193 358 5
6 198 360 4
10 200 293 4
16 201 332 3
21 204 265 3
13 205 230 3
27 206 407 6
24 210 387 4
21 211 339 3
14 212 234 1
16 216 364 3
25 217 247 3
28 219 415 3
14 220 281 3
21 224 249 1
18 226 389 3
10 231 318 3
15 234 352 5
15 236 288 1
27 237 288 2
16 239 381 3
8 240 357 4
35 241 301 1
15 244 318 3
29 245 332 3
30 246 400 4
10 247 374 5
22 252 403 4
16 259 444 6
15 270 381 3
15 271 371 2
26 273 349 3
9 275 378 3
30 280 380 3
15 283 369 5
27 284 478 6
20 285 444 5
29 289 332 2
10 290 435 3
31 291 412 4
4 292 312 2
6 293 467 6
14 295 368 2
29 297 336 1
5 298 479 5
29 300 432 4
19 301 410 3
28 303 390 4
22 304 328 1
27 307 431 3
15 309 347 2
28 310 452 4
5 311 369 3
5 312 460 3
25 315 419 4
26 316 457 5
3 317 371 1
18 318 368 2
26 319 485 4
22 321 365 1
42 323 544 5
6 324 350 3
9 325 364 4
12 329 407 2
16 332 399 2
21 335 451 5
8 337 419 4
12 338 400 3
18 339 421 2
18 340 415 3
34 341 524 5
14 342 454 3
25 345 483 4
16 346 363 3
10 350 374 4
11 351 536 5
14 352 456 3
21 353 380 1
20 354 510 3
22 355 490 4
11 357 405 3
14 358 518 3
11 359 497 6
28 361 502 3
20 365 426 3
31 366 531 4
31 368 487 2
15 373 544 4
23 377 453 3
9 383 448 3
26 386 422 1
21 389 425 2
24 395 528 3
38 396 543 5
24 397 504 4
29 399 484 3
24 400 498 2
26 402 578 3
27 403 446 3
17 405 482 3
23 407 539 3
20 408 486 2
20 409 499 3
23 413 530 5
19 414 503 2
21 417 589 4
12 418 543 3
21 429 542 5
27 430 477 3
31 431 558 2
30 435 620 6
16 437 612 5
30 438 552 2
19 439 594 4
23 441 552 5
16 450 469 2
27 451 500 2
25 453 558 2
21 454 611 4
8 461 548 2
3 462 535 3
23 464 507 4
8 466 538 2
19 467 613 5
4 468 523 3
22 469 498 3
23 471 588 3
23 474 615 3
25 480 578 3
36 482 559 4
24 484 530 4
26 485 537 1
23 488 633 3
7 490 638 4
15 491 628 3
34 493 650 5
22 494 576 4
17 495 604 3
24 496 528 2
37 499 593 2
31 500 689 4
14 501 557 4
21 503 606 3
37 507 600 2
10 510 605 3
25 511 546 1
26 512 675 4
10 513 542 1
8 515 608 2
5 518 601 2
10 520 705 5
21 521 638 3
25 522 709 6
25 523 694 3
1 524 535 2
10 525 673 3
19 526 597 4
18 527 643 4
8 529 550 1
25 530 712 5
23 531 631 4
29 534 647 5
28 537 633 3
23 542 672 5
18 544 619 2
20 545 701 3
15 547 622 4
25 548 588 2
11 549 567 1
37 552 674 4
14 553 733 6
10 555 664 5
15 556 612 2
28 557 607 2
31 559 739 4
25 560 736 4
14 562 614 3
27 563 730 3
18 565 638 4
31 567 688 4
20 568 690 4
15 569 634 2
13 573 603 1
13 576 751 4
24 577 699 5
20 582 772 6
20 583 676 4
22 585 675 2
25 586 743 4
20 587 709 3
27 592 637 1
6 599 706 4
20 600 698 3
19 602 629 2
26 606 791 4
21 607 792 4
20 608 662 1
15 610 769 5
24 613 684 1
29 615 660 2
10 620 744 5
33 621 712 4
24 622 815 6
16 623 785 5
13 624 700 3
25 625 777 4
18 627 677 1
23 630 668 2
20 632 823 4
6 633 756 5
18 634 787 4
14 635 811 6
10 637 784 5
23 638 739 4
11 643 756 3
30 644 734 4
22 647 739 4
7 648 798 5
2 651 734 3
6 652 742 3
7 654 834 6
12 656 754 3
12 657 770 5
16 658 736 3
29 662 767 3
13 663 844 5
21 665 750 3
20 667 828 5
18 673 773 2
13 674 707 2
27 676 841 5
28 677 875 4
18 681 788 3
29 682 890 4
13 683 800 3
8 685 813 4
10 686 860 4
14 688 880 5
11 689 776 2
24 690 805 3
18 693 841 3
16 694 735 3
28 696 797 3
10 698 780 2
31 699 880 4
17 700 769 2
1 701 820 3
19 704 767 2
17 706 756 2
16 707 731 3
25 708 861 5
24 714 853 3
34 717 901 5
32 718 912 5
11 719 740 2
37 720 819 2
16 723 786 4
31 724 863 5
42 725 820 4
13 726 741 3
5 727 782 3
19 728 904 4
22 731 856 4
15 732 926 6
20 735 786 4
10 736 763 1
10 738 836 2
21 739 904 4
12 740 796 3
27 744 817 2
27 745 837 4
18 746 942 5
26 747 829 2
17 748 896 4
11 749 939 5
14 755 854 5
28 757 802 1
18 758 869 3
14 759 847 5
27 760 861 2
13 761 888 5
20 762 864 4
16 763 819 3
14 764 904 5
27 765 884 2
39 766 953 5
16 767 948 6
19 770 915 3
15 771 843 2
15 772 805 2
21 773 923 5
23 774 960 5
14 777 931 4
15 779 837 4
14 780 800 1
9 781 919 3
21 783 883 4
33 785 861 2
14 786 815 3
11 788 901 4
25 789 898 4
10 790 943 4
9 791 907 5
20 793 904 4
16 794 895 3
31 797 868 2
38 799 949 5
15 801 824 3
30 804 980 4
16 806 880 4
20 807 890 3
13 814 887 2
8 815 957 3
19 817 950 4
10 820 867 2
11 826 985 4
21 828 964 5
15 830 1020 5
24 831 884 2
28 833 927 4
22 835 914 3
6 836 961 4
17 838 883 4
17 839 870 1
18 840 896 2
31 841 884 3
25 843 1006 4
23 845 898 3
11 846 953 2
16 847 873 1
24 848 966 5
20 849 1019 4
20 852 1014 4
21 853 1028 3
27 855 883 2
18 858 876 3
24 859 935 2
26 863 928 2
8 864 917 2
7 866 1000 3
19 868 930 3
16 870 991 5
24 871 1026 4
5 873 1033 5
14 874 962 4
7 875 967 3
21 876 1054 4
23 877 997 3
20 879 1029 5
27 881 998 3
26 882 918 1
29 884 1085 4
20 885 1065 3
21 888 991 5
22 890 992 5
22 892 922 1
27 894 934 1
24 896 1050 5
18 899 1085 3
25 900 1093 5
35 901 1075 5
16 903 951 3
24 906 1045 5
18 907 1021 5
15 910 978 3
11 913 1102 6
15 914 1079 6
23 915 1105 5
16 917 1000 3
25 918 1097 5
23 919 1093 5
16 921 1040 5
21 922 1007 5
24 925 1007 4
27 926 965 2
37 927 1059 4
18 928 989 1
26 930 1091 3
21 931 1043 3
14 937 1025 4
23 942 1145 4
24 943 1094 3
14 948 1029 4
17 949 1146 5
23 950 1109 5
11 952 1049 4
15 953 1010 4
27 954 1073 3
28 955 1038 2
10 957 1104 5
26 958 1093 4
26 959 1118 5
24 960 984 3
7 962 1086 5
38 967 1140 3
1 969 988 3
24 972 1041 1
1 974 1001 2
16 975 1100 2
23 976 1042 2
1 977 1054 3
19 978 1015 2
33 980 1100 3
30 981 1152 5
