50
1 5 3 2
25 2 118 4
23 3 160 4
12 5 88 2
1 7 132 4
22 8 74 3
14 9 64 2
18 10 67 4
9 11 196 6
7 12 105 3
22 14 132 2
24 17 100 2
22 18 45 4
26 19 53 1
27 25 127 4
28 26 122 3
22 27 71 3
36 28 128 4
15 33 124 3
24 37 141 2
29 38 116 3
18 40 105 3
21 41 194 3
9 43 134 3
19 44 203 5
29 45 177 3
17 46 185 4
12 49 97 4
14 55 134 4
36 56 246 5
22 57 139 3
13 59 235 6
20 63 180 4
23 65 146 3
25 66 264 6
18 69 229 4
33 70 163 3
4 71 105 1
24 72 264 6
27 73 222 4
25 74 278 4
27 76 106 4
8 78 95 1
10 79 132 4
31 81 262 4
27 82 166 3
8 83 226 5
19 85 140 2
16 87 210 3
11 89 223 5
6 90 260 5
