250
1 2 1 7
24 1 205 5
26 2 129 4
10 5 29 1
16 7 202 6
32 10 166 5
12 12 94 2
15 14 96 4
21 15 131 3
6 16 175 4
6 19 66 2
21 20 70 3
21 21 150 3
27 23 195 4
22 25 223 6
22 27 51 2
25 28 153 4
17 29 115 3
14 30 87 3
19 34 209 5
18 37 234 4
37 38 142 4
20 46 216 4
27 47 191 5
4 49 197 4
28 50 199 4
11 51 234 6
11 53 104 2
22 55 143 3
12 58 109 3
32 59 167 4
22 61 120 2
16 63 178 5
22 66 243 6
17 67 196 4
10 69 105 2
23 70 247 6
23 71 209 4
17 72 253 5
13 73 218 3
5 75 121 2
1 76 163 4
36 78 141 3
32 79 240 4
20 81 262 5
19 84 116 3
20 86 151 2
21 90 197 4
25 92 277 3
12 95 276 4
17 96 213 4
23 98 185 2
18 99 295 5
28 100 265 3
25 101 294 4
11 103 171 2
6 104 242 5
11 107 209 4
17 110 161 4
25 111 295 4
12 115 287 4
35 116 174 2
7 117 135 1
28 119 210 4
20 120 156 3
1 121 302 5
1 122 185 2
19 126 238 3
4 127 239 4
24 128 167 2
11 134 299 4
23 137 293 3
21 138 290 3
23 143 334 6
11 147 311 3
15 149 282 2
19 155 270 5
24 156 256 2
16 160 243 4
13 168 328 4
21 169 215 3
17 173 358 5
18 174 207 1
31 175 319 3
7 180 250 4
18 183 232 2
23 184 380 5
29 185 288 3
13 188 254 4
20 189 339 4
38 190 341 4
10 191 310 3
1 195 319 5
23 196 365 4
34 197 301 4
20 198 315 4
22 200 393 6
16 201 379 4
8 204 240 2
15 207 347 5
29 209 281 4
24 211 318 3
17 214 256 2
4 215 324 3
28 219 345 3
35 220 277 1
20 221 350 3
26 226 298 3
32 228 357 3
26 231 428 5
46 232 383 5
1 234 313 4
31 238 423 6
8 239 377 4
16 241 265 1
24 243 407 5
17 244 402 5
31 245 290 4
27 246 449 4
14 248 292 3
4 250 303 4
27 255 283 1
8 256 307 2
32 258 316 1
14 260 419 4
23 261 358 5
33 262 464 6
31 265 407 5
17 267 396 4
14 268 370 3
17 269 315 3
36 272 461 3
6 273 459 4
16 274 429 4
29 277 483 4
21 278 352 4
13 279 464 6
22 282 378 2
15 283 310 2
12 284 440 5
10 285 464 4
21 286 405 5
28 288 343 2
7 292 423 5
35 294 455 3
16 295 376 3
11 296 476 6
22 298 456 3
29 299 353 1
8 300 449 5
18 301 480 5
23 303 432 5
10 306 456 4
19 307 405 4
21 309 385 3
29 313 416 2
16 315 503 4
26 317 394 2
34 318 437 3
26 320 495 5
11 321 512 6
17 322 356 3
29 324 431 3
33 325 537 3
18 327 427 4
30 330 462 3
16 332 508 4
21 334 517 4
23 335 384 4
22 336 453 3
15 337 425 3
16 341 422 4
17 343 482 3
30 344 447 3
27 345 381 2
26 346 440 3
14 347 516 3
19 348 487 5
10 349 496 3
19 350 372 1
22 351 513 5
29 352 408 1
33 359 518 4
37 362 531 6
10 370 510 4
13 374 483 4
6 375 436 3
25 376 550 4
21 377 428 4
17 381 523 3
17 385 565 6
21 386 474 2
26 387 451 2
22 389 488 4
18 391 548 4
6 392 403 1
10 396 535 6
33 397 602 4
21 399 441 2
28 400 519 4
17 401 546 5
22 402 565 4
27 404 502 4
25 406 544 5
10 409 450 4
19 410 442 3
6 411 549 6
24 413 461 3
26 417 527 4
26 421 487 1
12 422 449 2
15 423 513 2
14 424 474 3
26 427 620 5
16 428 568 3
18 429 467 1
15 432 493 2
25 435 606 5
15 436 506 2
12 438 626 6
4 443 472 3
7 445 622 4
17 446 601 5
9 447 485 1
5 450 502 3
19 451 499 3
17 454 641 6
18 456 502 4
8 458 537 3
26 459 602 5
10 460 626 4
25 462 582 2
20 463 583 4
31 464 670 6
29 467 552 2
18 468 489 2
26 470 508 3
23 473 512 3
21 474 591 3
28 475 671 5
30 478 658 6
16 479 605 4
20 480 652 6
20 481 584 4
5 482 505 1
17 485 514 2
16 486 567 3
18 487 625 4
9 488 658 6
10 493 641 3
15 494 582 4
