150
1 2 5 2
23 154 205 5
29 183 250 3
25 171 218 6
21 130 192 2
12 154 190 6
10 194 253 1
29 128 198 2
15 82 117 7
29 240 308 3
22 27 79 5
18 180 219 6
20 66 126 3
10 154 179 8
21 56 92 8
10 87 109 8
10 91 141 3
17 62 90 8
10 124 169 4
29 13 86 2
12 289 346 2
19 206 274 1
10 207 229 8
25 225 281 4
22 117 178 3
26 209 252 7
13 280 321 5
20 148 198 5
14 230 261 7
24 277 313 8
26 58 129 2
12 131 154 8
29 178 243 3
18 275 304 8
11 92 135 4
16 63 105 5
23 206 247 7
27 273 326 5
20 199 236 7
28 144 208 3
28 77 141 3
19 269 301 8
15 4 49 5
21 196 259 2
22 261 322 3
16 253 290 6
12 28 67 5
20 107 173 1
11 261 309 3
13 171 216 4
18 44 110 1
20 249 296 5
27 183 247 3
19 126 160 8
24 111 180 2
21 156 198 6
14 221 283 1
16 157 202 5
11 101 135 6
12 39 64 8
16 287 327 6
14 223 267 5
14 295 320 8
21 43 77 8
18 133 172 6
19 159 221 2
16 181 245 1
18 195 258 2
20 177 236 3
12 149 198 3
22 224 264 7
12 127 158 7
25 11 75 3
10 116 170 2
15 138 197 2
17 185 251 1
25 112 161 6
10 71 128 1
19 72 122 4
12 109 146 6
23 93 153 3
15 133 196 1
16 193 232 6
13 91 141 3
13 43 79 6
22 209 272 2
22 264 300 8
18 58 112 3
13 136 194 2
22 64 107 6
20 180 211 8
11 61 88 7
18 151 212 2
10 263 312 3
24 78 149 1
26 223 287 3
26 264 308 7
18 192 235 6
25 91 139 6
19 21 60 7
19 109 164 3
11 167 206 5
21 26 65 7
16 134 174 6
18 262 291 8
16 274 332 2
22 182 216 8
27 181 236 5
18 210 252 6
15 44 96 3
10 206 246 5
21 52 95 6
26 232 304 1
22 172 235 2
29 203 242 8
23 209 246 8
16 35 71 7
23 160 197 8
10 245 284 5
15 134 174 6
22 288 359 1
20 214 257 6
24 40 85 6
16 231 290 2
29 294 370 1
18 154 200 5
27 9 69 4
10 73 128 2
17 75 117 6
21 8 75 1
19 45 79 8
20 126 157 8
26 201 247 7
22 101 145 6
22 55 90 8
10 147 178 6
16 276 308 7
18 169 229 2
27 276 332 5
10 39 76 5
16 284 327 5
28 53 110 5
26 114 154 8
12 92 147 2
13 78 107 7
19 222 277 3
27 141 216 1
13 173 235 1
17 72 122 4
18 175 219 5
22 226 292 2