250
2 5 1 3
35 569 605 5
56 411 469 16
53 160 215 15
51 111 170 87
35 156 200 62
51 256 310 98
22 389 412 10
50 343 393 21
34 579 614 33
62 516 581 78
41 578 621 41
38 492 530 4
59 605 665 14
54 589 644 39
49 19 70 7
46 501 552 87
44 253 297 16
62 373 441 81
45 61 112 52
54 389 446 86
46 462 511 66
58 598 659 66
53 558 614 96
56 260 317 45
43 392 436 29
64 83 149 27
51 457 508 15
37 571 609 50
51 0 52 39
34 585 620 17
53 347 401 14
51 348 400 33
46 434 480 21
30 53 83 44
56 575 633 20
47 53 104 69
40 216 257 45
48 533 583 7
65 60 129 66
49 70 122 90
65 187 255 93
50 80 130 42
41 528 570 48
34 233 268 24
57 576 633 39
67 561 628 48
56 94 151 27
60 288 348 27
63 329 393 2
39 35 76 9
50 497 550 74
54 352 412 94
56 611 667 12
52 582 641 86
41 173 217 60
60 248 309 24
35 95 131 34
51 585 636 44
42 95 138 22
56 264 320 39
51 199 253 63
52 171 223 10
50 21 74 86
49 39 88 39
75 562 638 3
67 303 370 14
45 504 553 75
45 26 71 8
51 538 589 30
35 533 569 29
57 2 60 9
51 350 401 31
28 552 581 47
54 80 138 65
50 393 444 7
48 126 177 88
63 99 163 41
46 300 360 74
44 434 480 11
40 581 622 20
57 412 472 73
55 205 262 46
65 610 678 55
37 420 461 63
54 269 325 41
55 404 460 32
63 431 494 15
47 257 306 47
43 487 532 37
33 63 97 41
54 359 415 18
61 107 172 64
57 596 654 32
55 304 363 53
59 491 550 28
51 450 507 86
40 65 105 39
62 287 357 54
34 133 169 47
64 23 87 10
56 550 606 15
58 229 292 53
30 123 153 44
43 96 139 32
62 47 109 29
41 46 88 21
55 154 209 14
31 280 314 56
57 278 335 13
43 261 304 23
43 295 339 25
50 386 440 60
59 612 679 62
64 333 397 25
43 306 350 1
47 250 305 86
47 538 585 6
41 94 138 77
54 220 276 10
47 173 222 11
55 256 312 29
54 571 626 18
35 556 591 9
41 197 243 58
53 542 598 86
52 83 144 83
53 545 598 34
56 187 244 21
28 419 449 3
40 433 474 22
47 408 456 28
66 477 545 40
45 253 298 26
67 196 263 10
39 563 603 43
29 422 453 11
53 186 239 9
62 463 527 28
48 363 411 15
31 255 286 19
36 213 253 89
46 415 463 18
50 311 362 28
49 283 334 38
45 206 251 8
49 0 49 6
35 26 67 65
51 87 139 48
30 354 388 51
46 84 132 9
28 470 498 16
49 55 106 29
40 205 246 22
50 329 384 93
43 289 337 83
44 515 560 32
44 69 120 62
59 355 415 44
50 519 572 57
59 443 508 53
44 318 364 16
50 25 77 28
54 158 215 92
43 471 517 95
45 227 273 19
47 565 612 31
32 294 326 50
44 49 93 33
36 206 245 92
44 535 580 49
32 127 160 29
36 220 256 11
62 38 104 72
52 67 120 36
60 284 347 79
58 60 126 98
47 434 489 60
54 339 393 12
51 43 95 12
65 298 371 69
35 97 133 40
54 521 577 4
50 490 540 26
55 94 154 69
48 5 55 45
41 288 331 39
45 0 48 78
61 99 160 47
41 608 651 18
41 380 422 16
52 507 561 15
52 381 437 84
39 450 490 12
55 399 454 7
43 447 490 24
47 427 476 37
46 496 544 31
53 574 631 64
54 63 121 72
44 334 386 86
55 315 374 100
68 540 608 46
40 218 258 18
64 560 629 95
42 23 71 55
40 76 117 3
55 334 390 32
43 244 292 72
47 238 287 20
56 186 244 36
63 60 127 75
39 186 228 78
51 399 454 82
63 432 498 82
51 465 516 32
44 244 288 22
49 456 506 21
53 6 60 35
62 580 643 44
53 244 299 9
40 454 496 25
40 206 248 2
52 114 166 27
45 174 220 33
47 467 516 4
46 345 393 28
53 517 570 7
30 448 481 59
63 256 319 19
43 55 99 35
61 55 116 10
62 396 459 43
35 214 250 11
46 209 257 11
56 0 57 8
45 357 403 32
67 181 249 30
50 531 582 37
54 27 81 22
63 441 508 59
60 37 98 15
35 94 129 49
51 530 583 4
63 40 103 10
58 254 316 52
33 394 428 34
60 554 614 19
57 146 204 30
50 326 377 8
49 582 635 92