200
1 2 2 4
28 291 340 6
19 297 355 3
16 364 406 5
16 176 226 4
17 306 369 1
27 15 72 5
29 255 326 2
22 39 84 6
27 83 132 6
21 390 449 3
23 174 238 2
26 32 78 7
29 162 217 5
19 42 93 4
19 68 113 5
22 245 295 5
18 276 328 4
19 283 319 7
15 188 232 5
10 281 328 3
26 282 334 5
12 192 245 2
29 276 334 5
19 158 188 8
28 216 256 8
17 98 140 6
23 304 345 7
12 169 226 2
15 395 436 5
19 231 282 4
17 220 281 2
10 348 391 4
25 298 346 6
11 72 116 4
25 166 218 5
27 315 380 3
20 68 112 6
22 160 228 1
28 107 162 5
20 189 246 3
26 336 400 3
17 366 425 2
12 346 389 4
17 218 263 5
17 92 119 8
25 19 80 3
23 322 382 3
24 388 432 7
12 316 365 3
11 209 231 8
25 156 204 6
15 184 213 8
18 248 296 5
29 211 270 5
19 43 72 8
24 198 264 2
17 352 401 4
24 240 275 8
18 352 390 7
26 168 207 8
19 94 155 2
13 157 191 6
29 97 144 7
29 239 299 4
24 311 383 1
29 392 460 3
10 124 162 5
22 196 232 8
19 363 421 3
24 296 339 7
15 281 345 1
18 61 128 1
16 88 149 2
29 312 379 3
15 394 437 5
14 340 389 4
21 375 439 2
13 113 155 5
11 291 314 8
26 91 144 5
28 324 362 8
12 78 120 5
14 249 306 2
20 329 392 2
27 130 182 6
18 3 49 5
23 164 229 2
15 218 277 2
16 291 321 8
16 45 97 3
18 211 249 7
26 29 69 8
21 241 276 8
28 55 123 3
26 72 109 8
19 317 355 7
26 292 333 8
17 0 32 8
25 292 346 5
25 359 428 2
17 149 195 5
12 28 51 8
17 127 167 6
17 340 368 8
25 84 123 8
18 56 85 8
28 242 290 7
19 62 119 3
11 244 303 1
18 69 109 6
13 111 163 3
27 186 234 6
27 281 350 2
14 127 151 8
24 93 142 6
13 386 446 1
19 89 119 8
17 136 178 6
21 321 378 3
14 325 362 6
26 111 186 1
21 32 77 6
16 262 319 2
19 358 396 7
27 296 340 7
25 226 271 7
14 126 183 2
11 29 62 6
25 288 343 5
24 140 192 5
28 277 315 8
18 307 340 8
13 296 341 4
18 183 220 7
28 115 177 4
28 127 187 4
10 77 109 6
22 340 409 1
16 257 290 7
27 213 284 2
24 39 103 3
12 261 295 6
23 236 296 3
22 300 334 8
13 387 440 3
12 277 305 7
10 64 117 2
23 39 86 6
10 392 425 6
27 135 176 8
26 113 151 8
20 201 257 3
20 46 106 3
27 97 145 6
19 115 171 3
20 125 162 7
28 139 185 7
13 201 224 8
28 215 291 1
13 372 407 6
21 342 393 5
27 111 164 5
18 360 392 8
25 302 365 3
15 246 272 8
11 46 73 7
25 309 371 3
26 192 248 5
21 1 35 8
12 267 301 6
19 52 105 4
12 207 244 6
12 356 384 7
29 14 57 8
15 29 57 8
25 280 341 3
27 82 137 5
19 267 326 3
20 132 182 5
13 308 340 7
28 130 204 1
29 302 374 2
13 55 79 8
24 396 454 4
10 115 146 6
13 215 259 4
29 154 229 1
26 261 326 3
15 171 216 5
19 211 267 3
22 24 64 7
12 318 369 3
11 131 174 4
24 33 100 2
24 210 277 2
25 231 294 3
22 111 174 2
24 148 186 8
11 227 282 2
24 340 392 5