150
1 5 2 3
17 1 198 6
21 3 100 4
16 6 46 3
24 7 138 5
12 8 93 4
10 10 165 5
29 17 156 5
10 20 130 5
38 21 72 2
20 23 152 5
23 27 106 3
20 28 51 2
24 29 92 2
24 30 102 3
12 31 165 5
19 34 101 4
12 35 82 2
16 37 115 4
30 39 94 4
33 41 137 2
22 46 222 5
27 52 205 3
25 55 121 3
14 56 205 5
8 57 223 5
18 58 102 4
16 60 148 4
26 62 181 4
16 64 231 5
10 67 88 2
23 68 248 6
16 69 112 4
8 71 219 4
24 73 234 4
30 74 279 4
21 76 260 4
21 77 109 1
28 78 192 4
19 80 238 5
19 82 276 6
28 83 201 5
20 85 213 5
19 89 204 4
1 93 269 4
15 97 194 4
11 98 120 1
39 99 299 5
17 100 122 1
7 101 216 5
31 102 222 2
32 103 144 3
17 105 244 5
6 106 220 5
25 107 206 2
22 108 166 4
24 111 268 4
15 112 148 3
18 113 192 4
21 114 183 2
29 115 308 5
28 117 171 2
9 118 149 3
15 119 170 3
21 120 157 2
18 122 236 5
16 123 232 3
19 128 246 4
18 130 205 3
19 131 171 3
14 132 213 3
14 133 237 3
40 134 195 1
23 135 199 3
31 136 182 3
24 139 320 5
24 140 318 5
10 142 193 2
9 143 246 4
7 144 311 4
17 148 291 3
22 150 240 3
22 152 322 3
14 153 342 6
21 154 228 3
19 157 201 3
30 158 269 3
19 160 194 3
22 161 201 3
11 162 200 4
22 163 214 3
7 164 253 4
10 167 259 3
10 169 232 4
13 173 216 3
27 177 258 3
10 179 215 3
16 180 240 3
23 183 366 5
34 184 380 5
27 186 372 6
26 187 274 3
25 189 238 2
28 191 288 3
23 195 271 1
12 196 327 3
12 197 281 3
18 198 368 3
32 201 303 4
17 203 339 4
12 206 226 2
35 208 288 2
17 209 306 5
24 210 391 6
19 211 273 2
7 212 383 5
26 215 255 3
29 216 350 2
22 217 300 2
11 218 284 3
27 220 345 5
22 223 421 4
20 227 363 4
26 229 387 5
34 230 441 6
14 231 384 5
18 233 379 3
28 234 391 5
10 235 396 5
11 237 374 5
13 239 346 5
28 240 405 4
18 241 375 5
13 243 431 4
6 244 377 4
18 245 335 4
20 246 269 1
13 250 306 2
27 251 398 3
23 253 344 3
26 255 431 3
19 256 364 4
19 257 368 4
24 261 426 4
13 263 359 3
27 266 413 5
8 267 393 3
2 268 363 5
18 272 386 5
22 273 351 3
34 275 372 2
