200
3 1 5 2
35 453 494 69
48 421 469 28
64 343 409 81
54 180 235 47
46 9 58 80
57 32 93 89
41 487 530 96
56 357 424 84
52 2 55 28
49 86 135 40
60 12 73 36
46 469 515 32
64 169 241 59
54 486 540 46
46 31 78 4
35 379 414 4
44 221 266 35
49 302 352 35
64 43 108 12
51 428 479 9
57 342 401 82
48 7 56 1
45 152 198 39
43 37 84 66
51 66 118 31
34 265 302 61
61 242 304 15
35 104 141 100
65 496 562 13
44 284 328 15
58 346 406 96
46 38 85 40
51 429 484 75
56 225 289 79
67 115 183 5
44 186 230 8
42 251 295 59
48 213 263 88
53 321 375 48
57 285 343 27
45 432 478 1
31 115 149 71
29 452 481 19
57 373 430 11
55 238 296 93
50 116 167 28
45 143 189 46
61 270 332 7
42 482 524 2
47 119 166 13
54 43 99 97
46 74 124 96
39 453 495 60
57 263 323 64
45 387 433 26
67 300 369 71
67 0 68 29
54 30 85 45
53 269 323 36
54 130 185 29
64 458 523 33
27 407 436 77
48 55 107 62
37 218 256 23
45 279 325 18
36 167 205 65
53 121 174 8
54 135 190 8
27 241 268 26
46 369 419 98
35 354 390 49
43 468 514 73
32 0 33 23
51 104 157 90
45 339 385 8
48 471 523 81
35 263 299 47
34 40 75 14
45 23 68 19
55 281 337 9
43 78 121 25
58 414 473 4
48 166 217 97
54 255 311 87
31 391 427 64
59 62 125 89
48 40 89 6
52 270 322 40
51 140 192 1
54 145 202 67
59 236 300 89
54 373 429 52
62 203 266 21
64 240 304 36
45 16 61 3
45 105 152 52
52 191 243 20
47 387 435 28
50 113 164 16
37 226 267 64
52 155 209 92
44 260 305 13
51 77 130 70
68 157 230 69
44 289 334 28
60 113 173 10
46 0 49 92
56 191 247 35
44 278 324 57
38 205 243 20
52 95 148 7
60 14 74 3
49 9 58 25
46 307 353 2
62 127 193 62
48 471 519 50
50 401 455 88
59 490 549 21
58 441 500 9
39 303 353 70
42 361 404 22
56 362 420 77
41 9 50 26
65 481 548 60
67 165 239 69
63 169 234 97
50 226 283 72
58 355 419 51
31 174 210 93
41 244 286 39
39 258 298 27
47 53 106 52
54 310 364 25
58 213 273 77
61 291 354 92
31 471 504 66
54 478 535 92
50 435 486 42
47 152 204 89
44 5 51 98
60 139 200 38
49 182 231 14
54 419 474 15
49 109 160 100
57 269 326 1
52 63 115 15
52 440 493 28
59 143 207 82
37 380 417 39
43 427 472 52
51 224 276 16
51 319 373 93
48 81 131 88
44 175 222 100
48 54 105 68
45 413 459 8
53 120 177 74
47 212 259 21
65 175 240 42
67 172 240 13
57 3 61 6
57 79 136 9
47 22 73 82
56 111 171 91
36 75 112 30
38 130 169 37
56 72 133 86
54 85 141 65
58 217 282 70
52 478 530 9
50 187 238 18
54 318 379 66
51 251 304 79
34 437 472 13
56 47 104 12
57 272 330 9
48 155 203 49
54 229 288 71
22 278 303 78
47 171 218 26
37 370 408 3
47 65 112 6
58 426 486 89
58 494 556 84
54 459 514 6
58 299 358 1
48 96 144 30
52 287 339 15
65 265 334 82
62 0 65 79
59 165 227 97
43 409 456 100
37 314 352 9
46 198 245 36
38 273 312 13
35 318 354 10
58 318 377 6
47 81 130 65
46 119 172 89
47 273 325 78