400
1 4 3 5
17 286 342 3
28 572 639 3
13 246 300 2
12 100 124 8
24 610 648 8
13 550 596 4
23 686 732 6
13 414 460 4
13 741 798 2
10 403 424 8
11 16 60 4
18 489 535 5
20 355 416 2
25 360 417 4
12 159 187 7
27 770 835 3
11 331 368 5
16 451 503 3
12 503 539 6
27 627 696 2
17 92 144 4
18 607 660 4
16 180 218 6
29 462 522 4
13 265 316 3
16 188 250 1
15 96 136 6
18 289 340 4
27 523 562 8
12 666 697 7
20 507 541 8
18 223 252 8
12 234 278 4
10 421 457 5
26 681 742 4
24 473 537 3
23 654 709 4
28 460 526 3
11 161 184 8
28 192 264 2
12 786 841 2
21 125 194 1
24 188 247 4
16 341 374 7
26 207 252 7
15 569 602 7
15 267 292 8
11 626 660 6
19 793 828 7
28 315 354 8
21 428 491 2
27 460 533 1
17 708 763 3
12 67 109 5
19 17 75 3
26 670 715 7
10 238 260 8
14 741 767 8
29 333 393 4
15 478 539 1
14 387 439 3
17 56 121 1
14 272 326 3
29 257 311 6
15 767 814 4
20 64 110 5
16 86 113 8
28 469 532 4
17 208 241 7
11 446 481 6
13 235 276 5
24 296 341 6
23 246 283 8
23 742 814 1
14 143 194 3
20 503 572 1
16 240 300 2
23 331 393 3
17 256 289 7
23 669 709 7
29 79 131 6
25 469 528 4
28 345 404 4
10 27 83 1
24 711 784 1
25 371 434 3
17 204 231 8
15 111 152 5
13 31 54 8
27 12 81 2
26 751 805 5
23 454 490 8
21 138 170 8
11 62 93 7
19 612 655 6
25 704 772 2
16 222 271 4
24 297 348 5
19 679 734 3
13 56 111 2
11 476 511 6
15 470 500 8
15 407 437 8
16 325 363 6
18 482 546 1
25 136 175 8
29 31 84 6
14 628 663 6
11 11 48 5
15 587 639 3
21 753 786 8
14 233 277 5
21 511 563 4
14 392 450 2
20 278 314 7
16 416 447 8
23 721 755 8
10 671 720 3
12 621 646 8
19 724 766 6
19 665 729 2
15 216 263 4
19 238 306 1
26 375 427 5
27 469 533 3
19 377 418 6
25 459 530 1
16 313 351 6
25 398 436 8
17 717 761 5
23 80 125 6
20 332 367 8
20 704 766 2
24 216 264 6
28 771 848 1
25 436 506 2
25 25 65 8
17 159 203 5
17 362 423 2
12 650 686 6
17 349 384 7
12 205 264 1
22 21 79 3
15 361 400 6
23 160 199 7
17 101 164 1
23 673 738 2
13 15 39 8
13 395 454 1
21 346 381 8
19 713 765 4
26 676 724 6
14 109 161 3
21 317 356 7
28 447 504 5
10 149 192 4
10 81 121 5
25 678 726 6
14 304 332 8
14 543 603 1
11 403 452 3
10 240 268 7
20 44 100 3
25 439 501 3
11 407 464 1
18 14 70 3
26 619 668 6
10 281 320 5
10 516 541 8
14 550 594 5
13 189 233 4
18 782 840 3
17 549 607 2
21 176 210 8
20 542 578 7
27 566 611 7
12 203 243 5
21 662 707 6
16 485 541 3
12 314 362 3
15 14 58 5
27 247 293 7
17 49 106 3
13 243 269 8
16 706 770 1
19 322 387 1
19 647 682 7
26 332 406 1
23 645 686 7
27 469 527 4
26 319 377 4
23 44 84 7
28 361 412 6
16 158 204 5
26 12 71 4
17 230 261 8
16 200 260 2
28 232 306 1
29 130 198 3
21 398 452 4
26 483 543 4
13 576 615 5
27 481 543 4
16 746 789 5
26 16 85 2
16 704 759 3
10 687 741 2
29 236 297 4
29 17 60 8
17 132 171 6
24 771 836 2
15 181 242 1
18 75 127 4
22 525 590 2
26 300 373 1
28 401 459 5
27 392 442 6
16 79 138 2
29 657 696 8
13 651 685 6
21 693 759 2
27 135 183 6
22 160 202 7
17 615 654 6
27 105 151 7
14 404 451 4
12 301 334 6
20 251 308 3
27 319 379 4
13 598 658 1
20 168 237 1
28 74 117 8
19 194 228 8
21 20 63 6
29 322 374 6
23 93 139 6
26 529 568 8
25 640 687 6
23 765 825 3
20 421 464 6
20 174 216 6
11 411 470 1
26 775 840 3
18 35 76 6
22 773 843 1
29 213 281 3
11 57 113 2
13 533 569 6
26 606 673 2
12 172 209 6
22 536 602 2
26 156 192 8
19 570 618 5
20 58 93 8
15 259 287 8
14 211 255 5
13 579 626 4
19 755 787 8
25 267 323 4
12 581 609 7
20 238 300 2
11 68 89 8
25 600 649 6
12 359 383 8
21 332 398 2
23 761 811 5
20 432 500 1
12 136 159 8
27 684 724 8
24 568 603 8
14 115 173 2
11 391 446 2
11 439 479 5
17 384 420 7
29 621 668 7
11 69 96 7
16 708 752 5
25 248 297 6
13 190 213 8
19 32 89 3
22 536 568 8
20 583 649 1
24 524 590 2
17 615 642 8
15 437 484 4
11 776 797 8
22 304 359 4
27 515 561 7
25 353 400 6
17 352 408 3
18 54 116 2
14 331 362 7
22 416 478 3
15 216 257 5
19 581 621 6
12 779 801 8
18 520 579 2
14 654 704 3
18 707 736 8
28 185 256 2
11 565 614 3
18 299 352 4
28 672 712 8
23 70 127 4
25 75 132 4
17 517 573 3
27 110 148 8
29 288 360 2
12 73 131 1
13 714 737 8
19 199 236 7
22 421 477 4
28 6 48 8
13 223 254 7
11 598 624 8
17 325 356 8
15 650 691 5
15 392 426 7
26 752 789 8
12 164 217 2
29 633 685 6
23 690 748 4
16 469 510 6
13 183 240 2
25 575 634 4
10 431 469 5
20 762 800 7
19 487 528 6
20 103 158 4
13 567 623 2
29 365 432 3
10 426 461 6
19 432 466 8
17 183 236 3
19 456 514 3
22 320 376 4
17 691 736 5
26 150 220 2
28 653 715 4
16 365 426 2
14 517 571 3
23 485 554 1
25 431 500 2
14 121 180 2
22 610 665 4
26 218 279 4
29 361 411 6
15 599 633 7
15 224 269 5
23 376 443 2
13 728 774 4
15 49 113 1
15 622 679 2
21 60 108 5
13 721 763 5
27 203 266 3
24 211 279 2
18 188 216 8
19 456 516 2
28 455 506 6
24 767 807 7
17 105 171 1
14 420 448 8
10 762 807 4
25 337 404 2
15 54 98 5
20 299 353 4
28 44 92 7
10 554 597 4
20 328 390 2
29 7 77 2
14 763 801 6
17 257 290 7
12 541 595 2
17 325 385 2
23 351 423 1
22 189 231 7
24 570 615 6
22 181 239 3
12 288 325 6
26 22 71 6
19 655 694 7
27 615 672 5
19 248 283 7
16 124 163 6
10 76 117 4
21 229 261 8
15 146 196 4
12 576 604 7
14 150 185 6
21 397 457 3
10 598 634 5
20 680 716 7
25 366 407 7
20 371 407 7
24 447 490 7
13 785 823 6
24 95 145 5
24 667 735 2
29 469 527 5