50
1 2 2 4
826 23651 28434 19
796 20240 26030 9
178 16364 17554 9
718 145 1326 24
883 7112 13366 10
377 22451 23853 14
826 2152 7848 5
897 8297 10099 1
919 16452 19561 21
465 1502 3466 11
982 26206 28930 18
206 18850 20151 1
434 13064 15543 18
719 20677 23088 6
142 16531 17079 3
816 10296 11786 15
782 12821 15448 12
518 14677 15831 3
525 5417 7177 9
179 27154 27565 13
424 24757 27311 14
785 17879 19720 1
769 4226 6490 14
231 22987 23757 13
720 22154 27369 17
942 11680 14259 24
314 11031 12443 14
381 18277 19670 22
532 19391 19966 8
960 12509 14788 4
508 15632 17484 14
986 2393 3388 11
838 23886 26740 21
475 11442 12531 24
252 21695 22868 18
363 3457 4128 1
805 9403 13470 4
772 7673 8983 15
288 19958 20637 4
722 4621 5402 11
595 25295 28777 19
191 16153 16877 20
848 3422 5923 23
171 12481 12898 19
362 15518 17234 16
875 4942 7179 11
347 752 1828 22
238 7561 8373 2
876 14571 15733 16
713 12685 14778 17