100
1 4 3 2
17 127 193 1
16 148 191 5
25 14 55 7
21 88 134 6
10 154 187 6
26 192 229 8
26 161 210 6
16 90 122 7
26 130 180 6
28 199 255 5
17 91 129 6
24 145 198 5
17 69 107 6
23 134 198 2
21 11 78 1
16 78 110 7
25 44 109 3
10 127 184 1
24 62 133 1
10 50 76 7
16 124 183 2
11 36 85 3
20 21 64 6
10 28 67 5
10 131 176 4
21 1 36 8
21 88 154 2
18 109 139 8
12 36 83 4
26 12 52 8
14 183 207 8
10 160 191 6
24 102 164 3
26 167 222 5
11 117 172 2
24 52 117 2
29 129 202 2
17 78 117 6
29 178 233 5
15 95 156 1
15 19 56 6
20 122 191 1
13 159 203 4
18 52 84 8
22 50 87 8
22 170 241 1
23 58 107 5
10 181 230 3
23 30 89 3
13 83 124 5
17 36 97 2
25 127 171 7
22 125 194 1
11 165 189 8
11 51 100 3
15 163 205 5
10 123 161 5
19 43 110 1
27 143 216 1
12 50 96 4
16 98 145 4
18 47 82 7
12 153 205 3
16 58 100 5
13 135 196 1
26 52 89 8
24 106 179 1
14 116 150 7
21 41 86 6
20 148 201 4
18 3 52 4
27 87 147 4
24 193 251 4
11 142 174 6
15 169 196 8
22 97 130 8
27 68 109 8
28 76 141 3
28 131 206 1
20 126 180 4
12 122 153 7
16 177 228 4
12 162 208 4
15 54 88 7
15 199 258 2
27 125 175 6
28 70 112 8
29 116 156 8
15 23 75 3
10 32 76 4
14 36 85 4
18 72 105 8
14 176 231 2
24 124 190 2
21 139 188 5
10 82 118 5
15 186 215 8
13 110 145 6
24 38 111 1
22 30 64 8