400
1 2 2 6
31 1 132 2
19 3 196 5
11 4 44 3
23 5 91 2
14 6 155 5
18 9 66 2
23 10 126 3
26 11 48 1
26 13 132 5
30 14 122 2
34 15 91 4
20 19 202 3
22 21 125 3
28 25 79 2
15 26 212 6
16 27 78 4
19 28 69 2
15 30 189 4
14 31 111 2
10 32 44 1
13 33 111 4
11 34 54 2
24 38 99 1
12 42 219 6
23 44 88 3
20 46 242 6
8 51 62 1
17 58 88 1
20 60 165 5
18 61 212 3
26 65 214 5
16 66 182 3
20 67 156 4
21 72 101 2
26 75 166 4
29 81 199 3
13 82 162 2
18 83 185 4
25 84 197 4
20 86 272 5
19 87 196 4
41 92 199 3
22 93 288 4
28 94 216 3
19 95 201 3
10 97 211 3
16 98 138 2
31 101 192 3
22 103 207 2
26 105 311 4
14 109 156 4
19 110 154 4
16 120 219 2
11 121 262 5
23 123 246 2
18 124 223 4
14 125 165 1
32 129 205 3
18 130 220 4
21 131 204 3
21 134 272 4
21 135 195 2
39 137 328 4
27 138 226 3
32 139 250 2
28 141 316 6
35 142 316 4
24 144 262 3
23 147 276 3
17 150 173 1
9 153 222 3
26 155 233 2
16 158 197 1
10 159 268 2
11 161 227 3
24 164 245 3
9 165 195 1
37 166 352 6
22 167 289 4
14 170 278 5
25 171 240 3
32 174 325 5
22 179 322 5
23 181 299 4
24 182 326 3
22 183 290 4
31 185 314 4
11 186 284 4
21 187 321 3
45 191 289 3
14 194 356 5
10 195 245 4
10 196 260 3
21 200 254 2
30 201 258 2
26 204 334 5
9 206 362 5
23 209 273 3
23 210 328 4
16 211 342 5
16 213 255 3
29 219 294 1
23 223 371 6
16 224 400 4
26 227 383 4
19 228 334 5
7 229 336 4
8 230 272 3
29 231 291 4
6 232 328 4
32 233 367 5
33 234 387 4
17 235 336 3
22 236 386 4
10 239 354 4
24 240 344 5
28 241 433 6
9 243 388 4
26 246 432 4
10 247 319 2
16 248 405 4
26 249 331 3
11 251 376 4
12 254 368 3
30 255 432 5
14 256 440 6
20 258 447 5
6 262 339 2
36 264 414 3
13 266 419 5
9 268 370 4
7 269 341 3
10 270 419 4
35 271 471 3
23 272 412 5
11 274 322 4
15 279 297 2
32 282 406 3
27 283 319 2
17 284 333 4
13 285 475 5
36 288 395 3
19 289 483 3
17 292 378 3
9 293 420 4
13 297 424 3
16 298 326 1
18 299 453 4
24 300 453 5
16 301 406 3
26 302 503 5
30 303 414 4
35 304 505 4
12 308 500 6
11 309 363 2
16 310 363 4
14 313 377 4
22 314 383 4
15 317 433 4
7 320 337 3
26 325 380 3
14 326 482 5
34 329 489 5
30 330 469 3
27 333 401 2
19 335 456 2
31 336 524 5
9 337 497 5
20 339 434 3
28 340 445 2
34 341 388 1
16 342 435 5
10 344 360 2
22 347 535 3
17 349 473 3
16 351 444 4
21 353 549 5
17 354 534 5
17 355 498 3
22 357 436 3
36 358 394 3
13 359 503 4
8 361 544 4
27 363 456 4
16 367 510 3
8 369 379 2
24 371 500 3
13 372 406 3
9 374 444 4
26 380 562 5
25 384 412 2
16 386 571 6
18 387 478 5
16 389 582 4
20 391 508 4
17 392 441 4
23 393 519 4
1 394 491 2
17 395 447 3
20 399 443 3
19 402 588 6
30 404 497 4
11 405 475 4
17 406 562 3
22 408 602 6
26 409 560 5
29 410 501 2
16 411 561 5
22 412 455 2
17 413 564 4
5 415 550 5
18 418 447 1
10 419 605 6
4 420 435 2
9 422 455 2
15 423 442 3
21 424 617 4
13 425 501 3
33 426 629 6
14 428 484 3
29 431 475 3
27 433 607 5
19 434 629 4
22 435 490 4
9 437 588 5
19 438 546 4
23 439 571 3
21 443 553 4
30 445 561 3
23 450 559 3
20 451 496 3
18 452 561 3
18 453 562 4
31 455 645 4
24 458 552 4
15 460 576 3
30 464 617 3
20 467 571 2
16 468 500 2
25 470 523 3
19 471 641 5
22 472 632 3
15 474 532 2
20 475 520 4
31 476 681 4
7 481 636 5
10 482 569 3
12 485 573 2
16 486 528 4
1 490 504 3
31 491 668 6
14 492 602 5
1 493 517 2
30 495 533 2
7 498 528 3
29 499 560 3
24 501 660 3
29 503 590 2
21 506 609 2
33 508 699 5
20 511 586 4
28 513 583 3
19 515 683 5
22 516 588 4
25 522 705 6
4 526 629 5
10 527 603 4
28 528 707 4
19 529 678 4
16 530 720 6
12 531 575 2
32 533 600 3
24 534 733 4
20 535 589 3
25 537 652 4
7 539 684 5
24 540 684 4
20 541 637 4
20 543 568 3
19 548 671 5
26 549 591 3
22 550 718 4
18 559 594 1
23 564 758 6
29 566 704 3
19 568 607 4
7 571 749 6
13 572 736 3
31 575 637 3
17 576 637 2
20 580 718 4
20 584 627 3
22 585 640 1
30 586 748 4
34 589 706 5
11 590 709 3
24 591 746 4
26 594 777 5
17 595 752 6
29 596 764 4
19 598 690 3
12 600 755 5
30 601 635 3
17 602 633 3
32 606 793 5
1 607 611 2
22 608 740 4
11 609 635 4
13 610 769 4
1 611 728 5
10 616 650 2
31 623 834 4
28 627 694 2
20 628 795 4
26 630 743 4
13 631 723 4
15 634 730 5
21 637 761 4
15 638 732 2
29 641 761 3
8 645 775 3
9 647 795 4
14 649 683 2
18 652 780 4
13 653 712 2
40 656 696 2
20 658 793 3
26 659 771 2
11 660 761 3
4 663 692 1
22 664 690 2
20 665 794 5
26 668 763 4
22 671 850 5
24 673 832 5
23 674 868 5
1 675 836 5
22 677 868 4
18 678 746 4
25 680 856 4
28 681 848 4
24 682 780 3
11 683 709 1
18 685 758 4
17 686 703 3
11 689 851 5
17 690 793 4
17 691 866 3
21 692 761 3
34 697 830 3
30 699 798 2
7 700 743 1
26 702 851 4
14 704 767 2
16 705 891 3
44 707 923 4
21 708 743 3
14 710 894 3
16 715 776 2
25 717 798 2
18 719 803 2
17 721 888 4
10 723 785 2
24 725 859 3
22 728 777 2
16 734 816 5
22 736 835 4
21 737 871 3
8 739 906 5
23 741 907 5
15 743 894 6
30 744 838 4
25 745 838 2
16 748 863 5
24 750 891 3
29 751 959 5
19 753 803 3
9 759 909 4
16 761 912 5
21 762 806 3
29 763 909 5
9 765 818 2
26 767 908 3
4 772 808 3
15 774 878 3
27 775 808 3
17 778 971 5
25 779 844 4
32 780 854 3
20 783 880 4
14 784 800 1
34 785 871 2
11 788 883 3
29 790 873 4
9 792 952 5
10 793 898 5
18 794 905 3
11 795 942 3
25 796 980 4
37 797 996 5
