150
1 3 1 1
419 804 2625 21
834 15217 16446 2
641 17345 19110 14
877 4892 10062 8
779 17325 19142 19
303 24623 26130 2
997 40676 43107 1
801 75321 76985 11
296 51402 51922 21
865 51319 53357 12
785 52683 54369 1
388 57851 58784 9
978 41748 47866 8
261 76959 78591 15
212 12183 12850 3
501 43993 45579 19
487 83620 85073 24
679 10474 13260 3
753 64940 67277 9
412 9104 10688 2
272 53330 54950 15
658 2561 3602 12
275 36842 37750 4
928 42393 44061 24
771 47991 50874 15
686 70524 72757 9
553 77615 79021 11
211 30421 31243 15
120 64186 64958 19
524 2840 4738 11
721 71022 73283 5
912 70700 72819 12
640 72655 74969 5
993 26317 28238 11
631 27003 28385 20
405 1101 1638 24
535 33590 35599 13
455 18544 19645 5
557 35926 38044 20
635 30036 31784 20
132 8092 8498 10
185 21861 22319 11
776 14149 16443 22
747 27505 28413 5
849 61723 64290 7
927 42843 45383 22
812 40065 42800 3
523 22583 23213 3
599 77767 79699 16
585 31665 33567 13
530 4753 6637 23
823 56478 58622 3
454 42647 43747 3
798 4562 7565 18
141 21165 21396 20
134 21580 21801 13
761 10283 12622 12
740 49940 52235 20
692 61862 63440 22
957 43232 45187 1
432 18232 19516 5
671 12917 15241 10
203 1563 2156 8
376 16053 18348 11
456 39840 40781 19
886 52934 54038 21
230 17287 18488 13
967 40648 43301 1
728 20917 22011 7
591 47429 49568 12
545 48523 50597 15
950 35506 38127 7
289 14372 14931 2
319 37697 38848 11
787 73057 73950 16
888 57466 59738 15
730 15553 16640 22
741 9467 12420 22
967 40687 42133 24
460 15752 18163 15
562 17432 19510 11
894 27463 34601 23
296 28397 28752 9
851 55319 58199 19
364 77945 78656 15
337 68901 69516 12
977 40645 43152 20
781 53232 59036 22
399 23985 24919 6
522 61386 62663 23
139 51316 51609 11
203 83351 84800 7
526 45823 46671 22
294 52016 52674 3
426 6662 7328 13
337 71420 72580 14
550 8272 12427 15
459 43217 44555 2
460 99 973 7
903 10907 12429 9
547 52216 56099 3
647 13102 15387 6
112 83257 83591 2
804 17615 20020 2
263 18981 19766 16
313 41777 42330 18
225 82560 83390 4
981 27235 29974 6
242 74907 75284 16
670 63651 64988 3
825 47683 49174 23
341 10702 11843 21
253 36335 38068 7
874 52460 57396 24
943 12658 14516 4
383 33822 36566 15
881 11824 15032 15
962 14629 21364 16
449 76558 77249 11
560 40687 42308 3
653 41128 42926 6
531 29091 30347 24
413 34279 36333 6
298 28558 29605 9
231 13064 13844 16
802 11995 12961 2
428 78783 80096 10
294 28668 30344 21
142 38739 39383 1
227 27720 28140 7
793 54099 55865 5
976 4277 7498 20
944 67506 70944 22
291 69389 69831 19
450 58467 59661 4
902 72580 75223 7
264 38139 39403 20
384 15805 17020 21
257 54729 55536 15
460 48783 50505 9
441 46440 47796 19
875 57738 60065 18
315 61815 62511 2
169 5293 6398 3
714 71457 72488 24
296 31204 33406 9
368 11067 12129 12
763 53802 56649 12
149 59370 59949 19
462 24229 25374 19