450
1 2 5 3
55 184 239 42
63 1034 1101 67
51 287 340 72
49 222 271 29
42 637 679 16
72 12 86 81
62 1075 1140 63
52 408 461 9
46 1041 1087 26
53 470 524 36
33 1015 1052 65
53 991 1045 8
54 453 510 60
44 1004 1049 9
49 938 989 76
42 320 366 91
44 566 611 36
49 406 456 17
50 857 910 63
62 740 804 61
49 428 480 62
36 924 963 78
37 217 256 91
64 636 705 69
39 37 78 78
45 816 863 95
55 995 1052 97
50 263 314 21
55 259 318 61
45 168 214 14
56 762 821 92
30 961 992 34
65 616 682 22
42 775 817 28
75 695 772 79
37 1037 1075 39
45 421 467 47
51 1087 1138 34
54 546 605 67
46 213 259 6
47 200 248 3
33 657 694 82
47 246 293 25
45 1036 1081 37
48 81 131 57
40 741 783 62
59 52 112 47
47 328 377 82
63 163 229 95
44 73 121 53
45 315 361 25
44 996 1043 92
45 987 1035 61
46 176 225 53
56 926 983 21
46 157 203 39
49 1095 1145 31
45 872 918 1
48 444 493 46
41 944 986 24
52 805 858 7
56 397 453 27
46 41 88 39
56 994 1052 68
64 555 619 47
71 407 482 60
42 963 1005 12
39 694 736 92
48 533 583 98
51 694 747 91
37 61 98 1
42 1015 1057 21
37 201 240 65
71 580 653 73
38 728 768 93
55 461 519 90
74 456 540 83
56 764 824 79
27 363 393 54
58 942 1005 87
49 547 600 93
50 43 94 12
66 788 855 24
50 550 602 73
37 665 703 50
37 39 76 25
58 1017 1078 75
62 500 562 16
47 1082 1130 22
46 1087 1134 25
34 354 392 54
47 753 807 76
54 130 184 48
44 65 110 40
48 1030 1078 20
74 995 1070 4
65 310 375 2
42 580 622 11
54 293 349 75
51 725 781 96
28 77 108 74
61 744 808 55
54 238 292 5
51 417 470 71
57 502 560 31
53 949 1011 69
60 645 706 36
41 140 182 7
57 74 131 1
39 937 977 34
29 1073 1105 96
55 667 725 99
55 66 121 32
60 81 142 27
36 346 383 2
28 187 216 35
48 0 48 35
48 886 939 52
53 528 583 76
40 741 786 89
52 450 503 29
40 503 545 83
52 346 401 95
38 162 200 28
47 145 195 83
57 96 154 12
65 766 831 42
52 209 264 68
58 1058 1118 91
49 378 429 84
47 903 953 71
42 442 486 94
71 556 628 37
46 285 333 85
40 853 897 73
47 184 231 46
49 286 335 6
31 137 169 17
44 543 597 64
27 91 119 25
38 397 436 23
53 311 366 82
34 602 643 79
56 147 206 58
47 310 357 34
55 133 191 72
47 209 262 94
52 496 550 51
60 490 550 4
51 107 160 88
50 465 517 57
44 318 363 37
51 410 461 34
58 97 157 66
51 225 277 39
44 767 812 29
43 506 550 34
48 1031 1080 22
42 1076 1119 30
55 1105 1164 74
37 534 571 28
39 530 571 95
52 663 717 77
66 291 361 94
41 392 433 21
65 980 1051 59
52 681 734 48
53 154 208 16
52 919 972 24
58 466 526 89
50 679 729 17
46 544 593 90
36 700 739 99
50 85 136 30
24 880 904 20
45 896 941 37
57 309 366 7
52 359 413 86
38 178 216 24
52 1053 1109 100
53 278 331 18
56 858 916 66
59 226 286 32
49 999 1049 16
44 99 145 80
59 1097 1158 92
40 505 549 81
55 466 522 2
43 683 727 34
46 446 495 72
44 58 106 62
59 231 293 91
42 427 470 34
46 436 485 83
46 707 754 34
50 375 425 3
38 245 284 23
71 1059 1131 25
37 187 225 44
49 203 252 13
39 544 584 18
59 891 950 2
60 388 448 11
48 912 965 51
41 514 560 74
77 462 540 48
49 327 377 28
60 362 424 79
49 634 683 7
46 360 407 17
37 154 193 99
53 146 200 40
47 25 76 71
62 513 576 43
44 803 849 87
48 947 995 20
35 508 547 90
58 618 678 84
43 266 313 67
47 1089 1136 37
44 821 866 45
74 748 825 99
43 426 469 21
52 1020 1072 12
56 474 530 28
62 551 615 54
50 1 53 84
34 967 1002 5
60 475 537 82
46 97 146 57
39 434 476 60
55 254 309 26
46 475 522 3
49 449 502 64
45 390 435 25
42 55 100 84
59 562 624 94
45 395 442 71
39 644 687 57
38 939 977 33
55 448 504 21
46 326 376 61
44 1102 1152 76
53 744 799 52
48 870 918 3
63 306 372 74
39 984 1024 35
50 158 210 82
43 598 643 98
43 156 200 8
33 514 549 61
26 533 562 61
81 294 376 48
46 1035 1082 49
34 390 425 22
39 868 909 57
44 0 44 18
64 944 1009 17
72 531 604 49
58 45 104 41
41 926 969 82
45 319 365 12
56 573 633 95
44 1089 1134 31
53 995 1049 28
60 684 745 4
43 321 365 26
48 785 834 2
48 940 991 63
68 668 740 93
58 554 612 17
44 248 296 94
52 934 986 23
58 1089 1149 83
57 128 186 19
46 1093 1141 85
58 795 853 43
40 919 962 88
30 22 55 51
49 386 439 88
58 839 899 60
52 194 251 58
49 333 383 39
56 467 525 84
48 1101 1154 80
44 557 604 52
62 1074 1136 43
40 749 791 81
32 745 782 63
37 998 1036 26
38 712 753 54
47 168 216 39
55 105 162 72
49 201 254 62
35 344 380 4
56 795 852 33
79 858 937 13
69 812 882 16
54 141 196 45
54 113 168 50
48 748 800 63
43 1042 1085 6
48 383 437 74
54 523 577 43
23 174 197 36
48 573 621 30
43 999 1044 73
54 430 487 74
55 551 608 56
55 1037 1095 92
50 425 477 58
59 219 279 13
51 652 715 79
33 791 825 35
52 1096 1148 1
52 17 71 85
48 368 417 35
37 687 724 37
62 622 685 36
43 786 830 8
30 1050 1082 68
65 27 99 80
56 433 490 9
48 121 170 38
38 200 241 60
55 428 485 68
46 1005 1054 57
39 953 997 90
44 537 582 43
52 408 460 6
52 670 726 96
72 665 740 84
47 533 585 93
57 75 132 6
50 458 510 64
52 565 620 94
54 605 661 77
49 19 69 43
65 514 582 73
52 243 295 23
49 1007 1058 86
44 869 913 5
29 653 682 21
43 923 967 39
63 851 914 31
43 975 1023 68
40 1026 1067 11
48 480 528 32
52 590 643 2
68 499 567 16
57 764 822 6
47 620 668 1
46 529 576 20
52 380 432 25
40 726 767 40
52 715 768 28
50 124 176 91
52 958 1020 77
61 772 834 24
70 632 703 29
46 254 301 35
49 419 469 43
63 390 458 91
40 109 151 61
39 139 179 20
34 758 792 3
26 212 240 95
55 248 303 6
39 767 812 85
65 147 213 28
47 173 220 9
66 913 983 74
44 450 494 20
50 272 323 38
47 256 308 53
42 54 97 24
61 1076 1137 46
42 410 452 20
45 57 103 12
45 1074 1120 3
56 1098 1155 48
50 685 735 3
64 782 847 10
44 765 810 20
40 525 567 87
41 1028 1071 83
67 401 472 65
38 651 690 13
49 1104 1153 13
46 288 337 100
46 374 421 34
53 979 1032 7
49 903 960 98
63 67 132 84
47 871 924 76
53 296 350 36
39 820 862 98
55 1107 1162 7
48 425 474 49
41 306 350 89
32 0 35 60
54 917 975 80
52 573 629 65
53 826 880 21
61 268 330 45
43 151 194 47
31 129 162 57
69 1067 1137 12
60 653 716 58
72 1074 1147 40
55 96 151 5
50 893 944 4
59 1042 1103 70
41 556 597 39
33 225 258 25
51 191 242 18
56 1100 1156 2
48 481 533 61
58 186 248 80
42 657 701 94
55 317 374 70
37 20 60 70
35 201 239 51
50 629 685 86
45 273 319 20
37 859 897 29
48 1092 1140 30
59 736 798 86
44 876 922 98
39 772 815 83
42 0 43 17
38 243 287 99
67 255 323 2
61 6 68 50
34 264 299 3
41 223 273 52
59 79 141 55
64 833 897 16
58 631 691 56
43 573 617 46
54 99 157 76
55 518 578 70
43 974 1019 78
49 532 585 54
61 697 764 81
43 581 627 61
42 374 416 46
43 945 988 19
58 686 747 77
56 579 637 69