350
1 2 3 5
25 563 625 3
22 388 421 8
27 369 412 7
16 285 336 4
13 225 282 2
26 618 692 1
17 219 275 3
24 100 172 1
26 393 430 8
26 50 104 5
22 690 723 8
27 425 467 8
12 332 368 6
28 224 282 5
23 124 193 1
29 98 174 1
17 260 321 2
13 265 322 2
23 48 93 6
15 403 441 6
14 372 431 2
24 224 296 1
19 383 430 5
13 470 510 5
26 554 594 8
24 58 115 4
19 32 84 4
20 139 185 5
27 602 674 2
25 697 761 3
21 255 312 3
26 276 343 2
15 264 320 2
14 102 148 4
15 258 295 6
15 411 450 6
29 182 239 5
12 313 363 3
12 386 428 5
21 369 407 7
27 582 644 4
13 36 93 2
16 273 304 8
26 606 659 5
25 128 189 3
12 385 438 2
16 274 336 1
24 301 351 5
14 198 231 7
10 350 387 5
20 116 170 4
20 363 426 2
15 77 140 1
18 367 424 3
29 460 519 5
13 4 63 1
29 500 552 6
16 333 385 3
27 296 343 7
20 370 408 7
19 595 653 3
19 309 353 6
24 234 274 7
17 51 82 8
14 39 100 1
24 320 376 4
13 385 437 3
28 367 412 7
11 382 412 7
15 147 174 8
29 565 642 1
27 133 205 2
18 632 674 6
29 341 389 7
12 421 462 5
26 123 178 5
11 492 549 1
14 296 350 3
21 115 154 7
19 24 81 3
19 666 696 8
29 291 343 6
19 216 277 2
27 634 709 1
20 616 680 2
13 111 149 6
22 574 634 3
27 444 517 1
18 568 609 6
10 425 464 5
14 512 551 6
11 502 538 6
25 278 348 2
15 19 62 5
24 219 278 4
19 407 442 7
19 54 111 3
12 49 98 3
20 543 597 4
22 517 582 2
18 592 634 6
12 335 388 2
27 683 735 6
29 684 745 4
21 119 189 1
26 539 613 1
22 651 712 3
20 578 617 7
10 575 612 5
23 360 414 4
17 367 422 3
29 265 335 2
27 223 263 8
24 100 146 6
10 305 361 1
24 406 477 1
28 634 705 2
24 228 292 3
27 468 527 4
19 492 554 2
23 632 665 8
26 167 240 1
12 475 499 8
11 136 173 5
24 608 677 2
12 604 663 1
15 562 599 6
12 159 208 3
28 477 546 2
11 53 96 4
14 407 447 5
24 298 334 8
29 456 525 3
10 663 695 6
16 73 116 5
23 67 106 7
16 595 626 8
12 299 330 7
16 569 631 1
19 394 437 6
22 127 161 8
12 237 297 1
15 386 447 1
20 464 507 6
20 372 415 6
22 354 408 4
18 473 515 6
25 197 257 4
25 354 422 2
24 349 418 2
11 253 307 2
22 228 265 8
19 596 661 1
29 611 681 2
23 485 524 7
19 339 393 4
12 602 657 2
19 497 529 8
24 266 330 3
13 481 515 6
27 181 237 5
16 186 229 5
21 129 182 4
14 457 496 6
21 223 256 8
15 569 627 2
16 648 677 8
12 674 719 4
13 456 513 2
21 313 344 8
15 368 415 4
22 281 347 2
12 328 359 7
25 120 175 5
29 265 338 2
14 673 734 1
25 508 568 4
22 471 503 8
17 147 194 5
16 324 379 3
13 516 572 2
29 661 723 4
27 124 194 2
23 536 599 3
12 406 432 8
21 569 635 2
27 277 334 5
25 229 281 5
12 674 720 4
17 186 217 8
19 247 280 8
11 205 231 8
20 688 729 6
28 519 587 3
19 248 291 6
15 277 314 6
17 270 322 4
29 458 521 4
10 191 212 8
27 456 531 1
11 340 380 5
22 310 351 7
15 441 480 6
15 460 515 3
22 200 255 4
23 475 520 6
18 621 662 6
20 508 547 7
18 357 390 8
18 2 49 5
19 584 638 4
15 435 486 3
22 172 217 6
18 576 622 5
27 130 168 8
25 327 378 5
18 670 737 1
28 671 720 6
12 608 638 7
28 283 326 8
13 576 613 6
19 234 276 6
19 200 265 1
10 136 169 6
16 625 678 3
24 307 353 6
28 201 253 6
18 426 471 5
14 593 656 1
27 357 416 4
25 189 224 8
11 235 288 2
28 522 593 2
27 102 172 2
10 88 115 7
20 328 370 6
16 151 209 2
22 323 362 7
19 533 576 6
24 498 555 4
25 373 412 8
19 84 129 5
22 16 60 6
21 674 720 6
12 677 737 1
23 224 265 7
12 373 414 5
14 623 661 6
25 365 427 3
19 279 344 1
13 326 358 7
21 308 374 2
10 243 273 7
20 409 453 6
22 630 699 1
21 89 159 1
15 210 251 5
12 129 167 5
18 585 631 5
22 296 335 7
28 671 722 6
16 426 480 3
12 314 353 5
24 495 546 5
17 662 710 4
29 48 107 5
24 597 644 6
19 644 710 1
25 492 548 4
26 198 264 3
14 329 357 8
18 282 325 6
27 424 472 6
10 115 141 7
13 206 233 8
17 614 655 6
18 480 532 4
21 569 601 8
21 583 626 6
14 315 342 8
14 0 31 7
22 303 372 1
17 31 60 8
10 255 290 6
25 403 475 1
28 504 567 4
14 390 450 1
25 145 192 6
12 579 631 3
18 370 435 1
27 470 508 8
24 510 569 4
17 458 495 7
29 365 418 6
11 207 262 2
22 48 84 8
13 470 522 3
26 382 452 2
15 537 582 5
27 350 415 3
10 609 643 6
18 280 342 2
19 66 124 3
29 438 511 2
11 420 464 4
25 444 493 6
27 287 357 2
14 398 434 6
29 343 402 5
25 258 298 8
11 299 357 1
17 428 481 3
17 467 524 3
17 472 529 3
20 163 204 6
29 243 297 6
12 211 239 7
15 249 274 8
11 270 330 1
26 330 377 6
15 302 353 3
26 265 337 1
19 434 482 5
17 350 395 5
27 152 190 8
28 487 541 5
15 637 693 2
22 422 464 7
29 278 336 5
15 432 465 7
18 319 385 1
25 602 651 6
19 457 488 8
19 307 354 5
20 198 252 4
10 466 497 6
16 345 392 4
16 55 120 1
13 210 260 3
11 81 127 4
11 127 161 6
17 249 283 7
26 336 384 6
27 195 247 6
23 172 211 7
23 495 539 6
19 393 440 5
22 627 680 4
15 669 694 8
20 395 457 2