100
1 5 3 2
21 0 126 3
9 1 122 4
17 2 70 4
27 3 188 3
3 5 156 5
23 6 165 4
18 8 159 3
25 13 119 3
20 14 84 3
11 19 131 5
14 20 189 4
19 22 57 4
28 23 177 3
28 26 157 5
19 27 148 3
23 32 85 2
1 33 136 2
29 34 216 4
14 35 114 3
21 36 231 6
5 37 91 3
23 38 135 3
2 40 211 5
22 43 229 4
22 44 103 3
20 45 171 3
6 49 73 3
23 50 227 4
25 52 253 5
12 55 245 6
25 56 153 3
8 57 166 3
8 60 168 2
25 61 112 3
21 64 90 2
27 65 95 2
7 66 165 3
12 67 175 4
13 69 93 2
17 71 237 4
20 72 242 3
35 80 116 2
18 81 207 5
20 83 191 3
11 89 101 3
28 90 296 6
23 94 192 2
22 98 276 6
19 102 276 5
19 103 195 3
15 104 209 4
21 105 152 2
22 106 247 5
20 107 264 4
22 108 254 3
22 110 207 3
18 111 220 3
28 112 312 5
23 114 159 1
18 115 191 2
20 116 193 4
24 118 221 3
25 122 178 4
23 124 184 4
11 128 210 2
16 130 246 3
19 131 185 2
14 132 309 4
15 134 163 4
14 135 289 5
29 138 282 5
11 140 206 4
15 141 177 2
25 142 328 4
23 144 230 3
3 146 165 2
7 149 228 3
27 150 357 5
31 152 312 6
18 153 308 5
6 154 280 5
13 155 191 3
18 156 288 3
13 157 244 4
27 159 349 4
23 162 310 5
7 164 286 5
16 165 231 4
37 166 380 4
15 167 273 5
1 170 269 3
31 171 367 6
24 172 340 4
14 173 315 6
14 177 359 5
31 180 221 3
18 181 297 5
11 182 367 5
24 183 330 4
20 184 245 2
