350
1 2 2 6
20 3 90 2
24 4 154 3
35 7 121 5
26 8 182 6
26 10 175 5
23 12 87 3
15 17 39 2
10 18 97 4
22 20 219 5
19 23 72 1
23 24 107 3
16 25 72 3
25 29 158 4
29 31 126 4
22 33 229 4
15 34 215 5
16 37 135 4
24 39 190 3
27 41 141 3
21 42 234 6
22 43 128 4
17 46 109 2
14 51 173 3
14 57 165 3
32 58 128 3
35 61 232 4
24 63 262 5
23 67 198 5
19 70 115 1
25 74 203 5
26 75 197 4
14 76 128 2
21 79 155 4
12 83 210 4
26 87 215 3
21 90 252 4
23 92 163 4
23 93 271 6
19 94 246 3
14 95 149 2
28 97 154 3
1 98 208 5
19 101 154 2
18 102 184 3
11 103 251 3
15 107 209 3
19 109 235 3
34 110 209 2
17 112 295 6
24 114 158 2
10 115 189 2
17 119 145 3
22 120 146 2
22 127 260 5
9 128 237 2
20 132 245 2
13 133 246 5
17 134 283 4
11 136 212 4
22 137 282 4
25 138 202 3
18 139 173 2
21 142 325 4
16 144 327 4
22 147 182 3
23 154 339 4
25 155 222 4
17 156 293 5
30 157 225 4
31 159 268 2
21 160 277 4
7 163 179 2
23 164 279 3
15 165 184 1
22 167 192 3
20 169 357 4
1 171 309 4
11 173 316 5
18 174 248 4
35 176 283 3
11 177 218 2
18 180 305 3
29 181 330 5
34 183 275 4
16 184 211 1
18 185 218 3
30 190 257 2
16 199 334 5
18 200 246 1
21 201 240 2
6 202 360 5
7 203 365 4
12 204 217 3
9 205 392 4
22 206 278 2
19 207 356 5
29 209 301 4
19 211 384 4
29 213 262 1
25 215 394 5
31 216 376 4
33 220 359 3
19 222 303 3
8 226 361 5
11 229 358 3
32 231 430 6
24 234 327 3
23 235 305 3
29 237 399 6
25 238 393 6
1 239 371 3
32 240 325 2
22 241 421 5
20 242 281 1
19 243 302 2
4 244 275 3
19 255 327 4
25 256 424 3
24 261 411 5
23 263 287 1
17 265 448 5
2 266 333 4
14 267 311 3
22 269 343 2
13 270 314 1
23 272 374 5
20 273 436 3
16 274 326 4
25 275 351 2
13 281 390 5
17 282 412 3
15 285 430 3
8 290 374 4
18 294 444 3
9 296 413 5
37 297 350 3
35 299 383 1
16 300 354 2
27 307 374 4
22 309 448 4
18 312 427 4
6 313 403 5
30 314 439 4
20 319 433 5
42 321 379 3
12 327 366 3
17 329 374 3
18 330 461 4
10 334 393 1
26 335 456 3
19 336 373 2
26 338 398 1
18 339 471 5
29 340 374 2
24 343 398 2
28 344 384 1
23 345 451 3
13 346 500 5
20 347 367 2
14 348 530 4
36 351 556 4
26 353 479 5
9 354 410 3
36 355 560 3
17 357 417 2
9 358 526 6
28 359 525 3
39 361 562 5
17 362 520 4
23 364 504 5
31 365 567 5
21 369 529 5
37 371 482 2
22 372 497 3
26 376 425 2
25 377 540 4
24 378 517 5
12 383 456 3
27 384 481 3
33 385 570 5
35 386 460 2
16 387 476 3
7 390 502 4
8 391 478 3
31 392 585 6
19 393 584 6
33 395 453 2
17 396 510 5
12 397 448 2
13 400 430 4
24 401 501 4
19 403 547 3
8 404 446 2
12 405 547 6
2 407 499 2
15 410 544 4
14 412 563 5
2 413 530 4
7 414 514 4
18 417 536 4
16 419 497 3
22 421 516 2
10 423 545 3
18 424 469 3
1 426 473 3
14 427 567 4
6 429 518 3
20 430 575 4
27 431 582 4
24 432 596 4
8 435 530 3
21 438 538 2
36 440 645 6
22 442 606 5
28 443 525 2
3 445 490 2
11 446 462 1
20 449 562 3
15 450 507 3
21 451 640 6
25 452 552 4
10 454 612 4
26 460 608 4
28 462 603 3
19 463 528 2
10 464 504 2
17 466 535 3
15 469 549 3
18 470 617 5
16 472 531 2
4 474 482 2
3 476 562 5
31 477 546 2
25 479 671 4
16 480 543 2
30 482 660 4
22 484 538 3
22 487 523 2
18 489 579 2
36 491 600 2
19 492 548 3
8 494 507 2
12 495 643 5
1 496 604 5
22 499 593 5
19 510 550 3
16 512 621 5
25 513 539 2
11 514 598 3
18 516 545 3
28 520 655 4
12 530 576 4
19 531 700 6
15 533 656 3
18 535 724 5
27 539 567 1
31 546 667 3
32 547 655 3
31 548 595 1
6 552 666 2
26 556 638 2
4 557 630 4
25 558 692 5
26 559 673 4
19 560 607 3
13 561 575 3
34 563 666 4
16 564 594 3
13 566 585 2
16 568 722 3
10 574 704 4
36 576 757 4
26 579 616 3
24 581 636 2
30 582 668 3
24 583 765 4
35 584 700 2
7 588 640 2
15 589 746 4
15 590 741 5
24 591 768 4
19 594 777 6
13 595 651 3
14 598 655 2
26 599 722 2
31 601 678 4
15 605 674 3
27 607 666 4
25 611 744 4
7 612 762 5
8 615 737 3
18 617 809 4
14 619 728 3
23 620 704 2
25 621 817 4
21 622 725 4
20 624 723 4
21 627 799 4
17 631 800 3
20 633 740 3
20 636 804 6
21 637 721 4
17 638 656 1
28 640 703 3
26 646 720 3
20 647 752 3
20 648 826 5
12 650 840 4
30 652 846 5
12 653 843 5
24 654 724 3
21 657 754 3
17 658 688 1
25 659 841 3
24 661 728 3
7 663 770 4
16 664 717 3
16 666 720 2
28 668 703 1
27 669 713 2
10 672 823 3
23 673 864 5
12 674 865 5
28 675 777 4
25 676 797 4
33 678 809 3
24 684 758 1
19 686 761 2
16 687 705 1
25 691 784 2
10 692 848 6
26 693 826 5
12 694 847 4
20 695 837 4
20 696 878 6
18 700 835 3
12 705 766 3
24 707 864 3
8 710 836 5
12 713 741 2
14 716 747 2
20 717 777 2
32 720 793 4
10 721 737 2
21 722 778 2
12 724 796 3
8 725 751 1
7 726 770 4
9 729 812 4
19 730 825 4
