450
1 3 3 5
12 125 161 6
10 622 681 1
16 576 635 2
21 242 301 3
17 695 743 4
24 789 827 8
29 476 550 2
18 527 580 4
10 570 593 8
13 163 219 2
24 94 146 5
16 230 292 1
18 178 227 4
14 114 140 8
27 388 462 1
10 68 92 8
20 313 361 5
24 206 268 3
22 48 106 3
28 524 580 5
23 662 695 8
10 187 234 3
10 557 597 5
26 76 147 2
10 762 816 2
26 472 542 2
21 343 410 1
23 470 540 1
29 131 201 2
19 413 458 5
19 719 760 6
23 855 917 3
29 300 348 7
14 761 819 2
13 298 358 1
23 236 275 7
25 331 378 6
27 869 906 8
12 277 311 6
28 445 491 7
17 410 437 8
16 354 396 5
16 748 804 3
27 639 684 7
20 42 79 7
11 131 161 7
18 180 226 5
20 450 506 3
29 710 770 4
21 698 765 1
24 730 778 6
18 162 217 3
28 343 400 5
17 238 290 4
17 585 634 4
21 404 469 2
10 643 691 3
17 507 557 4
10 120 162 4
29 310 359 7
23 627 692 2
27 187 262 1
26 383 435 5
21 892 925 8
29 658 718 4
14 642 697 2
16 275 306 8
19 692 727 7
22 62 117 4
20 366 417 4
10 647 670 8
29 451 497 7
10 675 721 3
19 383 424 6
27 683 721 8
23 716 781 2
11 689 745 2
16 396 432 7
11 444 491 3
10 810 863 2
17 108 170 2
10 324 350 7
25 542 603 3
20 615 645 8
25 517 555 8
16 356 394 6
10 731 777 3
26 820 878 4
10 526 578 2
14 253 305 3
16 433 495 1
13 700 744 4
10 231 277 3
13 492 554 1
27 553 598 7
27 516 569 5
24 417 454 8
11 381 402 8
19 169 201 8
11 475 534 1
17 122 150 8
12 386 414 7
24 807 844 8
28 367 407 8
28 782 826 7
26 761 825 3
18 821 884 2
14 522 562 5
26 348 387 8
13 532 581 3
11 541 575 6
12 137 187 3
12 254 284 7
17 96 136 6
23 759 826 2
14 810 871 1
24 422 465 7
11 629 656 7
22 350 388 7
24 101 161 3
12 589 611 8
27 654 724 2
28 817 882 3
19 505 538 8
17 176 238 2
18 11 48 7
13 650 685 6
22 521 572 5
23 404 464 3
15 614 663 4
11 80 107 7
27 553 607 5
13 894 938 4
10 27 52 8
29 292 338 7
17 471 524 3
25 502 571 2
12 745 782 6
11 505 528 8
22 144 202 3
21 338 381 6
25 408 480 1
28 47 103 5
19 272 306 8
17 692 725 7
25 680 744 3
10 310 351 4
27 507 559 6
20 755 808 4
12 124 148 8
26 178 225 6
23 612 645 8
29 263 339 1
15 308 336 8
14 385 413 8
25 649 707 4
12 237 262 8
14 686 726 5
25 221 259 8
14 864 889 8
12 437 483 4
17 628 681 3
25 115 159 7
28 293 352 4
24 229 287 4
29 604 682 1
24 376 448 1
27 395 433 8
25 462 507 7
29 637 710 2
29 523 569 7
18 616 671 3
10 95 117 8
23 389 432 7
20 429 491 2
18 696 756 2
28 59 130 2
21 258 319 3
15 662 700 6
15 251 282 7
26 332 394 3
10 142 190 3
20 525 558 8
27 14 87 1
12 424 463 5
18 553 617 1
24 3 65 3
14 744 779 6
28 557 606 6
26 613 664 6
17 690 745 3
20 797 828 8
16 510 563 3
16 590 628 6
28 501 553 6
14 760 819 2
28 720 777 5
28 17 71 5
26 34 71 8
26 254 295 8
11 136 173 5
15 98 133 7
12 388 434 4
13 460 518 2
11 584 609 8
21 628 685 3
21 589 640 5
15 800 841 5
24 447 517 1
25 645 686 7
29 161 209 7
20 206 267 2
13 653 688 6
23 731 768 8
24 474 535 3
14 887 927 5
19 457 493 7
21 729 760 8
24 389 443 5
28 524 592 3
20 60 95 8
16 551 593 5
18 225 268 6
16 409 450 6
26 769 811 7
27 204 274 2
10 383 408 8
17 161 220 2
20 461 498 7
23 425 483 4
10 172 201 7
26 774 831 4
11 323 367 4
20 200 231 8
14 141 170 8
25 526 583 4
24 852 909 4
23 224 269 6
13 153 205 3
16 455 492 6
22 546 604 3
22 374 409 8
27 399 468 2
13 94 124 7
26 186 228 7
13 79 139 1
11 611 649 5
19 708 739 8
17 198 260 2
13 547 579 7
17 109 147 6
20 447 511 2
13 611 655 4
11 495 525 7
21 712 773 3
22 361 411 5
29 256 313 5
28 273 348 1
28 9 62 6
27 631 696 3
28 433 481 7
19 821 862 6
19 255 291 7
10 896 916 8
29 282 347 3
23 390 457 2
26 498 541 7
13 585 633 4
23 509 553 6
28 508 577 2
20 409 446 7
13 95 133 6
27 699 772 1
14 568 599 7
21 447 493 6
13 329 371 5
28 141 213 2
11 515 574 1
12 52 90 5
10 478 531 2
24 145 216 1
23 591 654 3
14 685 738 3
24 159 226 2
15 117 150 7
13 435 492 2
26 395 437 7
15 158 198 6
13 40 77 6
13 707 734 8
19 748 789 6
14 845 892 4
20 249 282 8
20 694 756 2
26 373 435 3
15 423 469 4
17 301 356 3
21 174 234 3
20 308 355 5
19 819 881 2
10 63 112 3
18 110 168 3
27 193 234 8
24 175 215 7
26 414 459 7
20 488 548 3
11 407 447 5
13 166 220 2
10 862 888 7
23 896 955 3
12 491 514 8
19 613 658 5
13 339 386 4
19 312 352 6
17 833 880 5
27 770 821 6
19 489 547 3
29 19 69 6
23 535 575 7
20 317 370 4
29 129 190 4
14 456 494 6
13 205 235 7
23 347 414 2
21 661 725 2
14 513 560 4
26 91 156 3
11 723 778 2
15 485 548 1
26 634 671 8
15 196 245 4
11 113 163 3
17 213 255 6
23 482 525 7
15 358 402 5
21 438 490 4
19 93 159 1
28 201 254 6
14 604 649 4
28 204 253 6
17 834 880 5
28 323 364 8
12 440 501 1
18 97 145 5
27 572 635 3
13 492 515 8
15 92 144 3
24 721 767 6
14 61 110 4
26 485 556 2
26 160 206 7
28 347 390 8
24 469 516 6
13 345 398 3
11 438 461 8
14 555 610 2
23 213 260 6
25 702 765 3
28 882 931 6
12 227 272 4
22 253 308 4
25 840 877 8
13 826 852 8
26 249 300 6
29 161 202 8
27 155 222 3
27 650 709 4
12 693 725 7
19 200 236 7
16 788 817 8
22 439 495 4
12 494 545 3
17 830 861 8
14 213 273 1
10 804 834 7
28 83 125 8
22 875 933 3
22 473 539 2
19 221 264 6
24 665 733 2
13 692 727 6
17 577 642 1
19 433 475 6
18 322 363 6
26 350 406 5
16 256 306 4
21 338 392 4
24 426 473 6
23 791 860 1
17 278 322 5
11 470 506 6
23 527 587 3
26 611 671 4
25 420 489 2
21 673 731 3
25 152 191 8
19 169 222 4
17 789 845 3
27 721 766 7
24 81 138 4
15 414 461 4
12 560 582 8
11 573 600 7
27 150 218 2
16 665 705 6
13 655 682 8
28 166 239 2
27 722 778 5
12 76 104 7
26 864 915 6
28 55 98 8
18 74 141 1
14 635 687 3
27 502 566 3
25 636 707 1
13 391 452 1
21 400 441 7
27 554 625 2
25 826 881 5
23 820 859 7
24 733 795 3
11 253 276 8
25 750 792 7
19 719 775 3
25 74 127 5
23 324 362 8
24 516 576 3
18 126 172 5
16 806 855 4
20 282 321 7
24 204 263 4
13 6 67 1
11 859 885 8
10 363 420 1
19 836 885 5
25 734 785 5
26 551 587 8
14 695 743 4
19 5 61 3
25 609 651 7
10 577 601 8
15 495 554 2
18 327 355 8
19 74 121 5
12 194 227 6
10 765 807 4
26 629 671 7
11 312 367 2
11 451 482 7
13 240 269 7