50
1 4 2 4
23 5 40 8
21 26 86 3
23 35 86 5
19 42 109 1
18 88 123 7
21 30 100 1
29 38 81 8
26 17 72 5
22 98 132 8
27 78 150 2
25 67 132 3
24 84 122 8
18 40 77 7
19 63 123 2
10 52 86 6
25 83 153 2
14 79 111 7
29 28 68 8
26 73 135 3
15 63 95 7
10 23 55 6
19 68 124 3
29 36 92 5
13 2 61 1
25 78 143 3
23 35 100 2
15 31 81 4
13 37 72 6
10 53 95 4
16 49 103 3
14 74 118 5
15 21 58 6
29 37 84 7
23 54 104 5
23 77 145 2
22 19 64 6
14 29 60 7
11 93 150 1
25 5 74 2
11 80 120 5
12 52 92 5
11 96 124 7
23 24 74 5
20 37 88 4
11 52 80 7
15 44 95 3
18 62 109 5
17 86 142 3
19 15 49 8
17 59 115 3