500
2 3 1 5
51 1017 1070 91
57 531 589 31
49 359 409 42
40 893 934 36
36 1016 1054 66
61 790 855 94
56 1187 1245 73
41 173 216 93
72 1093 1165 50
32 1237 1269 21
43 1088 1131 20
56 413 470 1
58 800 859 49
61 1084 1145 24
47 549 597 8
59 309 370 57
70 375 446 40
52 190 244 95
48 818 868 72
45 14 61 55
55 1000 1059 59
51 516 568 13
77 830 908 34
45 27 74 97
40 585 630 86
48 1004 1052 32
61 263 325 27
35 635 673 93
47 462 511 80
39 1155 1194 6
50 299 350 33
56 1193 1250 19
47 742 791 91
47 198 248 88
63 535 599 27
51 93 146 73
51 1207 1261 72
56 477 533 47
41 155 197 35
61 842 903 4
62 404 466 31
54 1064 1120 66
38 471 509 33
65 1113 1179 19
45 114 161 71
65 451 516 7
35 29 65 10
58 650 711 57
59 352 411 38
57 330 388 6
46 358 405 34
63 857 922 89
50 231 282 50
53 765 819 50
43 516 560 7
42 799 843 65
29 456 486 20
47 572 621 68
58 589 648 8
70 1211 1286 91
39 580 627 100
67 844 911 11
32 225 259 97
55 382 437 1
54 915 971 84
46 482 530 84
55 1219 1274 5
70 947 1018 33
52 393 446 43
53 500 555 56
56 60 116 32
57 564 627 57
58 221 285 83
37 628 667 74
52 862 915 10
65 494 561 88
55 1224 1280 10
54 566 621 4
63 315 380 53
39 357 396 24
41 288 332 67
50 530 580 10
56 712 768 21
51 178 237 70
58 311 370 45
42 637 679 15
48 556 604 28
33 684 720 65
52 1153 1206 17
53 779 832 38
46 557 609 83
43 367 412 72
63 288 351 19
54 1010 1064 5
48 883 932 10
33 620 654 31
36 1039 1079 64
60 1042 1102 26
43 201 245 47
49 591 643 98
50 605 656 29
66 860 927 6
55 286 344 61
40 81 122 26
46 564 613 65
45 586 633 52
46 235 283 94
63 279 346 88
55 867 926 97
49 1024 1074 39
44 559 604 31
58 1072 1130 21
42 705 747 3
42 700 743 15
38 675 713 41
45 134 181 100
52 1138 1191 21
60 0 61 21
56 1194 1251 12
45 1106 1153 80
64 807 876 82
47 1185 1235 98
48 276 326 87
54 898 955 65
59 445 507 52
43 126 173 85
68 683 755 88
40 216 257 46
68 688 760 70
59 110 170 46
41 401 443 41
61 78 140 44
55 50 106 12
53 1177 1231 7
38 598 636 7
50 960 1011 35
38 172 221 93
60 689 750 26
63 393 462 83
52 777 831 69
56 482 541 74
41 726 767 12
40 904 952 58
23 398 425 73
53 1116 1174 94
47 915 964 52
57 1095 1153 2
37 942 980 20
47 598 646 49
43 1057 1102 92
34 8 43 27
36 349 386 17
44 247 291 16
55 451 508 73
53 1196 1250 44
67 303 371 6
48 1191 1240 18
51 329 381 37
67 512 580 22
40 780 825 57
48 842 891 32
60 470 533 62
60 1160 1223 51
37 344 381 39
50 189 244 83
38 69 111 52
56 934 990 29
60 598 658 48
56 817 873 13
62 48 112 78
49 897 946 9
66 818 890 80
51 1020 1073 100
52 6 61 83
38 94 132 47
61 578 640 15
49 1095 1148 77
59 996 1060 72
44 717 768 52
43 948 991 30
47 269 321 81
55 653 708 32
49 420 469 27
44 43 89 85
43 757 800 21
67 665 732 41
50 314 373 59
59 1129 1188 24
50 11 63 85
54 687 741 44
44 763 808 25
54 339 393 34
57 638 696 23
53 680 734 19
42 1165 1208 8
32 411 448 74
57 283 341 35
45 877 924 74
50 800 852 59
54 501 559 94
28 993 1025 60
47 249 297 46
76 297 374 19
39 1128 1167 24
34 632 668 76
35 1179 1216 91
33 941 975 48
37 1130 1167 48
42 901 946 99
56 1199 1256 26
58 678 738 100
55 705 761 42
54 1032 1090 65
69 1214 1285 90
35 621 658 97
34 565 600 24
64 743 811 52
31 703 737 51
34 1144 1183 69
40 368 408 26
53 1158 1211 6
42 12 58 51
52 670 722 14
58 775 834 29
27 894 923 80
60 547 609 70
46 117 168 59
46 490 538 98
43 114 162 51
61 30 92 22
31 814 845 37
69 268 338 37
59 684 743 32
34 901 940 53
42 455 498 29
53 875 929 12
40 172 220 99
56 256 316 90
65 584 650 5
69 950 1020 23
50 1236 1287 12
48 1123 1176 51
45 183 229 38
53 43 100 95
53 323 377 24
48 426 476 68
56 349 406 16
61 754 816 18
46 25 72 17
44 595 642 84
44 546 595 65
65 414 482 92
40 778 818 7
42 734 778 70
52 886 938 43
60 540 600 17
54 1088 1142 27
48 233 282 1
38 1088 1127 11
50 897 947 10
45 92 137 16
60 790 850 14
58 262 323 64
40 73 113 24
34 410 449 70
41 1191 1234 90
70 721 791 42
54 467 521 39
58 743 804 89
42 809 851 6
39 1130 1171 66
36 883 921 96
44 588 635 67
53 402 456 24
51 1211 1267 80
60 200 261 34
48 621 671 56
53 30 89 86
40 915 956 1
56 644 701 24
44 42 90 83
53 1107 1162 96
50 867 922 70
63 625 690 90
48 685 736 55
49 253 302 9
59 155 216 69
58 988 1046 18
57 376 434 38
42 1114 1156 21
41 467 513 61
50 261 311 47
45 542 587 24
45 777 824 81
35 575 613 59
55 1084 1147 82
61 1225 1287 5
41 493 537 99
37 1203 1242 53
43 839 884 73
44 880 927 63
64 462 526 42
31 1166 1198 35
55 47 103 31
44 215 259 4
49 63 113 17
55 632 690 57
40 756 798 80
62 301 365 96
52 693 747 89
43 803 848 66
38 363 403 82
50 346 400 56
60 721 781 11
35 337 373 16
37 379 420 86
44 635 679 11
60 902 966 87
52 323 375 35
70 106 176 9
62 1042 1105 31
64 662 728 76
43 1180 1232 68
42 363 405 39
58 1004 1063 31
46 1080 1126 46
31 273 304 26
45 588 633 1
36 916 954 96
48 1116 1165 33
55 878 934 30
41 708 752 89
46 771 829 58
23 640 667 57
66 729 797 72
40 1194 1238 91
64 550 615 35
41 258 301 60
49 519 572 83
32 1158 1191 41
46 349 399 92
26 223 250 40
53 156 213 51
56 589 646 7
67 505 573 3
57 372 430 23
47 870 923 84
51 513 566 86
50 467 519 53
63 484 553 70
49 377 429 59
57 786 844 3
42 3 47 73
61 472 533 9
32 261 294 20
55 860 917 52
67 632 700 3
66 522 591 67
27 413 446 61
38 0 40 87
53 357 412 53
74 515 590 45
47 259 306 34
70 833 904 33
47 900 948 3
60 283 344 41
49 123 190 60
44 404 449 21
50 195 251 59
36 947 988 95
52 899 951 11
50 1083 1135 57
55 496 552 23
49 827 879 56
25 424 450 6
47 632 680 9
39 137 179 99
49 174 224 46
41 1095 1138 60
79 1086 1168 96
49 619 669 37
47 897 945 10
44 394 439 40
48 1127 1180 98
58 761 820 11
52 1005 1059 99
67 379 447 15
58 215 276 91
72 871 945 51
54 1160 1215 49
38 0 38 24
47 851 900 76
36 918 955 47
51 1061 1114 76
34 172 207 44
54 208 265 62
56 116 175 93
39 626 668 84
41 1115 1161 74
57 317 376 56
50 452 504 83
50 43 94 17
32 80 115 90
53 841 895 31
43 70 116 67
47 275 324 75
51 0 52 8
47 1014 1062 7
64 996 1060 40
37 706 747 85
54 936 991 40
35 755 792 65
53 919 975 70
53 1080 1133 30
49 252 303 91
45 300 348 87
54 59 116 66
41 473 515 40
59 19 80 100
48 278 330 85
52 819 872 14
57 969 1029 61
56 792 848 7
31 31 63 32
35 836 874 68
38 443 486 81
52 87 141 93
39 540 584 72
60 876 939 91
39 978 1027 58
59 475 534 17
45 1122 1168 25
63 568 637 60
26 1057 1084 1
64 319 387 90
60 718 779 50
40 889 930 35
53 324 381 69
46 1079 1126 22
59 649 713 66
51 1003 1054 34
33 426 461 84
43 962 1005 8
47 827 876 51
47 105 157 100
50 424 476 76
59 531 593 97
39 1215 1255 34
62 746 809 25
45 172 220 91
48 1069 1117 41
35 448 485 64
50 782 835 85
44 917 962 4
53 1032 1087 62
38 1057 1098 90
55 638 693 22
63 589 653 1
55 208 263 8
55 628 686 96
48 744 793 18
49 251 301 16
60 1112 1174 74
40 1075 1116 29
47 410 462 92
48 444 493 28
59 778 839 73
47 719 766 12
53 925 979 29
37 308 346 30
42 568 613 72
51 1162 1216 93
61 1150 1212 4
31 992 1024 3
47 837 885 47
64 1150 1215 11
30 945 978 74
39 1023 1063 31
36 664 701 12
48 347 397 95
64 1235 1300 3
52 788 841 13
36 433 471 87
40 970 1010 50
57 635 693 34
45 764 809 6
64 545 611 65
45 274 323 73
41 582 631 83
47 512 561 56
58 948 1007 38
41 21 64 63
60 937 998 20
44 211 259 58
62 16 87 86
56 694 753 82
37 518 555 21
45 505 550 17
60 216 276 20
54 628 686 65