350
1 4 2 1
537 1049 3065 24
141 6786 7348 2
834 3298 5059 15
465 6872 7887 4
380 14790 15519 8
665 19045 19777 6
712 22036 24703 17
315 17332 18032 2
987 16242 18366 18
652 23413 25121 22
900 20593 21996 4
798 1808 3762 19
282 17982 18294 18
386 6791 7328 2
735 13729 15125 14
250 22247 22628 9
913 7430 9278 22
104 14231 14463 22
216 16355 16711 1
332 19833 20759 8
574 19499 21396 22
471 15403 16005 22
416 1153 2468 6
213 12311 12944 5
277 18999 19977 18
498 16728 18071 6
656 9571 12017 17
609 8119 9391 8
988 17189 20580 17
760 9323 10704 15
498 10315 12161 20
189 17984 18237 18
869 20956 21873 18
389 9061 9647 20
958 11935 18924 20
716 14098 16461 13
850 17460 19751 5
874 11293 13792 19
614 10769 12841 5
790 12351 16496 12
606 11553 13258 12
542 3620 5623 4
470 6320 7656 15
798 16853 17940 7
169 5679 5858 22
848 22857 24298 12
911 19118 21179 6
155 22491 22748 10
435 12811 13287 10
117 10555 11227 14
278 11004 12147 1
185 20393 20791 19
474 4237 6073 1
570 23327 25230 17
235 13229 13642 8
320 18236 18929 12
158 19249 20427 13
832 8060 10109 22
918 832 3782 5
583 16640 17816 23
464 7407 9877 19
128 1481 1717 20
457 15466 17191 19
249 23113 23454 8
956 3287 6382 5
344 17185 18485 2
842 4226 6563 17
478 16304 17371 18
194 8923 9844 1
190 12253 12717 8
668 18256 20325 17
727 10493 15263 22
132 14344 14824 20
536 5291 8657 13
263 20077 20701 14
182 6505 6829 8
498 16925 17955 17
184 10331 11034 2
624 19717 22279 21
198 12877 13252 12
467 22788 24513 19
322 19821 21361 13
109 14234 14642 12
785 7246 8905 8
711 92 4614 4
253 21212 22783 3
937 4602 10520 12
399 16022 17317 12
705 14993 16293 24
590 2330 4480 24
173 5992 6500 1
526 20089 21834 17
253 18104 18947 18
354 7355 9429 20
312 3209 4313 19
793 13518 14445 22
640 13018 14503 18
322 4301 5031 1
807 7648 9858 14
387 1413 2370 9
921 20131 26098 20
636 14563 15299 12
525 2035 3693 17
281 5421 7304 22
638 4786 5591 8
801 6018 8041 6
906 20073 23226 24
615 13720 18459 14
444 22417 24567 6
994 13804 16924 7
998 3093 6088 13
979 21154 24499 20
537 6703 7511 1
606 8097 10508 22
926 10587 13247 2
697 9542 11706 8
211 18523 19748 12
209 1494 2323 6
647 13479 15438 7
535 23131 24582 5
569 20465 21184 11
287 1502 2387 15
693 19082 21311 19
253 13928 14548 2
324 12017 14103 10
982 16456 17497 19
534 10724 13492 2
656 7489 8778 5
703 264 2209 21
828 8796 9841 4
989 339 6835 9
975 20231 24014 17
432 9286 10088 10
185 46 241 16
423 6378 9685 19
989 1740 3607 19
159 7403 8510 14
718 2727 5326 19
625 22829 23699 1
388 175 1457 20
470 1289 1843 7
185 9274 9566 18
609 10918 11646 8
274 16506 16925 5
680 7554 9690 19
928 19315 20392 8
170 4208 4401 6
963 85 2453 1
963 11621 13556 21
177 22946 23958 24
675 6594 7423 22
920 7016 10451 19
716 685 2652 12
298 8737 9312 1
105 16487 16734 9
346 21402 22093 4
903 4749 6912 12
829 6997 8488 4
565 9217 11351 3
450 910 3248 2
378 17380 20176 5
400 21289 22794 10
501 13552 14796 3
343 17795 18172 15
133 20075 20480 9
972 19928 23173 4
866 21261 27472 16
885 12143 19151 13
122 220 555 16
648 7805 8945 2
701 22456 24515 4
186 14090 14515 6
994 20676 21925 13
355 7384 8594 5
251 3049 3784 1
485 1797 3124 5
483 4009 5679 13
711 4190 5128 1
809 17147 20332 2
448 4262 5221 21
468 21495 22196 13
800 4754 8175 4
474 19753 21299 24
368 3224 3653 22
862 14173 15412 9
114 23114 23561 24
966 14156 15803 10
229 3213 4169 11
925 11056 14474 11
617 18849 20186 3
771 19413 21597 19
222 6175 6732 10
495 18550 20357 17
495 7786 8663 22
376 14086 14791 13
665 22911 24755 13
460 4998 6411 14
933 811 7797 21
485 20552 21232 12
268 11412 12535 15
277 13722 14712 16
430 19272 20566 14
235 18903 19177 14
849 7324 9498 6
286 2198 3296 17
589 14394 18086 7
234 10914 11542 17
550 22470 23929 7
745 14019 15306 4
748 11985 17502 1
347 14223 14969 7
593 22115 23288 19
388 22904 25073 2
415 20538 21934 24
514 13092 17137 20
234 3619 5176 8
854 4960 6704 17
190 20708 21402 22
147 19741 20214 10
649 20663 21736 15
297 5977 7116 12
102 4455 4839 22
787 12222 16291 12
507 2783 3612 18
742 12236 17763 12
280 13795 14845 8
840 19693 25498 8
139 12642 13731 19
775 20034 22352 5
110 8648 8889 6
602 21264 23593 15
201 3400 4394 16
511 20848 22526 24
799 4481 6418 12
115 12941 13288 1
984 106 4161 18
316 16081 16734 9
579 16594 18601 9
719 8319 10426 21
200 736 1781 20
515 21165 23098 12
922 11237 13160 20
999 15481 19049 6
281 22925 23497 3
609 607 2126 1
666 19694 21117 8
635 14541 17039 14
610 7710 10141 9
743 19463 21958 10
621 3136 5383 10
485 2321 3034 15
244 13124 14081 10
104 8446 8766 7
684 22102 23424 19
364 3000 5042 21
209 9196 9688 2
990 3594 5200 22
298 18326 20584 22
454 16718 17227 2
412 5806 8107 9
194 11374 12125 8
728 21639 23865 10
459 7449 9078 16
554 2810 4798 7
167 18558 19175 19
404 11075 11611 6
952 18062 20525 10
528 9965 13999 14
158 9200 9386 24
722 2824 5539 9
659 8945 10249 12
709 19303 22032 4
703 1326 3041 2
146 1016 1203 13
910 12345 13299 10
881 7643 12087 22
976 4813 10729 11
539 4559 5502 7
933 19322 20930 18
969 19599 22936 2
701 12591 14353 6
196 3852 4365 4
435 23515 24115 13
510 7450 8904 18
972 9760 11517 12
186 7898 8200 13
207 7588 8266 14
352 4021 4468 9
522 13806 15002 14
379 13978 15432 16
711 7373 8262 23
738 20966 22453 2
884 12168 18785 20
837 9152 11382 9
566 12096 12744 14
305 15748 16305 16
788 13401 19295 5
788 5254 10920 8
784 15780 16944 17
580 3220 5393 2
269 15307 15729 13
861 799 6328 16
949 12644 14369 8
326 4354 6909 9
752 20303 21080 12
950 11228 12361 19
152 16114 16348 4
649 18510 22504 15
801 22535 24101 9
735 20834 26175 18
770 839 2348 3
461 378 1979 4
772 14506 18516 8
629 5801 9104 10
543 15865 19520 17
847 15263 20079 6
159 17478 17719 1
396 21575 23070 12
425 14844 15918 6
330 7367 8204 2
247 1875 2329 8
954 20059 22311 10
680 14069 16144 9
468 19582 20085 7
119 12489 12816 21
302 5408 6558 19
684 21173 23270 16
179 20583 21564 11
185 18944 19552 21
929 4655 5976 5
726 6915 11958 4
516 19082 21135 11
699 1833 4384 7
102 1679 2095 14
468 740 2583 13
274 20854 22650 20
633 14468 16062 4
753 11155 12784 1
766 9233 11525 14
910 21399 23977 18
227 2482 2722 9
502 6691 10445 6
546 220 949 8
215 18331 18915 5
819 11774 12812 8
671 9601 11607 21
705 21936 23855 13
687 1095 4500 13
940 1919 3323 16
406 14028 15045 21