450
1 4 3 3
30 5 53 3
15 8 167 4
22 9 119 4
11 10 74 2
22 14 183 4
17 17 78 4
21 18 198 6
25 21 56 2
26 23 146 5
35 24 222 6
7 25 102 2
9 26 61 2
17 27 76 2
7 30 200 4
26 32 188 3
18 36 162 5
21 37 83 3
18 38 107 3
20 40 68 2
12 41 56 2
4 44 64 3
19 45 194 3
35 46 144 4
17 47 224 4
21 49 175 5
10 50 220 6
25 52 224 4
14 56 120 4
6 62 190 6
16 63 142 3
24 66 152 2
7 68 211 5
28 72 223 3
20 74 98 2
27 76 119 3
17 77 156 4
29 78 208 3
12 79 212 4
8 83 113 3
29 84 142 1
17 86 263 5
17 87 154 2
26 89 294 6
14 91 202 3
19 94 211 3
21 99 123 2
14 101 140 3
23 102 303 5
25 106 176 2
19 107 306 4
30 108 296 5
17 109 282 5
23 113 168 1
23 114 141 1
18 115 256 5
41 116 297 4
16 118 235 3
15 119 287 5
16 123 260 3
31 125 229 3
23 131 275 3
23 132 187 2
20 133 158 1
23 134 322 5
21 135 201 1
23 136 201 4
23 139 214 4
26 140 235 2
24 141 168 1
18 145 302 5
33 146 321 5
5 150 279 5
23 152 244 3
25 155 327 4
16 156 306 4
35 157 203 3
8 158 202 4
12 159 335 6
21 160 290 4
29 163 214 3
12 166 329 5
14 167 262 4
16 168 215 2
3 172 209 3
12 173 215 4
16 174 207 2
10 175 212 1
16 178 357 5
12 182 339 4
16 183 349 5
9 184 266 3
25 185 217 2
13 186 278 4
12 187 283 3
32 188 383 4
23 190 278 2
19 193 335 5
23 194 308 5
23 195 380 5
17 196 269 3
14 197 346 5
10 198 281 4
29 199 283 4
28 200 237 3
21 202 305 3
34 205 335 4
11 206 289 4
7 208 281 3
19 210 403 3
6 211 235 1
25 212 408 5
27 214 262 2
18 216 395 5
30 217 279 2
12 219 361 5
22 224 379 4
28 225 314 2
6 226 326 2
22 227 359 3
23 230 363 3
21 231 353 4
13 232 261 3
16 235 272 3
20 236 301 2
22 237 348 4
18 238 304 2
21 239 330 4
20 240 376 3
14 241 410 4
6 244 375 4
22 245 400 5
17 248 339 4
10 257 374 3
12 260 431 4
33 261 384 3
37 262 316 4
2 264 421 5
1 267 404 3
1 268 349 4
28 269 392 5
10 270 425 5
26 273 473 6
22 274 428 3
18 275 346 3
14 276 291 2
19 278 456 5
22 287 403 3
30 289 348 3
21 290 363 4
26 291 488 6
20 294 349 2
13 296 461 4
18 299 387 4
19 301 343 4
24 303 497 6
13 304 478 5
31 305 384 3
18 308 439 3
22 313 393 1
14 314 461 4
25 315 397 2
31 316 421 4
20 317 480 4
1 319 356 3
18 321 439 3
18 322 469 5
16 323 362 1
20 324 476 4
35 325 540 4
29 329 364 2
11 331 383 2
31 333 481 4
21 334 423 4
9 338 430 2
21 340 421 4
15 343 395 3
29 344 516 3
14 348 410 2
18 349 472 3
10 350 468 4
31 351 446 3
24 354 437 2
14 356 397 3
17 357 392 1
15 359 464 5
15 360 407 3
17 362 515 4
7 364 391 2
24 365 414 3
21 369 423 1
14 372 449 2
21 379 469 3
28 380 505 3
21 382 421 3
18 385 446 3
29 386 511 4
25 387 523 5
11 388 440 3
4 389 469 2
17 390 579 6
16 402 487 3
8 403 546 3
11 406 506 4
11 408 477 4
32 409 473 3
23 412 449 1
21 413 482 4
20 414 484 4
23 415 561 3
26 417 480 4
39 418 600 3
23 419 585 5
29 420 618 3
11 422 513 3
23 426 545 4
16 427 538 3
39 429 632 5
28 430 477 3
32 431 509 4
17 432 551 3
27 435 521 4
16 438 563 4
24 439 500 3
36 441 537 2
16 442 489 2
19 443 542 3
15 447 536 4
18 448 594 3
8 453 589 5
10 454 468 3
23 455 497 2
10 458 609 3
21 461 491 1
23 462 617 4
25 466 523 3
29 468 669 4
19 471 594 3
10 474 602 5
19 479 536 3
21 480 667 4
28 481 585 3
19 482 617 4
27 483 657 5
17 484 614 5
29 488 613 3
8 489 644 3
27 490 605 3
12 493 517 1
25 499 557 4
19 503 652 4
16 504 681 5
15 512 589 2
22 513 604 2
19 515 668 3
14 518 593 4
23 519 640 4
8 520 660 5
19 522 555 3
15 523 635 4
20 524 684 4
24 526 633 5
26 528 627 2
31 529 636 3
11 533 697 4
8 535 558 3
16 536 568 3
13 537 721 4
21 538 696 3
28 539 701 5
19 541 697 3
9 542 695 5
26 546 742 6
16 547 600 3
14 548 663 3
22 550 718 6
29 557 720 5
12 559 587 3
17 560 684 3
9 561 739 4
26 562 654 3
10 564 613 3
27 567 636 3
25 568 663 3
32 571 710 2
13 572 710 3
19 575 761 5
15 577 607 2
15 584 662 4
11 585 742 4
18 586 704 5
23 588 762 3
18 589 697 5
26 590 749 4
25 591 714 5
33 592 774 6
23 593 755 5
34 594 636 2
27 597 664 1
12 603 621 3
21 605 656 3
19 606 795 6
19 607 769 5
21 608 747 4
16 609 682 4
24 612 744 4
25 613 756 5
8 614 713 3
15 615 711 2
29 616 750 4
4 620 781 6
25 621 726 4
19 622 819 6
13 624 675 2
5 628 801 4
18 629 695 4
19 631 744 5
29 632 783 4
14 633 699 2
22 636 694 3
19 637 700 2
25 638 747 3
11 639 777 4
17 640 828 6
34 642 776 5
16 645 674 3
29 648 714 4
18 650 675 3
29 651 822 3
34 653 857 5
30 654 837 4
18 655 746 3
27 656 738 3
12 657 825 6
21 658 785 4
21 659 822 5
11 660 751 2
9 662 676 3
19 664 819 4
7 665 773 3
4 666 685 2
33 668 804 5
19 669 688 1
34 670 752 3
23 681 793 4
23 683 743 3
20 685 798 4
9 687 806 4
6 688 740 3
10 689 874 4
12 690 785 5
27 697 802 4
26 699 847 5
22 702 774 4
41 705 804 4
8 707 789 4
26 708 848 5
14 710 746 4
34 713 782 2
17 714 910 6
16 716 752 3
27 717 864 3
16 718 865 5
35 723 801 3
21 724 878 5
22 726 859 5
32 730 895 4
18 734 882 6
22 735 908 4
20 738 928 5
14 739 888 4
32 741 949 6
19 744 827 4
21 745 924 6
17 746 814 4
8 747 844 3
18 748 930 6
18 751 907 5
15 752 862 3
20 753 786 3
20 754 794 1
25 757 806 3
10 759 851 5
20 760 835 2
12 761 838 3
21 763 954 4
17 764 817 3
24 765 801 3
23 766 954 6
19 767 912 3
13 769 860 3
16 771 794 3
6 772 841 2
24 775 804 1
20 776 953 5
31 779 859 2
11 781 926 3
3 783 805 1
9 784 907 4
28 786 965 4
10 788 820 2
22 789 919 5
16 790 871 3
15 791 979 6
9 792 872 2
20 793 910 5
3 797 907 4
27 798 948 5
26 800 898 2
1 802 854 2
6 805 922 5
18 807 837 2
15 808 912 2
23 809 983 5
14 811 875 3
31 812 866 3
10 813 900 2
29 814 1009 6
11 816 837 2
20 827 989 3
26 830 1004 4
11 831 892 4
23 832 917 3
13 837 857 3
15 839 1025 4
28 840 925 2
17 842 882 2
14 843 998 5
32 846 906 1
34 847 1003 3
23 848 877 3
8 853 885 1
20 857 965 3
32 860 961 4
26 862 1059 4
7 863 948 4
19 865 1002 5
31 866 927 2
15 869 899 1
20 871 924 3
28 874 992 3
16 878 1005 4
23 879 977 2
16 882 1007 5
26 883 1028 5
19 885 1077 4
33 887 994 4
24 888 1002 3
19 891 962 2
24 893 940 1
32 894 1066 5
