400
3 2 1 5
35 683 725 73
51 354 409 92
38 526 568 97
36 282 319 29
43 639 683 12
50 820 870 27
52 942 997 73
46 663 709 43
57 533 599 78
48 674 728 89
19 661 680 13
73 485 558 2
52 366 418 25
45 109 156 67
59 885 945 4
53 293 346 8
46 959 1006 14
55 190 249 97
34 269 304 37
62 246 309 6
32 459 495 93
52 68 124 69
50 763 813 13
54 586 642 75
58 610 670 96
41 496 538 32
55 824 882 89
41 71 115 85
48 227 281 59
50 111 165 67
69 600 669 23
23 466 501 98
29 900 929 25
68 750 823 82
40 646 687 37
71 346 419 83
46 851 897 30
53 496 550 13
64 219 283 40
50 838 889 2
64 901 967 72
46 874 923 91
48 889 938 35
56 131 187 46
56 943 999 2
46 698 744 29
37 625 670 85
49 47 96 17
45 917 964 78
44 65 111 58
74 851 927 98
50 844 894 3
47 478 528 60
63 122 186 32
50 67 121 82
61 735 800 98
53 375 433 94
32 868 904 73
58 696 755 39
41 408 451 77
41 313 360 97
56 824 881 20
40 781 822 22
58 456 515 49
70 268 338 20
61 809 873 99
55 881 936 30
54 97 160 66
55 43 99 7
37 665 704 87
54 957 1011 11
50 185 237 74
46 52 100 85
45 778 825 52
52 521 575 95
42 573 618 92
68 620 691 71
57 8 69 86
43 823 866 20
46 576 622 45
41 221 263 26
43 964 1010 64
36 515 552 6
55 700 757 92
54 313 368 26
47 418 467 88
42 835 879 91
61 590 652 29
60 461 522 6
41 328 373 67
47 839 892 74
31 441 472 27
36 833 869 45
47 215 265 76
52 190 243 46
48 684 735 86
45 158 207 58
40 27 68 43
50 238 291 69
39 702 743 80
38 240 279 24
66 735 802 28
60 405 466 42
43 20 63 41
44 338 383 14
48 42 91 12
46 524 574 76
50 444 494 14
34 4 40 64
51 812 864 42
56 97 156 67
49 399 448 50
39 489 534 92
40 394 435 8
55 919 977 74
61 675 736 36
43 635 679 36
38 686 724 22
28 268 298 68
36 489 529 83
54 29 83 19
45 732 777 6
59 4 64 22
60 533 594 17
56 789 849 70
38 53 91 33
47 532 580 8
41 453 497 56
42 855 898 32
51 6 59 75
44 509 555 77
60 45 108 58
48 813 862 36
50 174 224 28
41 874 922 63
51 460 512 8
55 929 984 43
45 75 121 50
54 676 731 12
48 674 724 69
49 112 170 93
43 222 271 56
56 746 805 74
37 964 1006 83
52 378 431 48
45 373 419 46
40 979 1022 90
45 569 615 13
51 12 65 56
51 957 1009 9
60 641 701 47
46 857 904 50
57 833 890 38
37 692 731 86
50 425 476 12
53 349 403 44
37 937 977 92
30 907 937 41
49 614 667 82
43 772 816 5
40 865 908 57
48 838 886 32
47 579 628 100
52 528 581 45
45 183 232 87
44 118 168 69
48 398 446 42
50 202 253 44
55 352 408 32
44 368 413 4
58 591 650 46
65 705 773 65
44 461 510 67
55 355 410 25
69 623 693 38
30 458 491 92
52 397 453 64
39 354 397 98
48 129 178 45
48 185 238 67
49 73 122 15
62 556 618 42
50 535 586 26
58 536 597 76
61 129 192 93
52 511 565 82
41 768 810 46
42 306 348 14
49 196 248 88
68 833 906 99
51 289 341 17
70 377 448 32
57 140 200 82
45 184 229 9
37 845 884 85
42 768 811 3
58 30 98 55
41 443 485 34
58 626 688 91
71 988 1059 23
43 859 904 95
58 317 376 8
62 366 429 28
45 673 723 77
48 114 164 61
60 451 511 48
48 950 998 30
53 652 708 97
45 724 771 76
44 639 684 32
48 791 840 49
47 477 525 29
57 136 194 24
54 481 539 66
58 395 454 44
36 154 192 67
35 0 38 74
44 194 240 93
42 255 300 57
54 18 72 25
75 829 905 7
23 712 736 40
49 0 51 72
41 886 929 68
59 569 629 7
43 92 143 74
71 665 737 29
47 155 204 94
58 324 385 79
42 424 467 23
49 664 718 79
38 493 531 33
45 699 744 28
52 349 403 68
47 540 591 57
55 955 1010 19
52 161 215 54
53 606 659 12
48 331 382 76
55 792 847 16
50 842 894 94
41 752 794 8
57 568 629 74
54 464 518 20
34 329 363 26
69 211 281 26
54 839 895 53
50 315 368 88
49 470 521 90
53 102 156 20
54 133 188 10
55 740 795 32
64 264 329 16
44 980 1025 33
41 855 899 58
42 864 906 8
53 251 307 90
75 252 328 24
63 702 765 24
46 448 497 80
35 290 326 34
34 319 357 55
41 222 264 2
38 552 590 43
45 59 104 4
60 655 717 98
69 758 827 26
46 71 120 88
46 329 377 78
45 557 604 60
51 457 510 53
50 485 537 82
47 79 128 99
49 345 395 32
33 144 180 89
33 307 341 23
40 160 209 55
67 764 833 98
44 821 865 3
43 841 888 97
43 439 484 91
67 606 674 10
51 821 872 21
41 531 573 2
41 959 1001 45
53 602 656 26
63 381 447 53
33 19 53 49
53 108 163 64
52 978 1031 15
64 210 276 63
63 270 335 91
46 689 735 17
46 105 157 57
36 338 376 87
61 0 62 8
71 732 805 70
61 629 690 25
64 621 689 77
49 539 588 8
62 49 113 84
40 958 998 3
45 178 223 31
43 191 236 58
44 315 359 24
64 112 178 78
51 704 755 48
55 738 796 84
46 403 451 80
36 642 678 42
43 911 955 15
48 171 219 47
49 597 646 15
50 465 519 93
33 808 841 46
59 633 693 17
64 919 986 84
41 645 687 34
73 760 833 35
45 619 666 69
60 564 627 70
47 419 471 67
36 656 699 51
46 39 86 39
41 980 1021 23
57 86 147 85
37 616 657 62
45 710 758 69
33 197 233 63
40 724 768 58
51 621 673 50
61 668 733 90
55 351 407 33
50 917 971 96
35 348 383 50
47 436 484 26
43 462 507 58
52 656 713 69
53 468 522 35
48 102 150 36
66 311 378 43
62 301 363 43
43 666 711 71
53 68 125 56
45 327 372 28
49 605 656 73
58 595 656 91
53 113 167 16
37 780 818 25
64 819 884 28
51 769 820 43
59 182 241 48
41 573 616 92
55 713 769 40
54 669 724 28
53 150 204 22
54 864 919 28
46 365 412 40
48 197 246 8
51 293 345 29
34 792 828 95
53 242 297 57
39 455 497 52
63 129 192 42
64 458 522 11
44 667 714 75
39 17 59 71
38 157 198 82
40 783 823 28
62 621 684 12
33 0 33 43
61 887 952 90
37 935 973 2
66 174 242 89
29 736 765 2
67 448 515 21
62 512 575 14
53 580 634 27
48 231 280 34
59 279 338 34
43 241 284 14
56 124 180 15
41 315 356 16
53 438 491 42
40 908 950 58
50 521 571 37
41 191 235 61
54 573 631 86
81 398 482 61
56 152 209 6
52 301 354 46
62 686 750 59
69 543 613 36
63 810 874 25
51 551 604 65
58 217 278 64
51 23 75 21
48 953 1005 57
43 588 632 37
59 603 663 46