350
1 3 5 2
50 677 730 88
59 368 427 46
48 430 484 84
33 546 579 20
40 808 849 13
53 409 463 24
40 410 451 49
48 351 402 66
28 0 30 99
60 0 62 59
55 73 129 29
49 403 453 20
52 280 345 74
44 737 781 43
51 516 572 93
54 429 484 28
61 434 496 29
45 690 736 46
54 231 286 49
56 737 794 22
35 18 61 97
63 619 683 14
30 44 75 32
53 88 143 71
46 21 68 7
51 453 504 13
32 509 546 87
48 520 571 98
65 691 757 17
71 122 193 13
64 123 193 78
30 380 411 25
65 99 166 76
49 831 881 14
56 385 448 79
59 567 629 63
46 789 836 15
59 109 169 22
62 813 877 73
30 343 376 61
40 726 768 71
44 372 418 100
59 393 453 30
52 413 466 13
47 811 861 83
53 176 229 2
55 873 931 53
49 141 190 4
52 500 555 87
33 206 242 73
68 84 154 95
55 555 614 55
43 710 754 19
55 461 517 12
44 358 403 46
34 150 185 12
53 587 642 58
42 809 856 55
52 17 70 35
59 503 565 63
40 516 556 27
57 692 749 45
41 11 55 82
56 628 686 91
54 515 570 15
58 137 198 76
53 229 286 96
46 108 160 74
44 783 828 35
48 616 665 45
57 71 128 17
32 117 150 38
48 338 389 86
55 667 723 41
54 845 900 24
56 86 142 47
53 141 195 34
49 257 306 45
42 662 706 75
35 816 852 12
51 586 638 21
57 778 835 28
59 49 109 16
46 789 835 15
38 27 66 35
58 730 789 30
61 756 818 11
38 686 725 36
54 511 567 95
51 145 198 81
46 241 287 26
37 0 38 30
48 239 288 22
59 496 557 66
51 460 512 30
54 539 599 73
52 144 200 56
55 357 412 30
74 747 822 13
51 40 94 85
62 342 409 87
51 55 107 30
50 137 187 42
51 189 241 19
60 596 657 12
36 597 635 71
53 671 727 73
57 319 377 18
47 334 384 57
40 326 370 56
67 823 890 38
64 681 745 9
50 50 100 35
39 425 466 65
42 833 875 39
50 184 237 75
35 786 823 97
38 530 568 5
44 482 527 18
49 223 277 59
70 563 635 97
46 5 53 82
57 763 826 71
50 301 353 68
35 562 597 49
52 372 427 70
49 362 412 44
55 512 568 26
49 596 646 12
57 588 648 64
43 277 320 42
50 439 489 23
37 827 867 59
52 695 748 4
38 837 877 62
53 264 317 19
53 799 854 69
54 392 450 83
52 650 702 10
65 784 849 31
36 804 843 88
35 330 365 24
53 206 261 99
47 695 742 10
78 165 248 98
58 466 525 33
62 687 750 20
41 793 837 98
70 597 668 11
43 713 758 64
55 17 75 95
46 849 898 95
39 256 295 49
41 139 182 84
44 171 216 9
54 199 254 40
43 853 899 100
45 4 49 1
48 664 714 74
71 786 858 23
60 524 584 38
48 774 826 72
43 114 158 20
60 261 322 17
47 438 486 41
39 606 645 4
35 513 549 30
44 847 892 3
45 775 821 45
58 558 617 49
57 504 561 33
43 707 753 61
55 187 242 2
36 817 856 78
50 227 281 51
34 735 772 95
56 516 575 73
46 241 287 43
41 486 530 80
53 250 305 57
60 534 595 13
43 745 792 96
41 557 611 58
45 271 316 32
66 541 608 16
45 801 847 43
29 378 408 1
52 646 698 27
38 130 169 23
57 199 257 35
55 260 317 65
63 533 596 10
61 576 639 98
53 26 80 42
68 6 79 92
34 862 897 24
63 269 336 70
41 363 406 89
45 171 216 15
42 817 860 14
39 434 474 29
42 367 410 2
53 297 356 63
51 23 76 90
46 253 299 6
60 868 930 62
47 182 229 10
47 268 316 16
43 574 617 19
40 48 92 100
48 649 699 61
57 485 543 13
33 518 552 47
62 568 633 66
61 777 849 86
47 45 94 57
76 426 503 44
40 14 54 19
54 11 67 59
49 791 841 49
63 61 126 72
59 367 427 16
37 174 214 56
43 709 755 72
50 264 317 88
38 203 241 50
33 457 494 72
58 706 768 63
48 436 484 5
52 835 888 34
55 39 98 72
59 251 311 1
76 480 556 28
39 712 754 86
42 445 489 55
65 689 756 72
43 221 264 22
47 718 766 23
55 841 896 35
52 857 910 50
55 353 408 9
36 778 815 26
41 183 228 99
37 21 59 35
43 531 575 7
42 759 802 22
27 533 561 44
55 57 114 95
39 147 190 76
40 572 618 89
51 0 52 23
51 417 470 82
58 586 648 86
71 26 98 47
67 121 189 20
46 618 666 57
54 649 703 29
61 544 606 25
21 269 291 7
60 567 629 73
50 835 888 66
53 262 316 6
45 383 431 68
65 576 645 52
52 834 887 11
52 133 188 53
60 105 167 72
63 232 297 78
47 222 269 40
46 410 457 20
42 84 130 94
64 760 829 93
56 230 289 55
44 732 779 92
51 192 243 27
35 464 500 24
43 91 135 4
60 336 397 45
36 725 763 60
58 869 927 18
44 688 732 18
51 47 99 27
70 729 799 16
59 630 692 52
55 723 791 64
62 383 445 46
41 281 323 35
50 465 521 63
67 445 516 56
56 83 144 92
61 81 144 99
38 843 882 44
73 323 397 49
49 136 186 8
76 48 124 47
50 778 831 57
38 85 124 37
57 214 272 40
67 407 477 65
42 393 436 37
50 282 334 87
34 225 262 89
68 390 462 61
49 692 745 51
39 362 403 78
41 596 638 4
50 773 823 20
38 875 913 36
49 845 894 6
62 584 650 83
55 803 864 94
48 310 359 16
51 59 111 48
58 781 840 35
55 741 800 64
49 111 161 11
58 274 337 75
41 439 480 40
42 249 293 80
35 816 852 32
56 212 268 47
45 403 450 78
47 242 291 84
50 772 823 24
71 418 489 48
75 865 951 66
39 488 528 2
39 415 455 50
37 864 917 90
61 798 860 11
58 635 693 33
64 326 391 47
55 556 612 47
36 130 171 51
53 433 487 23
52 837 890 42
60 366 427 14
64 475 541 65
50 710 771 72
50 529 580 7
46 625 674 70
44 651 696 7
43 514 560 60
51 562 613 10
46 662 717 54
61 107 173 61
43 661 710 91
46 107 154 36
51 759 811 40
53 664 717 21