100
2 5 3 1
39 54 94 20
50 145 196 45
50 42 96 68
56 170 227 9
47 189 239 78
51 55 109 94
56 176 235 99
55 74 130 47
37 136 177 64
52 170 223 39
40 161 204 88
52 116 168 8
37 133 172 9
68 164 233 5
42 38 84 83
53 18 71 38
50 176 227 28
43 150 195 24
48 38 87 17
55 34 90 26
53 94 148 27
39 179 222 70
55 104 162 59
42 210 256 79
55 210 266 24
44 112 158 23
45 236 282 48
71 240 311 35
50 175 226 39
34 232 267 25
47 45 92 21
47 194 241 8
47 153 201 14
45 54 101 28
50 0 51 4
48 61 111 16
62 56 120 44
39 94 136 100
54 59 121 58
50 243 307 94
39 124 164 32
53 0 56 72
63 172 238 77
66 0 71 54
55 30 86 39
53 217 271 32
58 109 168 40
55 79 135 36
58 67 127 50
76 231 307 45
25 111 137 12
50 89 139 2
48 95 147 96
36 126 164 42
69 239 309 25
50 214 264 50
33 131 164 30
40 133 177 57
54 57 113 3
54 7 61 40
45 162 210 53
59 56 115 4
50 126 177 2
53 202 268 68
44 29 73 40
66 107 174 20
42 26 68 26
70 16 87 10
37 220 257 17
49 116 169 83
53 194 248 40
43 48 92 47
47 220 269 5
51 0 52 38
48 221 270 32
58 168 227 39
37 46 83 24
68 37 106 30
55 37 94 46
67 3 73 82
54 126 182 43
51 54 113 97
36 237 275 24
40 98 140 12
52 48 102 48
47 224 280 73
50 197 249 31
41 86 128 47
50 160 210 13
54 89 146 94
52 98 151 3
46 64 113 51
34 20 56 33
52 43 95 19
22 225 253 73
66 235 303 47
33 240 274 31
47 99 148 3
51 42 93 20
66 86 152 9