500
1 4 4 3
18 117 169 4
29 522 596 2
15 567 594 8
17 610 663 3
29 556 614 5
12 684 706 8
17 154 213 2
14 157 190 7
29 713 780 3
12 465 502 6
18 95 151 3
22 424 476 5
27 378 444 3
25 328 377 6
17 70 120 4
14 795 837 5
19 921 964 6
16 652 684 7
25 278 339 3
27 725 785 4
29 236 314 1
23 606 662 4
10 849 899 3
17 481 522 6
11 883 934 3
14 780 822 5
15 125 178 3
27 506 553 7
22 214 281 2
29 299 375 1
25 436 492 4
19 939 1006 1
29 691 733 8
16 945 972 8
24 804 842 8
25 159 226 2
17 2 48 5
21 480 543 2
26 732 781 6
29 421 477 5
25 327 395 2
28 192 253 4
20 934 985 4
12 989 1041 3
16 335 380 5
28 873 948 1
22 514 577 2
17 355 412 3
27 547 620 1
20 269 316 5
22 705 746 7
14 879 905 8
23 491 538 6
28 263 323 4
16 887 918 8
24 520 575 4
16 904 944 6
26 52 123 2
23 559 612 5
25 199 257 4
24 100 144 7
11 736 785 3
12 764 814 3
29 701 749 7
23 128 197 1
22 816 852 8
22 583 632 5
12 571 625 2
26 519 573 5
22 175 225 5
20 411 477 1
22 228 264 8
16 278 313 7
26 652 715 3
25 896 943 6
13 547 599 3
15 101 128 8
18 623 687 1
25 618 660 7
16 13 46 7
15 978 1040 1
23 659 719 3
16 539 580 6
29 173 219 7
22 699 745 6
26 865 913 6
25 539 606 2
16 643 698 3
28 856 915 4
28 983 1025 8
21 816 855 7
28 364 404 8
10 666 703 5
28 189 248 4
28 179 255 1
27 143 219 1
17 420 454 7
23 798 866 2
28 661 711 6
11 597 641 4
26 530 602 1
23 391 449 4
17 683 743 2
19 888 944 3
20 703 736 8
18 576 626 4
29 483 534 6
10 251 308 1
29 892 956 4
27 71 113 8
22 458 528 1
18 586 628 6
16 557 604 4
16 819 880 2
21 489 545 4
14 463 511 4
23 547 593 6
24 547 582 8
27 619 682 3
15 133 169 6
10 364 413 3
27 541 598 5
25 73 120 6
10 772 821 3
27 239 303 3
25 587 651 3
13 418 467 3
29 167 226 5
17 284 338 3
21 545 587 6
27 44 91 7
11 826 856 7
11 925 961 6
19 737 771 8
19 799 862 2
12 871 898 8
18 461 523 2
11 734 769 6
26 862 934 1
23 311 351 7
14 569 627 2
29 689 738 7
10 5 64 1
23 360 405 6
19 420 453 8
19 605 652 5
21 657 697 7
17 909 956 5
25 382 420 8
22 834 901 2
19 439 487 5
16 988 1014 8
13 676 737 1
28 791 851 4
12 308 356 3
10 20 67 3
25 87 156 2
15 361 392 7
18 449 487 7
23 322 355 8
21 592 638 6
15 46 92 4
25 213 257 7
11 650 699 3
24 218 290 1
18 282 346 1
22 485 539 4
21 831 874 6
21 426 484 3
19 139 204 1
26 523 597 1
26 28 79 6
18 159 195 7
10 324 350 7
24 741 776 8
27 865 909 7
28 571 613 8
10 176 203 7
20 249 282 8
15 209 248 6
22 504 554 5
16 476 539 1
12 232 280 3
28 696 744 7
26 948 1003 5
17 408 456 4
14 224 277 3
21 413 453 7
25 281 342 3
19 395 432 7
25 721 795 1
26 890 936 7
27 409 463 5
28 200 275 1
19 614 653 7
20 884 945 2
20 635 667 8
22 177 234 4
29 820 888 3
28 227 301 1
25 535 595 4
16 103 146 5
17 13 72 2
26 194 233 8
25 662 704 7
23 374 434 3
29 895 959 4
13 689 723 6
11 585 628 4
13 388 434 4
17 776 822 5
12 507 551 4
22 513 575 3
19 537 572 7
20 279 333 4
23 343 406 3
22 88 124 8
11 212 236 8
27 931 969 8
19 372 405 8
24 286 355 2
12 832 882 3
22 761 816 4
10 255 310 2
22 472 526 4
14 580 609 8
27 612 683 2
28 702 764 4
24 386 433 6
29 153 225 2
19 618 667 5
25 592 629 8
15 213 270 2
22 358 426 1
28 672 739 3
18 709 765 3
25 600 656 4
10 347 374 7
29 302 366 4
10 826 885 1
22 876 928 5
16 505 547 5
17 522 556 7
23 203 273 1
18 195 232 7
16 340 390 4
28 769 845 1
20 818 858 7
28 712 755 8
14 115 144 8
24 25 63 8
16 715 762 4
12 856 910 2
23 338 384 6
16 850 914 1
23 744 807 3
28 564 620 5
28 821 893 2
10 731 780 3
25 609 658 6
21 602 665 2
16 535 595 2
21 424 458 8
18 614 670 3
28 550 610 4
14 486 544 2
17 607 645 6
21 782 848 2
27 764 831 3
13 701 741 5
10 917 951 6
27 247 317 2
22 560 592 8
14 342 376 7
19 959 1006 5
12 563 615 3
26 502 572 2
25 301 365 3
25 874 911 8
16 357 395 6
22 409 479 1
18 861 912 4
28 764 810 7
16 201 249 4
20 797 834 7
28 960 998 8
10 768 810 4
20 241 285 6
17 563 603 6
12 235 282 4
18 492 521 8
28 9 57 7
20 875 912 7
13 48 100 3
13 603 637 6
26 568 636 2
16 505 545 6
11 911 953 4
27 313 381 2
26 593 642 6
16 871 899 8
20 458 518 3
28 323 365 8
29 199 257 5
13 922 959 6
19 498 543 5
13 436 468 7
14 438 485 4
21 778 839 3
10 427 458 6
28 554 621 3
29 241 309 3
17 19 73 3
16 582 638 3
23 686 753 2
27 478 538 4
11 551 578 7
22 923 975 5
10 420 452 6
25 452 503 5
18 334 387 4
10 850 888 5
12 912 972 1
26 190 261 2
25 824 872 6
21 128 176 5
20 292 343 4
17 634 669 7
10 44 92 3
11 350 407 1
11 469 496 7
25 22 96 1
22 606 647 7
13 494 525 7
10 493 528 6
18 299 361 2
13 649 697 4
20 715 772 3
19 575 618 6
12 477 518 5
23 173 210 8
21 331 391 3
16 937 1000 1
14 63 109 4
17 313 365 4
18 823 882 2
14 924 964 5
20 847 895 5
15 645 705 2
19 292 330 7
12 321 359 5
26 237 274 8
14 539 602 1
29 239 278 8
21 794 831 7
13 104 164 1
29 248 315 3
11 520 570 3
22 399 435 8
14 891 931 5
11 371 412 5
20 406 446 7
13 514 552 6
28 647 706 4
16 616 653 6
23 126 164 8
24 860 894 8
29 829 899 2
27 214 281 3
29 403 448 7
20 229 278 5
28 748 813 3
29 21 97 1
29 811 887 1
10 371 409 5
12 675 734 1
22 954 996 7
19 537 581 6
29 15 59 8
19 349 398 5
17 29 79 4
22 830 869 7
25 350 395 7
27 364 408 7
29 277 339 4
20 600 666 1
18 655 684 8
14 112 136 8
19 176 242 1
14 285 326 5
11 443 479 6
18 972 1029 3
17 454 509 3
16 494 533 6
11 193 244 3
14 473 519 4
15 400 448 4
26 345 405 4
25 172 208 8
12 584 631 4
14 608 671 1
21 939 981 6
16 402 445 5
14 945 1007 1
26 137 183 7
11 540 592 2
19 969 1012 6
22 414 463 5
20 376 443 1
11 337 381 4
11 240 282 4
12 595 620 8
23 309 353 6
27 380 422 8
22 713 756 6
18 267 313 5
24 589 633 7
11 668 727 1
28 668 709 8
25 130 181 5
16 14 56 5
16 87 116 8
15 288 313 8
28 51 111 4
16 154 203 4
26 210 254 7
26 463 516 5
22 806 858 5
23 437 489 5
21 73 140 1
14 797 827 7
29 389 436 7
15 495 536 5
21 475 512 7
13 929 986 2
16 242 277 7
22 521 567 6
12 76 137 1
22 160 201 7
22 955 1020 2
28 811 862 6
19 262 292 8
26 887 962 1
12 429 453 8
26 788 826 8
11 303 359 2
20 834 900 1
12 36 89 2
15 625 652 8
24 654 694 7
16 495 542 4
26 743 806 3
18 7 66 2
16 786 838 3
29 285 349 4
28 132 188 5
24 64 116 5
12 605 635 7
21 355 403 5
13 831 876 4
15 763 795 7
29 5 75 2
23 540 585 6
10 854 904 3
15 952 992 6
23 409 469 3
17 377 434 3
18 511 556 5
15 260 316 2
27 940 980 8
11 68 125 1
18 146 176 8
17 527 571 5
25 759 811 5
25 542 616 1
20 52 121 1
14 871 923 3
24 397 444 6
23 151 210 3
20 798 829 8
14 863 914 3
18 730 766 7
24 576 639 3
27 825 891 3
19 398 458 2
14 378 432 3
28 493 549 5
25 987 1043 4
22 65 101 8
24 656 691 8
12 133 163 7
18 684 713 8
17 397 449 4
24 588 660 1
18 848 891 6
23 654 697 7
24 684 722 8
18 346 391 5
24 739 788 6
18 773 827 3