150
1 5 1 3
39 300 351 34
68 686 762 73
57 189 256 52
33 110 159 58
34 113 161 18
40 617 660 42
16 411 430 38
17 686 718 5
32 406 442 43
35 379 419 30
47 423 471 68
45 0 45 63
48 280 328 60
32 612 673 47
62 818 893 55
44 661 719 74
44 930 976 50
52 902 976 69
42 672 728 69
35 29 66 46
53 244 315 54
62 23 96 67
20 763 809 56
25 696 745 35
45 516 580 74
46 478 539 64
35 701 743 32
55 231 302 40
48 440 489 51
25 947 985 4
34 583 632 57
57 649 721 67
37 69 121 22
59 38 97 62
44 715 764 77
51 100 154 56
34 834 880 9
24 263 290 12
73 585 661 62
56 649 716 49
52 123 194 53
58 843 906 65
64 798 869 63
36 759 808 34
44 444 488 60
30 1012 1094 44
16 704 729 55
44 380 442 43
38 1015 1098 21
49 382 436 57
38 138 206 19
26 215 251 12
15 592 610 5
45 491 541 48
58 592 654 61
29 718 751 45
29 214 296 55
16 669 688 53
40 939 980 47
56 478 534 78
41 552 593 66
38 109 163 8
30 259 300 13
52 218 282 63
54 251 305 59
47 277 328 67
47 295 343 77
59 519 594 60
60 586 674 43
76 586 665 61
40 520 564 17
45 911 982 66
18 874 897 10
71 84 161 72
13 699 717 49
39 16 56 5
50 615 671 74
40 338 381 18
41 439 483 42
34 824 886 58
39 33 81 47
39 871 911 41
7 220 233 25
27 956 991 12
59 686 753 61
37 954 1003 3
36 736 772 29
37 277 329 37
29 227 270 33
34 256 297 40
41 609 651 70
34 952 991 44
57 437 499 72
58 625 697 57
31 976 1019 9
17 164 182 5
39 203 251 26
39 751 790 47
54 722 791 69
7 741 759 36
49 899 951 65
22 165 187 54
48 955 1016 48
20 678 713 28
40 929 969 5
58 445 512 69
18 162 184 10
54 615 670 48
1 784 793 39
41 623 670 78
37 392 435 51
34 226 264 2
28 855 895 54
40 907 949 3
39 840 900 25
58 43 101 76
42 0 58 59
39 698 738 45
43 17 68 71
26 400 427 41
57 383 440 70
79 297 386 78
20 161 202 35
55 0 55 56
25 559 604 16
3 783 788 14
42 338 382 76
68 650 724 52
42 0 55 78
43 871 914 41
42 748 816 65
61 588 657 57
43 353 396 64
32 541 578 36
33 695 753 37
59 116 186 72
38 347 395 28
8 491 499 32
33 756 800 12
37 468 506 2
53 912 971 70
30 478 508 48
45 735 781 51
56 202 310 59
17 516 582 52
53 611 675 68
64 869 957 78
55 319 394 46
27 517 547 23
33 176 217 9
