500
1 5 2 2
31 4344 4464 4
32 964 1084 4
48 4930 5050 1
38 1339 1459 1
29 2883 3003 5
25 5006 5126 3
59 2177 2297 3
24 369 489 2
33 2615 2735 2
51 1913 2033 5
23 4717 4837 5
25 2423 2543 4
46 648 768 4
40 2059 2179 2
45 4446 4566 4
31 5965 6085 3
48 3844 3964 2
44 2884 3004 4
57 5423 5543 2
47 5476 5596 5
29 3565 3685 2
50 1935 2055 4
32 2585 2705 4
49 4209 4329 2
56 498 618 3
33 1953 2073 3
21 2644 2764 3
24 2643 2763 4
59 4741 4861 4
49 374 494 5
21 790 910 2
35 2706 2826 3
22 2651 2771 1
48 2442 2562 4
35 764 884 1
33 3798 3918 4
42 3117 3237 1
26 298 418 3
47 665 785 2
58 2949 3069 1
32 1621 1741 2
44 1879 1999 4
21 745 865 4
44 4423 4543 4
58 4863 4983 5
35 1214 1334 2
42 518 638 4
46 5921 6041 2
48 3464 3584 4
51 4557 4677 2
35 5176 5296 3
53 1559 1679 2
57 5607 5727 3
28 4608 4728 1
55 5630 5750 3
39 800 920 1
40 6119 6239 1
42 5172 5292 3
54 5432 5552 3
54 5251 5371 3
36 4349 4469 5
36 1748 1868 3
36 204 324 5
32 2396 2516 4
31 760 880 5
39 1070 1190 4
37 2943 3063 5
24 4993 5113 3
35 1015 1135 4
38 388 508 5
41 4715 4835 3
32 2862 2982 5
40 3247 3367 5
29 5086 5206 4
43 5338 5458 3
51 2364 2484 1
49 1475 1595 4
47 2950 3070 4
28 5555 5675 4
38 5237 5357 3
21 2361 2481 1
24 204 324 5
39 4739 4859 5
47 3212 3332 5
33 1337 1457 4
27 2248 2368 5
48 6079 6199 3
48 4652 4772 1
24 2712 2832 4
21 5567 5687 1
51 89 209 1
28 4150 4270 3
56 2424 2544 3
54 1087 1207 5
57 4792 4912 2
40 2393 2513 3
44 5394 5514 2
48 4280 4400 1
60 3662 3782 5
56 2436 2556 4
45 846 966 3
27 2979 3099 2
31 1009 1129 4
58 5099 5219 1
50 5435 5555 1
32 591 711 1
21 95 215 4
23 3826 3946 4
44 160 280 5
38 5477 5597 5
49 1320 1440 5
25 1125 1245 5
30 4358 4478 1
53 1685 1805 3
53 4249 4369 3
33 2792 2912 1
28 1640 1760 1
45 109 229 2
55 3308 3428 5
28 800 920 1
27 563 683 5
39 2759 2879 3
54 4631 4751 5
54 2961 3081 1
59 2177 2297 3
28 2785 2905 2
44 4402 4522 2
28 2375 2495 1
39 5582 5702 2
34 1902 2022 5
40 561 681 2
57 2369 2489 3
55 3043 3163 5
59 512 632 1
32 1972 2092 5
25 2842 2962 2
45 4224 4344 4
59 6096 6216 5
26 3082 3202 3
29 229 349 4
37 512 632 1
60 5406 5526 1
46 2022 2142 3
37 5900 6020 5
27 5710 5830 3
27 4194 4314 2
23 2669 2789 1
39 534 654 3
49 6217 6337 1
21 4816 4936 2
55 3435 3555 3
44 1301 1421 2
58 2942 3062 5
29 1957 2077 3
51 3373 3493 1
58 1830 1950 2
37 4852 4972 3
48 5401 5521 2
41 1283 1403 3
29 1900 2020 3
31 5645 5765 5
22 5630 5750 4
29 3008 3128 2
29 4347 4467 3
36 1364 1484 5
33 1845 1965 4
26 5393 5513 5
37 4192 4312 2
31 3921 4041 5
51 1916 2036 2
60 146 266 5
55 2136 2256 1
21 4124 4244 3
35 3838 3958 2
43 3499 3619 2
36 5223 5343 1
52 351 471 2
42 1963 2083 1
46 4120 4240 3
36 5770 5890 5
52 257 377 1
27 3395 3515 5
36 2134 2254 2
52 3019 3139 2
37 585 705 5
46 2285 2405 2
30 1062 1182 1
29 2136 2256 5
48 1825 1945 2
42 2650 2770 5
38 2471 2591 2
40 5111 5231 4
39 3594 3714 2
21 3607 3727 1
24 1481 1601 1
56 5960 6080 1
42 5949 6069 4
35 411 531 4
32 2650 2770 4
45 5067 5187 2
23 5554 5674 2
25 609 729 4
41 94 214 1
33 2523 2643 1
54 3348 3468 3
25 571 691 4
50 3895 4015 1
46 2079 2199 4
40 952 1072 3
29 1552 1672 5
47 5674 5794 2
32 5170 5290 5
58 6177 6297 5
27 1654 1774 5
21 2666 2786 2
30 879 999 4
22 3257 3377 2
21 5422 5542 5
59 2768 2888 4
38 1487 1607 3
47 1405 1525 3
23 5703 5823 2
23 97 217 2
57 2601 2721 3
59 5090 5210 2
54 4497 4617 1
43 1 121 3
34 3179 3299 4
20 2283 2403 1
44 2321 2441 3
27 1746 1866 4
52 33 153 2
59 3102 3222 4
53 1716 1836 3
29 5708 5828 2
43 3141 3261 4
34 4064 4184 3
31 5264 5384 2
45 3959 4079 5
34 4514 4634 5
20 2603 2723 5
25 3335 3455 5
54 4702 4822 2
34 3996 4116 1
55 4201 4321 3
31 3679 3799 4
35 1016 1136 5
36 373 493 2
55 3014 3134 1
35 2108 2228 5
45 1302 1422 5
55 934 1054 5
43 6101 6221 2
47 3672 3792 2
58 2827 2947 2
24 218 338 2
32 745 865 3
43 370 490 1
53 1823 1943 3
29 888 1008 5
55 4375 4495 1
45 2130 2250 1
45 2280 2400 2
39 632 752 4
23 928 1048 4
46 375 495 1
31 1038 1158 1
23 812 932 5
46 2365 2485 3
58 367 487 2
27 1102 1222 3
29 238 358 2
51 4330 4450 1
34 2798 2918 1
23 3519 3639 2
45 2900 3020 1
48 3654 3774 3
48 3791 3911 1
33 1081 1201 1
38 4354 4474 2
23 4320 4440 1
30 49 169 1
49 261 381 5
43 440 560 1
38 2057 2177 4
40 4878 4998 3
22 6226 6346 3
30 4629 4749 1
24 784 904 4
56 3387 3507 5
29 3507 3627 5
22 3721 3841 5
57 2291 2411 4
29 1205 1325 1
37 758 878 5
47 5360 5480 1
59 6062 6182 1
38 5183 5303 1
44 4131 4251 5
48 4483 4603 3
58 4424 4544 2
36 1892 2012 5
49 5533 5653 2
43 2891 3011 1
46 4355 4475 3
36 2207 2327 1
54 5568 5688 4
50 1102 1222 2
20 2358 2478 5
32 489 609 3
29 452 572 3
21 4733 4853 2
33 5104 5224 3
58 1727 1847 2
46 6188 6308 1
34 2741 2861 1
27 5062 5182 2
43 4464 4584 2
52 5261 5381 1
23 2047 2167 2
35 4526 4646 3
58 3718 3838 2
50 269 389 2
34 5824 5944 1
45 5143 5263 3
30 5784 5904 2
24 2921 3041 4
38 5718 5838 3
37 4946 5066 4
57 3869 3989 3
57 2555 2675 4
52 1933 2053 3
60 4786 4906 3
51 4113 4233 1
35 5512 5632 2
29 4960 5080 1
31 2141 2261 3
45 3727 3847 1
55 5051 5171 4
35 3877 3997 4
31 3030 3150 4
44 146 266 1
43 3085 3205 5
21 3359 3479 5
56 1878 1998 1
30 3090 3210 5
49 2737 2857 4
57 4218 4338 1
29 6172 6292 5
35 557 677 5
58 2016 2136 4
52 199 319 3
37 4975 5095 4
20 2656 2776 5
54 4312 4432 3
30 3895 4015 3
43 2311 2431 2
57 2651 2771 3
38 3507 3627 2
27 1711 1831 4
50 3462 3582 2
47 577 697 5
30 321 441 2
29 3159 3279 4
51 2852 2972 1
30 5990 6110 1
31 3822 3942 4
26 6012 6132 5
54 1454 1574 3
21 4392 4512 2
44 2643 2763 3
25 2505 2625 4
37 5334 5454 2
37 2748 2868 3
30 4345 4465 5
36 6046 6166 4
28 5750 5870 2
55 6173 6293 4
48 2148 2268 1
23 1382 1502 1
58 4749 4869 2
21 5937 6057 1
40 4762 4882 3
47 3598 3718 4
47 2396 2516 5
23 1796 1916 2
28 4571 4691 2
23 4305 4425 1
30 4587 4707 5
46 4725 4845 3
35 3946 4066 3
55 3827 3947 2
38 4890 5010 3
38 4188 4308 3
31 5667 5787 4
47 247 367 2
46 4055 4175 2
45 5742 5862 4
39 2136 2256 1
43 5430 5550 3
58 5732 5852 1
34 5208 5328 1
60 3448 3568 4
28 4214 4334 5
55 2485 2605 4
27 688 808 1
26 4848 4968 1
31 5799 5919 1
47 4736 4856 3
38 2027 2147 3
38 60 180 5
43 3058 3178 3
60 1874 1994 2
37 5958 6078 5
30 4633 4753 2
23 3821 3941 2
25 5319 5439 2
59 5651 5771 3
48 1009 1129 1
30 2105 2225 4
43 5406 5526 5
34 102 222 3
44 850 970 5
39 4036 4156 5
52 3878 3998 5
42 4976 5096 1
22 4251 4371 1
58 3179 3299 3
44 3141 3261 5
40 423 543 3
25 380 500 3
32 5766 5886 5
45 4076 4196 1
44 3753 3873 4
42 5648 5768 1
45 850 970 1
23 3966 4086 5
22 4615 4735 5
27 4757 4877 4
28 2954 3074 3
34 4316 4436 1
58 5218 5338 5
35 1713 1833 1
49 4242 4362 5
32 891 1011 1
55 2831 2951 3
38 4362 4482 2
40 3728 3848 3
51 5116 5236 3
28 3928 4048 3
31 3524 3644 1
49 2801 2921 5
44 1925 2045 3
21 4422 4542 1
24 2717 2837 1
57 3391 3511 3
55 3313 3433 5
37 4757 4877 4
45 2180 2300 2
26 5722 5842 1
60 2576 2696 3
53 5255 5375 2
23 3749 3869 3
56 6165 6285 5
21 4433 4553 2
27 6024 6144 2
24 3015 3135 4
37 445 565 1
33 395 515 2
60 6128 6248 2
27 3886 4006 2
37 1965 2085 2
36 4215 4335 5
45 4177 4297 5
29 973 1093 3
53 1444 1564 2
20 2383 2503 5
24 5086 5206 2
23 2088 2208 4
43 5402 5522 2
45 2980 3100 3
57 3448 3568 1
23 1154 1274 3
41 5332 5452 4
35 650 770 3
32 399 519 2
60 1785 1905 1
47 3586 3706 5
51 2944 3064 2
27 1485 1605 2
25 2771 2891 3
27 3513 3633 4
42 4921 5041 3
56 4620 4740 1
55 2465 2585 2
47 2657 2777 5
49 4660 4780 4
23 5939 6059 3
38 3287 3407 4
44 107 227 2