450
8 1 3 6
46 567 643 10
79 100 191 31
82 399 494 20
57 85 164 24
44 590 644 24
65 299 383 1
98 97 208 30
43 222 276 29
71 501 582 30
40 608 660 1
40 442 494 24
92 184 290 37
69 447 526 2
74 273 372 20
93 110 216 18
33 244 288 8
86 158 260 14
43 463 524 1
93 342 446 28
69 369 450 10
23 586 621 28
52 320 385 20
66 592 668 34
26 280 328 12
48 669 747 19
29 508 547 18
97 478 597 25
86 655 753 4
84 155 252 21
96 211 322 18
71 546 627 10
87 16 113 21
98 339 459 24
92 412 519 15
81 175 267 38
91 337 443 24
68 433 512 19
59 182 256 24
59 173 245 16
57 428 498 8
31 9 50 29
24 56 110 32
96 55 165 38
83 191 291 33
60 119 191 29
50 60 132 21
26 348 399 1
56 119 186 40
76 636 725 11
94 111 230 19
74 544 628 18
92 414 516 24
97 383 495 40
71 115 196 10
31 482 528 20
74 240 331 18
33 526 570 25
47 234 294 30
78 559 648 9
34 153 203 17
37 636 685 8
69 206 285 31
75 340 445 12
32 642 684 19
36 481 528 17
53 165 234 16
49 78 141 36
35 514 566 23
53 134 206 33
38 62 114 12
72 36 132 40
72 115 202 34
46 664 723 28
68 515 613 17
95 481 589 11
84 433 527 17
52 207 273 17
26 163 201 31
38 422 473 22
45 375 439 27
52 267 330 13
52 586 658 23
27 183 226 19
95 495 602 2
72 614 696 5
94 285 390 21
36 210 267 29
83 2 96 23
51 287 352 23
59 279 352 22
25 8 45 23
75 6 98 26
43 647 703 35
61 478 556 12
79 525 621 10
31 402 445 20
22 66 108 27
31 328 381 21
29 653 700 32
39 660 720 33
80 407 497 26
52 27 99 27
23 627 670 19
76 605 699 10
22 419 453 4
53 203 267 27
28 616 661 14
61 74 153 36
68 42 120 16
37 199 246 14
37 422 476 1
96 581 702 17
87 13 114 21
82 139 233 15
61 118 201 21
46 443 509 25
34 205 250 18
53 330 406 16
41 105 158 14
56 347 413 20
79 310 403 6
29 588 638 1
64 484 562 19
49 411 489 35
58 214 284 25
67 284 369 29
44 490 544 12
76 33 139 21
75 286 374 22
59 431 500 1
22 22 61 36
54 652 735 20
63 445 519 25
81 80 176 18
77 87 174 28
77 463 560 20
22 639 686 32
71 664 745 20
85 51 164 2
97 120 227 18
96 315 422 5
94 15 124 20
75 463 555 13
71 590 675 21
27 373 421 1
64 609 703 37
62 392 473 24
98 312 440 38
33 225 272 6
48 78 146 24
34 190 235 22
63 372 446 1
49 87 146 1
29 195 249 40
33 26 78 22
47 460 527 17
47 195 252 40
45 585 646 19
90 262 376 21
34 459 508 1
49 406 470 29
31 143 184 20
29 656 715 12
51 3 65 22
22 355 393 20
54 588 654 34
67 664 744 10
95 61 174 18
41 115 168 11
91 422 537 35
53 389 472 11
42 468 522 16
86 614 711 26
91 551 656 16
50 423 503 35
91 512 614 35
87 280 383 22
95 538 646 15
75 89 189 27
31 568 609 19
58 175 248 16
84 121 218 26
97 581 706 22
41 176 233 18
98 411 521 31
67 457 534 9
88 459 559 15
90 321 431 31
36 645 693 14
48 558 619 16
22 40 92 1
65 586 669 32
34 558 612 13
35 302 352 16
73 588 691 5
35 72 125 24
70 335 416 17
87 262 363 7
53 196 264 19
32 127 180 18
49 416 481 31
92 256 360 38
41 642 712 19
38 295 352 30
32 327 369 19
43 112 165 19
49 481 542 17
97 628 746 21
80 433 524 27
24 488 528 35
88 43 147 12
52 657 720 20
21 663 697 12
63 54 141 24
65 345 420 14
21 254 286 7
67 586 667 15
76 528 617 30
27 652 690 25
49 588 647 17
57 408 477 9
57 150 219 26
53 89 157 30
79 443 534 12
58 87 155 6
60 64 137 17
57 10 77 20
26 647 693 40
54 547 612 22
71 530 631 34
69 294 377 22
38 343 398 16
67 97 174 34
57 153 221 11
52 54 119 5
92 196 302 7
85 315 413 6
99 499 616 19
63 520 593 30
36 125 174 33
39 366 431 25
66 246 324 35
76 590 680 8
80 575 685 11
62 198 289 33
70 595 686 14
68 249 332 5
67 147 227 4
29 105 145 38
39 343 412 31
31 592 643 24
97 214 323 15
84 566 672 16
82 24 123 23
85 513 611 18
83 632 741 9
24 571 608 13
89 330 437 25
81 625 718 7
75 126 215 39
56 462 536 22
57 528 601 16
84 46 153 31
50 521 581 1
70 539 624 11
36 79 132 26
69 581 660 29
24 329 366 4
37 48 100 21
55 191 259 18
33 102 150 18
91 399 509 21
25 158 197 2
50 275 341 1
77 299 398 14
77 332 424 40
94 144 254 13
39 204 257 24
94 23 129 8
59 293 365 27
30 441 485 16
41 347 400 16
49 556 626 28
54 89 164 25
54 499 578 21
84 562 661 32
69 580 669 27
45 560 627 5
27 634 680 21
32 528 577 9
82 218 314 8
38 486 535 27
39 561 620 25
32 601 647 28
22 425 458 21
22 471 515 27
97 508 623 38
40 47 102 40
31 140 187 23
27 542 579 20
40 115 165 5
36 491 538 19
34 224 278 30
32 287 340 27
66 537 622 16
36 670 721 13
72 42 127 19
93 644 751 27
52 579 650 30
51 34 96 9
83 181 274 33
48 601 668 12
72 307 401 19
94 536 647 17
39 292 351 29
58 556 631 2
58 341 412 15
22 513 565 40
99 604 723 40
80 405 499 27
64 310 389 22
33 663 713 14
84 541 635 24
65 585 662 4
88 597 698 21
99 230 350 30
73 378 464 7
28 151 190 14
58 383 456 31
61 578 652 11
26 576 620 23
42 185 241 8
27 269 326 40
83 71 165 15
44 285 339 9
88 413 514 22
55 592 658 9
86 241 339 15
52 312 384 27
97 275 390 1
56 263 329 15
76 333 419 15
28 528 575 15
79 68 163 16
20 292 326 12
60 359 435 19
50 96 158 30
64 288 363 24
96 261 373 8
60 500 588 17
20 445 478 23
78 548 642 18
49 330 389 37
41 486 540 21
28 635 689 22
95 168 288 6
79 143 252 32
59 399 471 13
88 4 119 19
83 11 105 25
32 592 634 15
39 535 586 27
93 563 667 15
29 182 228 19
91 519 621 20
78 103 191 23
65 133 210 13
28 637 683 38
60 290 362 17
41 273 326 5
41 658 709 27
23 367 400 22
94 110 234 19
66 492 574 20
52 567 636 21
38 20 75 25
94 145 259 14
39 223 273 12
21 186 219 15
94 435 544 16
89 642 751 15
83 245 338 29
28 635 676 6
74 402 490 12
76 321 419 14
74 331 422 24
62 481 553 14
60 645 716 9
67 304 384 12
47 239 296 16
32 273 320 1
85 312 409 30
47 566 626 1
97 607 719 21
88 276 376 23
57 448 523 16
83 1 109 25
90 457 566 8
42 385 439 32
35 80 133 8
86 618 721 8
35 476 523 14
92 279 388 20
88 567 668 36
78 505 595 40
73 203 292 11
59 440 513 23
90 285 405 19
83 605 698 30
82 163 272 40
35 206 254 19
79 495 588 16
53 450 529 1
37 454 510 10
99 138 248 38
25 179 217 6
61 632 709 28
49 638 709 1
34 105 156 25
90 655 758 23
86 334 430 5
20 414 444 25
20 452 497 39
46 566 633 33
40 273 343 16
89 52 168 28
68 540 621 22
70 410 504 27
98 134 260 8
20 357 396 14
77 563 650 13
85 0 101 11
72 472 554 19
28 488 534 8
70 297 382 40
75 300 401 23
65 80 156 11
65 171 249 3
77 59 150 9
28 368 424 22
51 320 384 9
95 159 268 40
55 62 133 7
22 185 223 11
83 372 485 38
91 396 513 12
20 535 579 31
28 450 498 31
90 11 113 14
74 104 204 17
