150
1 2 3 2
44 39 159 2
41 62 182 2
43 1046 1166 1
48 253 373 1
45 1351 1471 4
44 1728 1848 4
20 387 507 1
54 574 694 1
28 502 622 1
47 413 533 5
60 453 573 5
59 1417 1537 1
41 756 876 5
34 454 574 4
50 945 1065 2
46 1881 2001 1
38 1295 1415 5
55 263 383 4
21 508 628 3
32 1132 1252 3
22 359 479 3
32 517 637 1
34 50 170 1
54 406 526 4
48 1498 1618 5
33 491 611 1
30 460 580 2
35 203 323 3
40 444 564 2
56 198 318 2
48 1537 1657 1
54 1587 1707 3
57 1971 2091 4
37 274 394 5
22 428 548 4
47 1839 1959 4
34 1525 1645 3
24 1018 1138 2
21 79 199 2
57 1213 1333 5
57 955 1075 4
53 766 886 4
35 326 446 5
35 1596 1716 4
57 1076 1196 3
57 1917 2037 5
21 1487 1607 1
23 1112 1232 1
51 1245 1365 1
43 2035 2155 3
47 1977 2097 3
56 815 935 1
22 1555 1675 4
35 1377 1497 2
44 445 565 2
22 567 687 5
23 1404 1524 3
34 1155 1275 4
43 913 1033 3
57 147 267 3
56 396 516 5
23 579 699 2
21 565 685 5
57 839 959 4
59 1739 1859 5
59 651 771 4
57 1100 1220 5
42 1969 2089 1
59 378 498 4
55 2019 2139 3
34 2046 2166 5
45 1513 1633 3
24 1864 1984 2
33 357 477 2
30 930 1050 4
38 588 708 5
56 26 146 3
36 637 757 1
42 1927 2047 4
35 1489 1609 3
25 1874 1994 3
37 95 215 4
38 1794 1914 1
41 1526 1646 3
58 1247 1367 4
29 939 1059 2
21 1640 1760 2
54 17 137 3
41 141 261 2
44 879 999 2
24 1878 1998 5
58 1169 1289 1
36 581 701 4
37 1898 2018 2
60 77 197 5
29 879 999 4
36 1592 1712 3
44 883 1003 2
47 989 1109 3
39 607 727 2
52 1886 2006 4
25 1407 1527 2
56 1753 1873 4
44 1195 1315 3
41 948 1068 1
55 91 211 3
39 401 521 4
27 1174 1294 4
42 427 547 1
54 1838 1958 1
52 16 136 5
29 1881 2001 5
51 948 1068 5
44 1839 1959 4
39 138 258 1
50 333 453 1
23 1510 1630 2
41 1324 1444 4
48 1379 1499 3
21 57 177 4
52 1031 1151 3
25 1968 2088 5
32 1744 1864 5
21 1179 1299 3
37 1222 1342 3
49 1448 1568 1
24 1632 1752 2
27 604 724 3
34 1062 1182 4
25 1277 1397 3
34 503 623 3
27 1495 1615 5
21 1365 1485 1
32 1419 1539 2
50 409 529 2
52 890 1010 5
42 1842 1962 2
25 1821 1941 1
48 513 633 5
29 1439 1559 5
36 1752 1872 3
58 2025 2145 4
59 1205 1325 2
35 1133 1253 1
27 1561 1681 3
42 129 249 3
34 281 401 4
40 1788 1908 2
57 1332 1452 2
59 1371 1491 3