50
3 1 1 5
52 53 110 59
30 88 122 23
36 22 58 29
29 256 288 13
22 193 218 9
39 72 119 52
40 23 63 18
57 0 57 52
39 195 237 46
51 113 169 44
47 103 156 48
34 0 38 47
50 301 365 66
46 211 262 73
47 217 271 77
50 177 260 58
29 148 209 32
48 200 249 78
4 32 49 34
22 183 206 2
44 157 205 61
38 59 102 17
45 0 51 76
49 189 257 49
62 63 126 68
29 138 168 56
36 278 319 50
45 198 244 75
36 113 171 2
33 293 329 40
72 244 319 41
59 83 147 78
32 55 99 52
38 0 40 58
44 321 370 79
32 289 336 15
69 68 155 46
9 322 351 37
27 78 116 51
47 55 112 68
51 273 352 64
55 95 154 68
40 293 348 18
8 224 244 5
22 84 108 17
38 82 121 53
33 199 241 36
43 151 198 47
43 176 219 68
35 158 197 2
