350
1 4 4 2
53 958 1011 61
52 1657 1727 49
50 649 726 64
59 2018 2084 64
55 19 74 66
43 1527 1612 77
35 306 345 43
56 1816 1879 54
43 2054 2111 63
47 512 563 73
67 494 565 52
46 1367 1421 56
34 1445 1519 3
79 944 1036 59
51 84 159 73
32 2281 2318 14
62 929 992 43
37 1927 1967 28
30 1919 1975 16
39 1138 1197 33
38 801 850 14
42 1545 1614 57
34 150 193 30
22 419 463 19
39 554 612 32
52 347 402 47
17 2264 2289 26
25 1355 1381 32
53 638 693 48
31 1820 1863 11
67 1113 1182 71
47 1550 1597 73
21 1535 1567 22
24 1526 1564 37
25 596 625 30
45 2070 2119 49
44 1985 2029 63
33 1977 2017 56
67 2228 2299 61
50 78 130 65
46 815 886 51
55 112 168 54
28 912 943 21
54 0 55 40
57 954 1020 71
33 220 254 44
45 211 260 58
42 1332 1378 74
37 2123 2183 1
55 1402 1457 51
28 2288 2320 6
40 446 493 39
28 1361 1425 4
29 1837 1868 49
43 1604 1666 69
54 448 511 77
45 1956 2012 45
42 868 912 46
31 920 952 2
54 1879 1935 61
43 602 646 63
44 1947 2002 78
29 606 636 44
45 1283 1329 78
34 607 645 55
72 799 871 76
43 1080 1123 68
51 1548 1600 48
34 727 779 51
40 2222 2265 31
16 2027 2049 58
21 312 366 40
40 2019 2062 19
56 2145 2216 66
49 1350 1418 67
27 1811 1849 38
25 390 420 43
8 1447 1482 13
25 2017 2046 23
28 1623 1661 44
59 2316 2376 56
22 1045 1077 39
38 83 123 10
31 261 308 53
3 2117 2139 41
17 207 224 27
24 1747 1782 40
54 566 621 45
34 711 749 37
26 979 1005 23
14 2106 2123 56
26 886 913 15
31 1183 1233 8
27 474 528 33
44 496 550 43
39 1785 1831 56
26 85 133 52
49 833 890 67
20 150 185 22
29 847 907 1
33 1587 1621 47
34 1359 1395 16
33 2251 2284 52
50 651 730 69
36 86 122 19
56 578 652 53
69 661 740 68
26 1551 1584 25
33 902 949 58
29 960 1001 43
31 1823 1870 14
33 1181 1233 6
60 414 474 63
43 129 176 43
36 245 285 15
37 999 1053 12
62 1667 1737 64
74 1506 1588 78
45 1486 1538 72
54 1783 1837 63
44 1051 1096 67
52 1363 1430 61
51 404 466 72
35 1638 1697 25
43 2337 2386 63
35 259 297 39
60 2055 2134 47
35 2012 2052 6
31 870 936 10
46 2312 2358 61
55 403 462 77
44 2270 2318 49
55 1360 1441 58
27 1453 1485 40
44 1383 1431 69
48 808 876 75
51 1209 1273 76
66 1350 1433 46
35 291 330 33
51 1255 1316 45
49 1855 1918 77
28 687 726 24
33 985 1040 24
54 1585 1647 79
53 257 314 57
38 2108 2149 34
43 453 498 79
50 2311 2363 59
40 916 970 17
35 89 125 14
64 2302 2369 40
62 1479 1583 62
11 1776 1798 23
48 143 198 75
52 2251 2303 49
53 1315 1377 79
59 932 995 66
20 1880 1912 59
64 457 531 55
41 515 563 65
26 1512 1545 46
33 2258 2298 52
56 1433 1493 66
35 2125 2161 4
21 1344 1381 2
54 677 748 49
52 841 901 58
30 618 649 45
59 1805 1875 58
50 2325 2383 43
31 2013 2052 54
63 350 425 75
54 1684 1752 42
31 2326 2357 8
20 997 1025 51
43 1411 1471 57
45 987 1034 77
32 279 313 19
34 170 254 24
22 2292 2314 54
80 1155 1239 50
45 2288 2342 73
36 373 416 3
48 2250 2299 77
42 1261 1306 71
67 2076 2147 52
69 1616 1685 57
7 709 734 40
39 375 418 28
19 2084 2112 17
29 1909 1953 38
55 1870 1926 46
46 1342 1401 71
72 2132 2223 72
43 1592 1666 57
28 119 148 49
29 37 70 11
32 1524 1587 36
56 143 209 72
53 1567 1632 48
70 1112 1201 43
21 1829 1850 11
45 1001 1048 42
61 1482 1552 65
39 267 319 8
28 1261 1301 56
25 1868 1899 56
39 1307 1361 36
64 1149 1219 49
46 1149 1206 76
36 2141 2177 45
31 1251 1284 38
20 673 697 4
32 1170 1202 57
52 686 746 61
51 2088 2145 44
34 1093 1130 53
41 1917 1961 65
42 443 497 53
33 182 215 44
33 2114 2175 29
61 673 742 75
50 1682 1733 51
52 1520 1578 79
19 540 570 20
36 1147 1184 28
46 603 656 71
70 1167 1245 66
49 824 873 52
14 2281 2325 57
28 791 835 17
31 2201 2233 1
34 1440 1481 15
36 1628 1664 47
17 1594 1623 9
46 588 636 51
44 280 329 61
28 412 447 50
23 1838 1864 32
29 1300 1329 30
21 18 45 2
47 1519 1573 79
28 1244 1295 22
44 2064 2123 48
42 941 987 55
63 858 935 42
32 2104 2159 58
27 1328 1366 11
40 719 765 46
32 683 723 52
15 502 551 42
51 345 397 60
37 522 565 39
45 45 115 71
25 1441 1469 49
41 1368 1414 66
45 780 838 58
49 227 278 54
18 941 961 4
33 1535 1573 4
32 1629 1665 38
56 2329 2387 58
11 715 734 3
52 740 792 73
38 2333 2377 48
74 740 814 49
25 1514 1557 9
46 364 414 40
40 998 1055 53
26 309 360 58
27 445 477 37
31 557 592 12
26 311 340 54
64 789 854 72
38 625 665 46
53 1431 1488 55
48 44 100 67
54 0 57 69
58 132 205 41
31 1194 1225 57
53 1542 1595 69
39 1123 1169 7
57 1125 1183 77
31 1991 2025 50
25 1634 1662 57
32 1016 1059 31
32 518 554 5
43 375 424 62
58 1530 1590 70
30 679 732 27
23 630 711 46
30 1169 1212 11
27 1775 1816 10
44 851 904 41
66 1731 1833 45
40 1940 1983 57
37 974 1013 30
50 0 53 50
59 501 569 56
31 532 564 10
35 297 374 28
27 2034 2063 58
24 362 396 6
54 2155 2219 56
28 1478 1506 49
34 1186 1220 27
12 1062 1079 33
46 366 412 52
29 852 883 27
6 31 41 17
15 0 28 33
37 605 658 32
39 2099 2140 36
59 1802 1863 43
37 21 60 43
25 1446 1491 9
45 1625 1671 42
45 1221 1270 45
41 1575 1616 66
30 562 593 48
38 1653 1693 29
38 1932 1973 23
66 1294 1361 59
55 1642 1701 57
41 881 967 64
35 1838 1879 35
25 901 927 18
56 1027 1085 43
64 353 433 66
49 1887 1946 62
58 646 719 79
33 799 861 39
44 2165 2218 41
43 1077 1123 44
70 1015 1090 79
53 485 546 42
50 1568 1620 66
48 1705 1765 44
44 1815 1861 52
13 1424 1447 31
21 879 909 6
30 738 768 14
56 1617 1676 57
25 1454 1509 2
41 836 896 41
33 622 659 25
7 1009 1045 31
32 1923 1956 31
36 982 1022 5
65 1551 1619 70
