200
6 2 6 1
24 343 387 56
45 720 774 42
5 796 802 23
31 152 204 37
30 654 690 42
59 19 79 58
41 1266 1309 76
37 1075 1126 2
56 1197 1254 46
49 126 177 67
53 208 270 67
32 64 113 36
37 1295 1333 11
68 700 793 73
34 1206 1269 53
47 1173 1236 47
33 237 271 43
6 741 758 19
64 29 94 77
21 1096 1117 54
23 769 799 8
24 785 810 14
33 0 36 20
44 828 876 47
39 694 739 48
54 435 502 53
10 653 676 29
14 1116 1131 58
24 1148 1176 43
33 270 305 49
19 1177 1206 22
52 444 496 63
43 1201 1245 50
39 1168 1212 21
57 463 549 78
27 1194 1229 44
65 1155 1223 67
51 1112 1179 72
56 629 699 46
33 797 831 10
33 447 484 39
4 644 664 41
21 770 799 3
64 910 992 48
28 1310 1348 59
61 47 114 67
51 817 869 54
33 575 608 50
56 1245 1306 42
61 1279 1385 66
40 128 173 27
24 122 154 27
24 1209 1271 54
40 1222 1272 21
41 684 726 43
41 326 367 70
18 701 731 59
63 689 771 49
60 395 461 79
28 171 199 6
17 763 807 17
39 281 335 15
31 909 952 11
60 1043 1112 79
34 134 168 39
69 318 388 49
68 884 958 63
43 312 356 65
54 1095 1150 49
19 660 679 35
57 495 555 63
61 181 250 71
51 680 745 72
59 77 138 72
41 789 836 74
51 701 754 44
55 917 975 69
41 389 437 77
27 976 1029 14
47 832 892 42
45 1322 1383 45
35 540 587 20
50 1009 1064 42
52 342 432 51
45 84 131 44
24 344 370 53
19 1137 1158 56
60 1064 1137 73
38 304 344 25
31 801 836 21
21 606 632 1
42 1172 1234 43
79 1102 1194 69
51 1070 1137 56
48 774 825 60
54 174 235 75
25 952 988 35
39 995 1048 16
40 62 112 53
29 732 766 12
33 59 127 52
35 620 662 47
40 152 195 13
43 677 743 56
12 50 62 5
47 294 346 52
25 29 55 31
27 545 574 47
9 999 1008 27
50 283 340 78
4 880 893 23
51 1103 1158 57
30 44 89 40
47 544 603 48
53 1206 1260 54
46 1090 1136 50
17 418 438 57
38 302 342 5
37 356 397 17
53 482 537 75
85 269 354 60
43 792 835 64
25 438 507 44
31 548 601 28
35 1032 1075 36
27 534 561 4
63 1153 1221 55
38 298 345 37
41 830 877 79
41 27 73 46
30 1138 1172 28
23 687 721 53
52 1208 1270 47
11 0 42 2
26 708 796 43
50 1076 1135 41
52 737 802 63
32 609 642 12
63 1325 1390 77
57 1232 1291 56
69 420 491 43
53 493 559 50
36 210 248 36
24 0 25 46
29 1135 1180 24
36 574 630 27
56 496 586 46
44 1139 1185 40
39 942 1042 25
65 815 894 54
43 485 550 63
66 407 474 60
49 576 665 73
47 103 169 58
52 1219 1276 44
32 400 452 25
27 638 666 7
44 265 313 48
45 263 319 52
31 461 493 45
15 758 794 50
29 559 593 47
50 928 989 73
34 0 35 4
19 785 814 48
28 1057 1095 28
67 1149 1222 79
46 261 324 63
60 514 608 57
35 581 618 7
29 835 877 32
29 662 693 38
44 1147 1191 60
15 711 737 4
66 246 320 76
32 1172 1207 14
56 466 523 50
49 895 962 52
34 940 974 41
47 1306 1354 78
31 312 359 1
60 1172 1269 49
32 1249 1282 55
29 1029 1066 36
50 800 851 75
27 1022 1053 40
65 944 1030 74
41 393 435 46
18 1133 1154 1
22 16 39 19
42 164 206 61
64 459 529 67
45 465 513 60
42 935 980 71
39 169 214 22
54 97 152 72
55 358 418 53
25 1021 1071 36
20 1224 1250 25
20 52 80 37
