350
6 7 8 1
41 90 154 5
83 265 362 40
39 368 417 31
62 293 380 27
70 292 383 24
39 91 140 25
63 437 517 30
41 122 193 29
29 337 376 14
60 179 259 2
34 184 247 32
63 211 286 18
60 130 203 17
80 39 133 28
57 246 330 4
55 402 469 34
70 481 571 20
88 283 384 29
36 474 520 9
41 267 320 12
36 336 386 28
81 131 223 1
74 388 475 18
67 269 349 26
93 181 290 40
62 18 110 23
51 9 73 10
60 131 204 25
50 520 596 23
79 146 239 14
82 291 389 20
70 137 217 36
67 16 96 7
69 278 359 24
58 332 420 15
59 463 532 36
70 16 103 21
62 237 310 16
45 340 401 9
45 112 172 18
22 95 132 15
38 479 529 15
40 357 411 18
82 457 556 36
42 292 348 17
46 76 134 11
86 190 297 14
74 280 373 20
42 465 517 40
50 366 435 20
68 104 191 33
94 421 527 15
89 336 440 16
97 524 633 24
36 355 408 6
51 378 444 28
59 309 390 21
64 139 227 19
26 467 503 4
57 163 231 12
76 293 382 11
27 77 115 24
83 63 165 16
72 357 439 22
22 128 160 13
21 283 318 10
70 280 366 20
93 360 464 21
57 18 90 26
46 161 234 4
75 448 534 9
38 285 340 13
92 359 461 21
52 59 141 17
87 458 556 6
28 347 386 26
21 106 140 40
84 452 563 13
29 99 142 27
58 79 158 27
96 150 256 17
49 84 149 14
72 519 608 17
74 38 133 11
41 457 525 23
31 368 413 25
65 446 528 11
92 439 542 23
76 237 343 14
87 120 218 25
65 295 390 12
37 305 369 6
34 304 360 10
34 313 362 31
81 488 587 13
37 297 348 1
94 235 354 28
70 139 226 12
79 32 136 27
90 148 251 17
42 273 345 19
41 166 221 28
82 281 374 33
76 442 534 3
98 313 441 25
53 389 455 7
80 452 542 21
74 236 334 10
97 317 430 23
44 14 69 27
99 490 600 9
21 85 118 19
70 519 601 28
81 338 429 33
97 320 429 11
27 394 443 33
70 485 570 20
23 434 470 27
52 55 117 22
23 440 485 11
58 460 537 22
96 397 504 4
59 247 317 12
53 359 425 15
81 8 104 1
41 280 340 13
49 179 244 17
80 189 291 23
36 211 257 29
76 398 494 12
40 467 523 7
68 418 498 13
22 391 431 29
80 247 348 40
37 57 107 13
61 283 356 13
96 470 583 32
94 10 115 29
70 256 338 11
59 72 144 24
30 510 561 19
66 266 359 5
93 502 617 18
44 362 421 1
88 59 165 19
62 505 577 32
65 468 553 24
64 252 327 28
64 378 455 16
68 341 420 22
55 323 398 20
78 425 520 1
24 408 448 24
97 482 591 3
67 267 364 24
63 517 590 26
42 262 315 19
59 378 448 11
87 210 309 31
99 122 244 30
37 85 139 15
85 495 597 29
25 335 371 24
68 163 259 22
56 471 538 17
68 93 172 16
66 163 256 19
74 437 524 14
58 397 469 32
58 416 484 6
78 394 486 18
92 385 494 20
33 267 312 14
73 248 332 30
63 301 388 23
26 423 465 15
42 466 538 16
61 455 535 24
50 47 109 26
72 499 589 23
26 338 394 16
42 41 100 11
30 165 214 11
63 391 473 10
63 126 200 15
92 221 325 21
97 364 481 5
27 412 462 15
34 315 364 12
65 340 421 19
90 456 563 25
55 108 179 11
31 46 101 11
86 231 337 22
97 451 566 20
24 15 49 26
52 155 218 6
26 364 404 33
54 133 217 21
84 305 407 23
80 143 242 26
91 386 495 32
31 141 189 1
85 314 412 19
46 121 186 17
93 363 468 6
78 422 511 8
80 178 288 26
21 235 269 36
66 112 204 15
48 502 562 13
91 249 370 17
70 383 483 24
56 427 497 23
31 165 226 27
78 404 495 30
94 277 382 29
96 374 486 33
50 36 116 24
70 429 510 25
44 270 328 1
70 362 449 34
72 75 157 20
52 282 348 22
80 100 199 16
76 299 393 17
34 162 206 16
35 173 222 5
87 142 245 15
73 520 611 20
98 403 514 13
59 63 152 27
91 490 591 12
45 292 355 21
37 344 394 17
46 115 191 21
36 242 294 28
99 259 369 3
87 490 607 33
81 241 344 10
59 170 242 34
38 69 121 3
74 232 319 2
53 24 88 40
63 521 599 1
85 19 120 26
86 161 259 18
33 70 127 17
71 202 286 18
57 221 288 24
92 299 404 7
22 70 102 13
85 453 549 16
79 343 433 8
71 128 209 23
29 79 123 9
90 79 192 15
95 403 515 14
32 414 458 16
55 182 255 20
35 69 126 21
99 411 527 17
96 425 539 30
28 123 181 28
93 66 174 28
20 475 506 31
31 264 320 40
85 466 562 37
37 148 214 16
86 317 415 19
69 508 587 17
32 390 452 6
22 473 505 24
44 358 414 14
49 387 451 22
28 297 344 10
29 118 164 9
51 185 250 24
36 245 307 17
53 19 88 16
65 459 553 31
39 451 500 38
57 462 529 1
38 79 128 4
37 388 436 18
46 253 320 17
22 237 289 22
97 112 219 9
70 296 376 26
54 190 263 2
35 10 74 24
25 214 251 12
54 212 285 27
54 61 126 28
69 441 524 24
33 45 96 12
87 20 119 27
40 223 277 22
26 249 286 24
47 378 438 11
88 63 181 15
62 473 546 18
66 510 594 24
62 200 272 32
66 42 124 38
63 282 357 21
31 128 175 21
89 436 540 23
39 342 393 9
49 38 103 24
25 309 344 18
77 171 259 14
95 170 280 8
55 369 436 11
33 256 310 1
86 216 319 12
70 96 178 21
97 160 274 28
89 515 615 10
49 65 132 24
67 448 542 15
35 166 215 21
40 95 150 19
76 185 280 13
35 384 431 17
32 239 292 39
99 126 255 12
38 245 296 15
45 275 331 10
87 180 277 21
79 462 567 28
93 319 427 15
54 368 441 40
87 454 552 27
94 193 298 1
69 219 298 39
80 529 630 17
32 30 89 17
32 197 241 33
93 187 301 5
25 321 357 28
34 453 499 22
33 103 146 27
67 465 544 15
98 227 355 7
49 344 405 18
54 418 483 1
95 343 454 32
97 402 527 14
76 312 403 18
