300
1 4 6 5
65 422 501 4
81 356 457 18
60 367 456 29
78 424 512 10
73 173 260 28
45 81 140 14
45 368 424 34
66 200 288 1
74 409 493 16
23 186 219 21
82 205 297 26
41 301 369 33
50 81 146 21
47 296 358 14
77 409 510 25
88 254 359 27
54 331 406 28
41 387 442 14
77 251 338 19
39 290 342 13
28 85 134 25
58 303 377 18
76 144 230 24
87 434 539 19
94 178 301 4
98 363 484 22
24 409 463 11
68 223 302 28
48 67 135 3
94 416 526 21
69 380 462 31
88 189 293 20
59 108 187 24
61 353 427 19
36 277 342 6
58 101 169 13
83 150 244 19
52 221 290 21
65 33 111 20
50 340 400 21
58 309 377 8
64 282 358 24
92 310 413 35
23 43 79 14
35 130 181 10
21 270 306 11
55 158 225 19
83 92 205 13
53 58 140 27
80 22 116 31
69 303 393 3
91 317 425 31
23 371 420 25
21 57 97 16
30 133 175 19
61 395 466 28
24 118 163 10
76 319 405 26
63 68 148 6
98 226 335 17
32 7 61 23
42 390 458 2
53 156 235 21
69 199 285 37
40 161 215 13
34 204 249 14
53 65 128 10
38 66 114 35
47 248 309 13
41 303 354 21
31 75 123 24
22 123 164 31
23 259 298 30
39 156 205 16
29 135 191 28
93 344 448 35
31 82 127 5
59 376 459 12
62 181 265 21
58 64 141 17
60 82 152 17
48 91 150 20
54 402 466 31
44 40 101 10
92 404 512 27
39 344 395 16
85 299 399 1
79 224 314 5
59 170 243 23
89 115 218 25
51 160 222 20
36 201 248 21
64 316 404 13
49 418 477 30
66 22 100 19
40 408 459 25
91 125 227 5
60 9 83 18
78 3 98 24
35 135 184 18
73 392 495 13
87 82 188 17
95 343 450 18
67 421 500 14
55 91 160 21
77 124 222 22
49 2 66 19
69 192 273 27
52 225 293 18
52 421 489 10
27 368 406 22
95 353 463 12
31 216 259 18
27 38 76 32
25 20 75 16
97 106 214 18
80 41 133 39
64 37 119 16
43 169 222 8
73 203 289 17
87 199 298 8
46 6 76 11
21 173 208 15
80 128 224 12
33 423 479 11
81 0 102 24
62 60 138 21
46 353 418 14
48 192 252 25
80 57 154 17
96 281 392 17
30 320 360 10
43 134 191 7
70 407 488 17
36 113 162 26
57 407 476 9
77 291 390 18
35 236 289 20
39 369 423 13
22 20 59 20
78 27 117 17
26 239 283 6
22 54 93 15
56 413 482 2
35 305 353 30
34 346 393 9
97 196 308 34
65 64 150 23
91 59 166 36
28 20 78 29
88 166 264 19
49 402 469 27
25 231 272 17
45 229 284 6
70 197 284 8
25 294 333 40
83 105 199 11
63 386 460 28
44 124 195 15
52 129 196 8
36 94 149 19
76 17 107 24
25 227 266 24
73 17 114 33
71 278 370 11
73 161 259 28
20 334 364 20
74 241 330 1
50 108 168 28
86 170 280 1
42 152 204 31
47 98 157 19
59 360 449 20
75 397 492 36
92 142 244 21
27 226 266 1
63 57 139 5
74 210 314 12
95 158 264 17
43 133 193 11
88 278 387 5
54 431 515 29
21 250 286 28
72 5 90 24
87 409 514 35
75 274 377 13
70 98 191 7
53 332 403 11
83 120 215 10
65 56 131 31
51 385 457 12
22 33 66 5
59 34 109 32
76 419 519 17
35 200 251 16
21 51 82 36
22 20 57 1
38 224 273 4
98 43 152 4
70 84 173 26
35 272 319 34
65 402 487 30
75 15 100 11
36 156 209 14
32 378 427 22
56 349 421 9
39 21 78 11
86 262 360 31
85 99 201 27
45 30 88 16
98 94 205 40
81 252 363 24
93 423 534 30
34 338 396 16
71 328 410 36
81 80 179 22
96 359 465 33
21 95 127 10
77 206 312 7
51 293 368 8
26 196 232 19
41 312 363 9
52 79 142 2
36 88 141 36
35 256 304 16
91 295 403 26
44 340 394 15
85 373 468 15
93 435 546 5
59 143 215 15
86 412 509 6
59 49 124 22
88 357 456 26
64 135 224 23
95 92 204 31
26 23 60 35
88 289 388 6
53 145 216 21
33 169 223 20
58 259 333 19
51 30 96 25
28 156 202 26
70 226 311 13
94 325 432 26
30 239 286 40
36 133 182 24
28 126 169 29
53 209 284 26
28 355 399 21
81 132 231 14
80 70 174 23
45 364 426 4
35 309 355 18
32 381 428 18
53 372 441 27
77 412 505 30
63 242 315 10
30 237 279 26
73 48 131 17
63 419 506 18
56 196 265 21
76 337 424 33
97 385 492 29
21 215 250 1
62 271 343 19
48 381 444 36
79 433 528 11
66 355 441 27
47 64 135 21
70 196 278 29
97 335 452 17
38 375 433 26
89 45 148 40
56 419 487 11
45 51 109 31
42 1 54 14
64 214 296 21
27 35 74 24
77 303 402 6
78 93 195 26
24 197 239 35
97 114 222 10
87 177 275 14
85 244 358 23
39 281 336 15
62 17 108 33
35 215 266 26
86 113 215 29
97 99 207 27
59 23 93 10
70 23 106 13
75 332 423 24
41 284 339 6
79 185 285 16
28 333 377 24
93 186 292 28
34 309 361 19
74 133 219 19
91 60 166 25
48 259 329 14
