500
5 1 3 2
89 596 695 1
66 342 424 19
41 395 450 18
99 326 439 5
82 241 333 24
43 174 227 8
76 195 283 33
71 47 129 20
21 534 566 10
81 25 118 1
98 398 509 19
63 513 590 20
36 201 263 17
84 687 784 24
27 660 698 39
95 697 807 28
85 470 581 13
57 739 824 29
80 52 146 27
36 221 278 20
59 166 247 30
64 103 182 1
61 294 366 26
37 355 402 16
75 25 113 30
20 238 268 8
86 677 775 12
95 265 372 11
46 469 539 22
48 441 507 23
81 95 188 15
99 723 835 31
72 73 155 18
61 702 776 7
44 203 267 24
82 460 554 22
63 396 475 5
30 737 790 18
35 327 392 21
29 142 182 16
75 210 301 1
55 268 344 2
22 135 167 26
40 406 464 6
80 443 534 1
71 608 698 40
56 320 388 24
21 670 704 1
32 80 126 27
53 251 317 20
98 389 498 4
56 128 196 28
55 7 78 16
83 99 208 24
89 393 492 22
76 565 651 11
81 4 95 27
55 139 213 5
56 21 89 14
26 308 344 26
88 694 796 20
99 214 327 21
45 276 333 19
83 158 263 31
63 195 269 22
21 739 771 12
37 68 123 27
59 436 506 26
28 234 292 24
90 590 694 29
56 224 300 1
78 731 839 25
38 734 790 25
24 52 87 34
59 388 475 11
86 67 167 20
83 330 436 5
54 444 509 20
85 537 634 36
49 71 136 11
88 508 606 18
80 393 487 18
26 456 492 6
22 572 604 20
83 214 310 16
64 653 740 11
81 212 323 26
49 318 387 7
42 123 180 1
44 62 120 18
31 185 232 15
90 277 389 5
43 617 672 18
25 368 423 7
47 259 317 18
38 249 297 14
23 150 185 14
37 565 619 23
56 70 137 10
65 182 267 2
56 205 277 16
68 114 202 21
86 289 389 29
48 357 435 25
59 402 474 18
43 376 430 15
55 61 126 32
27 90 134 40
77 284 378 17
37 347 403 13
29 481 523 3
98 24 134 9
57 80 160 24
88 33 131 22
62 28 112 7
84 607 707 15
98 161 281 40
33 580 631 28
80 115 206 22
33 626 676 15
84 293 389 14
28 244 285 14
72 172 263 32
78 626 716 22
95 316 421 6
65 14 92 10
32 490 533 21
60 185 260 24
54 254 320 32
44 641 713 27
61 661 741 32
38 237 287 27
63 10 90 35
27 453 492 21
30 11 59 18
69 319 410 35
88 559 668 5
37 556 604 12
60 161 231 13
28 711 753 40
64 503 583 20
40 405 474 36
97 709 819 21
41 442 493 13
70 18 104 7
57 733 800 21
98 73 181 15
83 420 520 8
26 95 151 5
30 61 121 27
57 285 355 28
31 426 469 21
86 292 395 13
78 611 712 35
99 649 768 16
83 522 622 5
89 633 733 14
58 712 780 4
64 284 359 14
84 705 799 5
35 614 665 29
34 63 108 25
29 303 347 32
89 404 515 4
95 475 582 21
55 348 415 20
54 155 220 1
85 207 320 19
20 454 484 19
42 654 716 21
28 665 703 17
63 545 619 3
55 81 150 19
98 380 490 4
71 720 809 20
58 272 349 9
52 186 248 39
52 182 252 18
81 373 484 30
25 462 497 22
77 736 827 8
91 440 552 40
95 417 529 26
65 574 650 25
52 507 582 30
87 739 845 40
64 293 372 18
25 228 276 6
63 411 493 14
49 626 685 27
67 287 367 33
87 538 649 22
60 573 658 40
29 570 610 35
20 498 532 15
83 65 178 40
28 476 516 23
60 336 410 4
55 575 640 6
59 637 716 25
96 726 833 12
86 538 654 18
30 97 141 25
89 689 805 40
60 515 591 10
44 488 545 18
60 696 770 19
41 316 370 1
70 207 301 21
62 477 549 23
56 249 315 21
21 285 317 15
78 211 300 14
71 104 195 19
70 574 659 25
75 153 247 40
64 291 368 14
51 390 467 20
25 549 594 10
43 676 737 11
56 481 559 24
93 538 648 38
44 119 183 11
34 428 475 15
92 244 363 24
93 306 410 28
77 559 656 15
52 180 262 31
69 378 465 23
67 378 464 17
90 201 302 35
87 455 558 29
87 206 304 12
44 88 146 11
97 67 189 4
51 515 581 24
96 724 830 8
42 298 357 25
72 620 713 24
93 446 566 27
71 643 731 9
27 295 338 3
49 738 811 25
82 329 423 25
96 703 811 18
79 558 658 15
85 2 99 17
58 52 126 5
85 230 325 23
77 147 241 23
36 612 658 30
76 305 398 23
69 124 211 15
53 218 290 8
87 192 290 15
60 728 798 40
70 378 465 24
65 97 182 1
52 484 553 28
23 443 485 27
21 661 695 20
82 398 498 7
94 703 810 1
90 585 685 30
71 375 464 22
81 69 168 16
29 482 527 22
84 437 542 12
73 14 105 38
43 606 675 13
68 229 307 13
66 531 627 5
39 51 103 30
91 699 800 20
28 360 411 18
92 686 802 1
58 12 88 18
94 727 831 20
53 389 472 9
89 176 280 15
64 642 716 12
62 513 589 27
51 550 626 14
46 430 487 14
99 613 723 22
39 106 155 40
44 633 695 6
34 181 228 1
36 389 439 28
48 274 335 27
30 328 370 20
45 562 633 18
93 111 221 17
23 223 256 13
36 667 733 21
63 453 531 35
77 597 704 27
43 270 324 8
22 41 78 19
49 403 478 25
80 423 518 14
29 471 514 12
98 303 412 17
22 651 693 11
80 73 171 40
21 544 576 20
42 399 451 12
91 249 350 8
46 146 222 34
48 243 301 21
30 64 109 26
37 451 504 30
44 642 704 12
45 734 803 15
25 507 546 12
60 380 453 24
52 218 283 19
65 55 131 27
60 260 330 1
50 403 465 21
82 337 438 1
55 375 447 10
24 509 552 19
60 481 552 5
83 13 126 33
37 587 644 14
87 660 763 6
79 705 804 17
46 700 761 1
71 523 604 9
73 342 426 25
48 142 212 1
97 655 762 16
22 645 680 10
63 454 528 11
26 354 395 32
92 57 161 38
46 512 571 18
84 545 647 13
74 190 294 16
54 172 238 9
69 323 402 1
29 163 205 18
52 467 548 13
29 435 477 21
97 337 447 25
33 582 633 26
37 162 209 7
34 387 437 14
67 287 365 23
50 306 370 1
49 273 333 1
66 616 707 13
22 24 62 2
67 407 493 13
79 88 193 27
23 577 612 1
60 391 465 25
37 237 286 34
65 593 683 16
38 338 406 32
52 680 748 22
23 643 680 25
68 49 127 21
48 417 475 15
59 380 457 27
72 3 100 6
92 225 328 6
73 214 310 14
73 623 718 40
29 442 491 30
56 146 215 17
39 680 749 26
20 63 94 1
57 235 303 7
48 529 598 33
98 453 570 34
47 270 344 22
45 50 105 22
83 557 651 19
94 228 337 23
60 621 694 10
77 376 479 20
47 732 808 32
42 486 552 23
35 460 510 15
33 567 615 23
77 625 717 26
83 356 452 8
74 541 628 14
94 685 792 15
44 529 593 23
50 732 799 24
62 2 77 31
45 284 339 20
78 165 257 26
44 132 186 5
90 503 609 13
32 327 376 17
27 515 560 12
25 131 185 31
73 24 123 32
59 294 369 9
32 522 571 21
97 379 490 22
46 492 559 39
91 504 613 17
29 601 645 12
76 266 353 29
99 686 795 16
70 429 523 1
80 4 95 29
29 320 362 14
34 496 541 14
68 296 387 15
82 414 511 40
34 46 110 34
42 688 753 27
39 152 201 27
21 411 443 10
77 57 144 27
49 89 160 27
86 398 496 35
28 418 467 28
60 633 715 30
42 313 367 27
25 305 343 4
41 261 315 12
78 97 185 9
24 398 439 38
47 614 673 23
32 685 732 25
50 49 110 34
54 532 597 29
28 629 673 6
96 122 233 29
36 640 694 2
37 295 345 36
69 454 535 28
46 701 761 3
98 211 329 16
31 212 255 25
50 31 107 20
40 303 356 8
76 393 486 19
99 100 217 23
45 176 251 16
76 186 276 30
92 511 622 9
66 662 755 19
46 417 489 16
41 359 414 19
98 716 825 27
79 395 487 16
65 553 638 17
76 382 468 9
35 31 83 22
89 77 183 29
91 44 146 10
91 242 346 10
29 381 431 14
42 325 381 8
32 635 694 21
93 435 541 1
27 711 751 25
39 204 264 20
72 47 133 14
90 131 238 24
73 713 798 31
34 162 210 40
88 141 241 17
86 314 413 19
97 680 787 24
51 217 284 17
45 165 224 29
93 138 253 9
28 483 531 13
88 339 437 12
41 424 484 18
65 196 282 17
77 603 694 20
72 167 263 16
49 522 598 23
33 559 604 29
56 257 326 16
43 460 520 19
31 550 597 22
63 307 387 17
33 56 118 1
61 7 78 20
58 364 432 17
50 646 713 26
35 305 352 6
29 115 155 10
92 80 182 28
84 719 814 27
84 90 194 12
36 660 714 25
45 466 532 40
20 32 65 36
