250
1 2 5 4
34 313 433 5
54 2743 2863 1
52 812 932 1
34 312 432 4
27 2033 2153 2
22 1922 2042 2
60 1173 1293 2
30 478 598 5
52 95 215 4
60 2112 2232 5
35 2791 2911 1
48 2751 2871 4
44 2635 2755 3
54 2882 3002 3
40 794 914 2
40 349 469 2
46 50 170 5
28 1561 1681 3
50 1518 1638 4
27 2167 2287 1
22 2227 2347 4
53 3092 3212 1
20 291 411 2
40 413 533 2
40 3166 3286 5
55 1619 1739 5
27 3114 3234 3
52 2364 2484 3
37 2943 3063 2
51 1905 2025 4
38 1097 1217 5
29 921 1041 3
30 2618 2738 3
59 1200 1320 5
56 522 642 5
47 438 558 2
50 1129 1249 4
33 1662 1782 2
43 2495 2615 4
56 2701 2821 1
46 2520 2640 1
38 3271 3391 4
60 391 511 2
35 2433 2553 3
43 299 419 2
44 276 396 3
24 24 144 4
51 1420 1540 4
52 1732 1852 1
31 1186 1306 2
26 790 910 4
23 1491 1611 3
36 1924 2044 5
26 1152 1272 1
44 2991 3111 1
24 119 239 4
57 393 513 2
52 2797 2917 3
28 2482 2602 3
53 1347 1467 1
27 1876 1996 4
53 1076 1196 5
30 1912 2032 1
52 764 884 1
59 2649 2769 5
34 2263 2383 1
58 2637 2757 3
51 2402 2522 5
43 257 377 2
34 2734 2854 1
48 939 1059 5
41 136 256 4
40 1609 1729 4
47 1077 1197 2
43 2087 2207 2
58 2088 2208 1
37 3020 3140 5
50 2939 3059 1
53 2860 2980 2
20 563 683 1
51 604 724 2
46 958 1078 3
34 1987 2107 1
20 1975 2095 2
20 42 162 5
23 915 1035 4
51 2491 2611 1
26 3087 3207 1
46 1892 2012 1
23 2989 3109 3
60 1776 1896 3
42 3200 3320 3
47 2735 2855 5
33 441 561 2
42 249 369 1
50 1307 1427 4
50 1193 1313 3
23 2154 2274 3
48 333 453 2
59 3221 3341 3
59 1989 2109 1
49 2873 2993 3
35 3146 3266 4
60 551 671 4
24 625 745 1
57 2343 2463 2
25 1776 1896 2
27 896 1016 5
21 1765 1885 3
42 3243 3363 5
42 1707 1827 3
51 1014 1134 5
40 1574 1694 3
33 1950 2070 2
41 1704 1824 2
57 3021 3141 5
26 1840 1960 1
37 229 349 1
60 2787 2907 5
40 624 744 1
42 599 719 2
53 1160 1280 5
59 175 295 1
56 67 187 4
49 3158 3278 2
60 340 460 1
25 606 726 3
31 3043 3163 5
46 156 276 5
49 3027 3147 4
21 163 283 5
38 2678 2798 5
39 637 757 5
20 3306 3426 1
30 2987 3107 3
21 2236 2356 4
56 2100 2220 5
33 2747 2867 1
21 1166 1286 5
35 1826 1946 2
29 329 449 5
36 151 271 1
56 1559 1679 4
47 886 1006 4
36 832 952 3
39 1398 1518 1
50 1156 1276 5
53 850 970 1
56 1205 1325 4
33 1011 1131 4
55 801 921 1
43 2978 3098 4
26 1349 1469 4
44 2703 2823 1
54 1345 1465 4
22 1428 1548 3
29 702 822 4
55 3229 3349 2
26 1567 1687 1
24 350 470 5
47 2011 2131 3
59 1732 1852 1
32 3291 3411 2
59 3156 3276 1
43 2697 2817 4
49 2326 2446 1
38 1097 1217 5
58 770 890 1
52 643 763 1
43 2295 2415 5
22 3178 3298 4
32 710 830 4
34 1705 1825 3
33 880 1000 5
25 1226 1346 5
60 2486 2606 5
48 2298 2418 4
23 825 945 3
50 854 974 4
30 576 696 1
21 1316 1436 1
36 2152 2272 4
44 701 821 5
25 2136 2256 2
26 2129 2249 3
58 2815 2935 2
41 70 190 5
43 3286 3406 2
40 1015 1135 4
54 3008 3128 4
35 2427 2547 5
32 499 619 1
27 2749 2869 4
32 794 914 5
21 468 588 2
49 2651 2771 1
59 3313 3433 1
29 476 596 1
32 770 890 1
34 38 158 2
41 1312 1432 1
35 2889 3009 5
29 1887 2007 4
37 2330 2450 3
54 335 455 2
31 1076 1196 5
60 1789 1909 5
47 1950 2070 4
29 2181 2301 3
39 493 613 3
33 1053 1173 4
49 953 1073 5
51 2267 2387 1
26 3160 3280 3
21 1319 1439 3
35 2790 2910 4
27 489 609 3
42 1507 1627 2
55 649 769 4
55 1151 1271 2
27 892 1012 1
52 1615 1735 3
55 553 673 1
43 3177 3297 5
57 10 130 4
57 2217 2337 2
27 896 1016 5
25 1192 1312 4
22 884 1004 2
24 3238 3358 2
40 2834 2954 2
41 751 871 1
35 2315 2435 2
37 304 424 1
56 2150 2270 2
27 3124 3244 4
36 2399 2519 4
46 2558 2678 2
22 3159 3279 4
21 259 379 1
59 2946 3066 3
50 316 436 5
58 2802 2922 2
53 1223 1343 5
40 1263 1383 2
42 1039 1159 5
46 1338 1458 2
60 2495 2615 4
27 758 878 4
54 1459 1579 5