100
5 10 1 3
50 0 50 64
35 386 440 56
21 82 104 50
37 310 352 36
54 498 561 43
67 251 323 68
37 96 140 37
36 136 175 47
60 207 273 55
49 87 142 56
49 339 394 79
15 57 75 10
43 426 470 57
25 207 250 29
27 60 87 48
1 508 513 19
32 241 290 28
7 413 436 22
52 146 218 53
42 291 333 43
26 247 273 51
37 0 40 55
27 399 433 40
44 317 370 46
39 8 58 37
19 123 148 55
21 105 158 45
19 254 275 27
32 160 200 5
49 616 670 70
63 247 312 67
41 497 570 57
51 126 198 77
23 609 632 20
62 406 483 54
22 431 460 32
52 65 130 76
51 582 648 48
39 308 358 36
16 76 108 49
38 223 272 14
44 508 556 60
16 100 118 8
42 464 507 46
45 499 557 54
36 122 180 46
39 450 500 37
74 598 693 65
54 270 338 73
29 299 342 43
37 601 650 20
41 33 79 56
30 480 517 3
37 295 337 25
43 201 265 46
74 164 264 60
45 469 519 46
57 262 330 49
49 607 663 78
19 406 439 30
29 376 407 2
26 352 391 34
54 483 544 79
42 580 624 60
40 535 578 19
33 83 129 57
49 533 584 54
27 51 90 40
42 135 180 50
62 404 468 41
46 119 165 59
39 474 531 24
45 233 282 63
44 210 257 74
34 174 214 12
40 617 659 39
42 80 124 49
58 98 159 66
29 620 674 16
50 184 236 62
35 534 571 13
61 316 385 65
22 105 131 32
21 357 385 53
26 47 97 15
26 0 29 6
51 512 573 77
36 408 466 5
50 173 234 68
35 178 219 29
62 0 62 40
21 512 552 55
16 349 366 30
50 69 121 41
44 294 341 77
23 479 505 31
2 374 386 46
33 177 220 51
33 462 495 45
16 475 509 52
