450
1 5 2 4
37 2853 2973 5
26 3238 3358 4
46 3014 3134 5
49 5121 5241 5
45 5788 5908 1
51 4649 4769 1
33 2870 2990 2
24 5107 5227 2
25 5990 6110 4
33 4851 4971 4
27 435 555 3
22 1398 1518 4
54 5481 5601 4
40 5942 6062 2
42 1488 1608 4
54 1096 1216 5
54 1926 2046 1
23 453 573 3
42 5877 5997 3
25 4420 4540 4
39 2274 2394 3
35 151 271 1
31 1891 2011 2
47 693 813 5
28 4017 4137 1
25 2252 2372 4
20 2996 3116 3
49 1009 1129 1
29 5849 5969 3
53 1542 1662 4
48 1852 1972 5
42 6188 6308 4
46 4964 5084 5
32 4630 4750 3
33 2451 2571 4
25 5823 5943 3
24 3248 3368 4
54 843 963 2
21 1542 1662 5
27 3242 3362 5
30 6067 6187 3
28 224 344 3
34 5701 5821 3
22 3794 3914 5
43 4560 4680 1
44 4038 4158 4
37 6208 6328 1
58 1526 1646 2
39 4813 4933 4
29 3329 3449 4
24 1451 1571 2
52 1118 1238 2
29 3804 3924 2
48 2151 2271 4
20 12 132 4
54 532 652 2
58 181 301 3
51 584 704 2
34 1080 1200 1
58 3127 3247 5
42 1717 1837 5
54 169 289 2
34 4579 4699 2
23 5905 6025 3
29 4962 5082 5
45 2095 2215 3
46 1364 1484 5
58 4721 4841 3
60 473 593 2
35 3441 3561 3
45 427 547 5
58 527 647 2
37 2113 2233 3
25 2707 2827 5
42 3974 4094 3
31 2739 2859 2
33 5470 5590 1
22 3577 3697 5
53 694 814 4
20 1258 1378 4
26 4079 4199 3
48 3056 3176 5
25 1455 1575 2
36 5275 5395 1
47 2378 2498 1
40 3764 3884 3
20 5890 6010 2
32 6170 6290 4
30 4635 4755 4
32 1434 1554 2
48 2281 2401 4
39 4482 4602 4
58 2767 2887 2
39 5321 5441 1
53 2840 2960 1
37 2097 2217 1
39 1950 2070 4
35 3708 3828 1
32 1298 1418 4
22 4732 4852 1
29 1111 1231 5
39 3920 4040 3
44 62 182 5
58 519 639 5
53 2786 2906 4
56 3007 3127 5
55 214 334 1
26 1430 1550 5
57 2796 2916 2
60 2760 2880 5
56 4978 5098 4
51 5521 5641 2
36 558 678 2
24 4750 4870 4
46 662 782 3
59 4600 4720 4
46 6144 6264 2
50 627 747 3
42 5141 5261 5
33 4008 4128 2
53 6205 6325 4
35 3956 4076 2
48 6052 6172 4
31 4122 4242 2
23 4841 4961 1
44 6056 6176 5
29 2954 3074 1
52 2572 2692 4
20 6095 6215 1
42 1295 1415 4
20 4894 5014 5
50 2829 2949 5
42 4783 4903 1
28 2551 2671 4
52 5111 5231 3
21 4912 5032 3
39 3401 3521 4
27 3990 4110 3
20 4833 4953 2
31 4730 4850 2
36 5435 5555 3
21 2426 2546 2
59 3657 3777 1
60 5735 5855 4
39 5762 5882 4
48 5810 5930 3
36 5940 6060 3
39 1374 1494 1
41 1915 2035 3
33 1829 1949 2
60 25 145 5
46 2614 2734 4
27 5554 5674 2
22 5553 5673 1
58 1508 1628 1
27 2152 2272 4
32 1876 1996 2
32 3370 3490 5
33 4372 4492 1
33 2245 2365 1
39 2787 2907 4
22 353 473 1
56 2444 2564 2
45 6039 6159 3
33 3841 3961 1
43 5679 5799 3
58 3228 3348 1
36 2874 2994 5
35 4431 4551 5
54 3063 3183 1
36 3492 3612 3
46 6173 6293 4
52 5860 5980 1
50 2711 2831 1
45 2541 2661 5
55 2366 2486 2
27 4423 4543 1
20 5042 5162 5
56 3906 4026 5
53 2561 2681 1
53 5770 5890 1
58 383 503 1
29 1008 1128 3
49 53 173 5
49 3051 3171 4
42 269 389 4
39 957 1077 4
52 3340 3460 3
32 370 490 1
58 5182 5302 2
30 5343 5463 2
54 3402 3522 5
51 5774 5894 3
44 5506 5626 2
49 1643 1763 3
54 4343 4463 3
47 4861 4981 3
25 5994 6114 2
45 2339 2459 4
38 5033 5153 3
23 3644 3764 2
32 734 854 4
23 3940 4060 2
48 2674 2794 1
23 4212 4332 1
46 4992 5112 5
45 1982 2102 2
31 988 1108 3
44 1502 1622 1
36 406 526 2
51 2278 2398 1
40 5838 5958 1
22 4019 4139 2
27 446 566 2
45 2301 2421 5
33 5708 5828 3
52 2890 3010 1
52 4448 4568 5
32 5124 5244 1
27 3424 3544 3
24 6156 6276 2
40 93 213 5
20 6216 6336 1
34 2247 2367 4
48 2636 2756 4
29 3554 3674 5
40 5113 5233 3
56 2109 2229 1
53 5400 5520 4
34 5591 5711 5
34 3423 3543 3
36 424 544 5
46 6228 6348 4
22 1575 1695 2
39 1117 1237 5
45 1976 2096 1
21 5524 5644 5
60 3219 3339 1
20 4920 5040 1
36 4463 4583 1
32 3948 4068 2
39 4021 4141 2
44 5208 5328 2
37 2662 2782 1
21 4001 4121 5
27 5367 5487 5
54 5270 5390 4
37 4098 4218 1
42 3083 3203 3
60 5830 5950 4
41 3194 3314 1
27 983 1103 2
30 2891 3011 5
60 2147 2267 4
32 3306 3426 4
30 1693 1813 1
31 3094 3214 3
50 4267 4387 4
50 4545 4665 1
41 5696 5816 1
28 360 480 1
40 695 815 4
57 3705 3825 1
26 5407 5527 4
52 3399 3519 2
59 5920 6040 2
26 570 690 2
37 3773 3893 2
32 5773 5893 2
59 1961 2081 1
28 480 600 3
44 5106 5226 2
39 6181 6301 4
40 574 694 2
57 5684 5804 5
34 837 957 2
23 4460 4580 3
46 1448 1568 1
28 1035 1155 5
55 2145 2265 4
60 961 1081 3
43 2347 2467 4
46 3929 4049 2
40 3373 3493 5
55 211 331 2
38 2740 2860 5
50 2238 2358 3
33 557 677 3
30 1236 1356 4
20 901 1021 5
44 6003 6123 1
43 653 773 2
50 2648 2768 3
20 1919 2039 1
42 3395 3515 2
46 3690 3810 2
57 1824 1944 2
39 745 865 2
27 607 727 3
38 2926 3046 2
53 4895 5015 3
44 2644 2764 3
55 1187 1307 1
47 4365 4485 4
22 4923 5043 3
50 3564 3684 1
26 4114 4234 4
46 5803 5923 5
39 716 836 1
27 5794 5914 2
42 4186 4306 5
49 1869 1989 4
46 570 690 3
31 151 271 3
21 4581 4701 2
45 2860 2980 3
24 1199 1319 2
44 3382 3502 5
45 3771 3891 4
27 3530 3650 3
59 4715 4835 5
56 2831 2951 1
40 5633 5753 2
28 1988 2108 3
30 4008 4128 2
20 447 567 2
51 1415 1535 2
31 2013 2133 2
36 3589 3709 2
46 196 316 3
25 3403 3523 5
21 1598 1718 4
21 3816 3936 5
38 5282 5402 2
37 3960 4080 4
54 629 749 4
30 842 962 3
51 559 679 3
47 191 311 3
57 557 677 4
24 4541 4661 1
33 4862 4982 4
49 1960 2080 1
58 1819 1939 5
36 487 607 5
38 2029 2149 4
34 299 419 5
48 1161 1281 3
42 364 484 2
50 3127 3247 1
57 6047 6167 5
39 2632 2752 1
31 4814 4934 1
56 3192 3312 2
52 2548 2668 3
38 5778 5898 2
35 5621 5741 5
32 1332 1452 1
47 5694 5814 2
43 801 921 2
38 3058 3178 2
53 4624 4744 5
49 1132 1252 3
28 4933 5053 5
28 5576 5696 4
55 6110 6230 1
50 3753 3873 4
23 648 768 5
46 2335 2455 3
57 5998 6118 4
39 3459 3579 5
44 4014 4134 1
40 518 638 2
50 2109 2229 3
36 4133 4253 5
47 5077 5197 2
31 4607 4727 5
27 1604 1724 5
50 1270 1390 3
30 904 1024 3
50 6090 6210 4
57 1920 2040 2
34 2705 2825 4
25 1639 1759 1
51 3754 3874 4
49 5714 5834 4
44 57 177 2
47 2021 2141 2
56 5477 5597 3
57 2316 2436 1
39 859 979 2
33 4096 4216 5
47 2910 3030 5
46 1609 1729 5
20 3257 3377 4
25 891 1011 2
50 5685 5805 3
24 5355 5475 1
53 3350 3470 2
43 5639 5759 1
31 1683 1803 1
52 5247 5367 5
47 5311 5431 1
45 4539 4659 3
22 1667 1787 5
32 4339 4459 3
26 3689 3809 5
21 4502 4622 3
44 1231 1351 1
20 1888 2008 4
41 142 262 5
33 15 135 2
36 5737 5857 3
44 4475 4595 3
47 2370 2490 4
25 885 1005 4
22 3635 3755 4
53 3894 4014 5
35 3045 3165 2
56 1977 2097 2
51 4066 4186 3
47 344 464 5
42 2127 2247 4
29 1303 1423 4
20 2209 2329 4
52 1610 1730 1
56 4789 4909 3
39 4566 4686 1
56 4225 4345 3
23 4034 4154 1
41 806 926 2
47 4317 4437 5
54 3899 4019 5
29 4901 5021 1
52 4634 4754 1
37 3888 4008 3
26 64 184 3
40 4087 4207 2
34 5350 5470 3
30 5137 5257 2
41 396 516 3
60 1962 2082 5
25 1357 1477 1
37 1804 1924 2
45 50 170 4
38 1686 1806 1
21 1840 1960 1
55 655 775 5
27 1424 1544 1
33 5721 5841 3