400
8 6 8 1
32 1313 1347 41
37 260 318 23
48 1902 1950 58
31 2037 2073 24
39 2491 2530 11
38 1633 1681 36
23 994 1039 43
50 305 364 66
22 893 916 56
32 1207 1240 11
25 0 31 55
49 2010 2073 75
25 284 311 36
52 1917 1975 51
26 2237 2292 32
53 2496 2558 49
55 452 510 76
58 290 348 69
48 1014 1062 75
54 1242 1309 54
40 66 107 15
52 1075 1133 46
45 351 404 67
50 2083 2150 62
43 305 355 69
30 1001 1040 4
68 1047 1115 65
43 1212 1268 64
43 268 313 74
50 4 55 57
17 2515 2538 22
27 705 733 25
39 1638 1682 5
16 2426 2456 48
53 1846 1906 57
32 1153 1202 10
51 1347 1406 79
42 1132 1175 70
45 2003 2061 52
32 325 375 6
44 2550 2596 76
41 1189 1230 44
74 2165 2250 57
33 533 573 47
50 187 250 51
53 202 272 58
10 151 177 50
60 1766 1829 41
60 1820 1882 51
31 2258 2291 19
38 2312 2352 41
55 1416 1471 79
39 1371 1416 41
44 1211 1258 65
35 367 411 24
40 1247 1287 1
43 2311 2367 58
52 1566 1628 65
23 2194 2220 22
39 1498 1538 50
63 1477 1543 43
22 1357 1384 50
36 932 993 45
32 2249 2290 34
35 859 895 30
37 785 828 46
44 809 865 41
25 785 812 22
25 740 766 14
48 2081 2129 56
51 707 778 69
55 2164 2227 63
14 966 1001 19
58 1740 1805 79
56 1917 1993 52
33 1557 1591 49
47 987 1047 67
32 592 654 33
24 735 761 17
37 744 781 19
26 1763 1799 1
30 1056 1086 19
42 592 635 69
62 2058 2123 53
19 165 206 2
33 0 33 59
33 1614 1649 39
69 88 162 66
43 1790 1836 40
48 2377 2428 79
43 970 1019 63
61 1121 1207 58
16 2145 2163 10
34 1155 1196 41
39 1434 1480 15
44 947 1006 45
35 1431 1472 21
52 87 144 47
17 2297 2344 41
31 1019 1068 36
30 1136 1172 37
27 2276 2379 35
51 1539 1594 54
10 2046 2063 3
40 1151 1195 16
21 1951 1974 32
45 2161 2208 62
21 1060 1100 12
40 2468 2515 20
1 1060 1065 10
54 1509 1576 78
34 291 341 55
64 1314 1385 69
46 1660 1710 43
75 852 995 67
61 1104 1168 77
24 1097 1123 34
33 199 233 24
21 624 645 36
26 323 369 36
78 1283 1364 61
35 437 477 9
61 1203 1266 63
47 189 251 64
26 2048 2083 22
9 1533 1545 14
31 1790 1827 2
38 582 620 8
43 1121 1178 48
38 87 133 42
12 486 504 54
24 2506 2531 45
24 692 730 1
58 611 675 54
77 779 863 62
24 765 799 55
31 510 550 14
31 184 215 15
50 1391 1442 75
60 1249 1309 59
33 52 86 26
26 465 505 59
58 2228 2296 50
48 1446 1503 57
1 2172 2183 46
31 751 805 36
56 93 156 66
78 0 89 58
51 1667 1740 76
19 2345 2377 33
42 434 495 59
45 1423 1472 60
22 2142 2194 4
57 180 239 74
38 2175 2239 44
54 1302 1369 47
38 1439 1489 4
29 342 378 50
39 2077 2135 37
41 2288 2335 47
45 1179 1237 62
18 1531 1561 38
21 324 379 32
56 1970 2028 41
53 742 817 40
25 751 776 4
22 264 287 19
47 487 545 78
33 1111 1148 13
44 1848 1914 72
16 729 755 54
50 2360 2417 64
52 976 1040 47
8 1881 1889 49
44 658 702 41
32 683 751 37
14 314 336 43
51 1734 1785 78
48 2200 2248 57
29 2295 2336 51
52 2301 2359 71
42 1424 1468 61
3 1528 1546 17
49 582 650 71
22 337 360 3
26 1197 1228 50
40 1777 1819 39
26 1427 1469 17
63 795 872 64
75 1475 1553 76
40 241 284 1
50 425 479 53
57 1786 1856 67
55 442 497 40
38 2097 2138 6
13 1614 1627 2
45 2322 2367 48
16 382 398 27
46 214 261 58
27 1193 1239 37
28 1027 1058 8
20 321 403 6
52 140 193 78
40 1542 1591 31
56 345 401 41
65 1940 2024 51
53 1584 1650 71
42 2414 2467 63
28 1353 1394 13
28 1935 1969 48
20 831 855 44
29 2544 2583 56
36 2483 2548 26
32 1480 1515 16
39 2139 2211 49
30 414 444 24
54 2114 2174 57
59 1264 1323 52
48 517 565 67
31 497 546 39
37 551 589 14
20 2311 2338 28
54 1709 1764 54
51 805 860 50
18 797 837 57
44 957 1002 54
50 405 458 49
20 537 557 20
32 933 994 2
24 1281 1320 24
34 1823 1858 3
33 2112 2148 37
49 969 1033 71
7 2164 2174 3
47 200 274 61
1 1102 1129 14
43 2165 2216 72
42 521 581 41
58 693 773 72
31 197 233 34
39 1821 1894 25
44 1485 1562 48
5 504 509 17
51 921 974 75
26 1296 1328 56
14 2127 2160 50
61 810 877 76
56 41 113 47
18 405 424 23
63 1221 1292 46
52 619 675 53
28 316 350 47
53 307 388 71
25 733 771 49
51 323 379 47
47 996 1045 75
39 2554 2594 11
29 1504 1534 14
64 271 367 44
12 266 294 40
23 1389 1429 46
24 1909 1942 10
34 341 375 31
72 1233 1308 76
33 1169 1224 29
54 565 619 40
53 1166 1219 61
21 944 973 26
47 438 539 77
37 2233 2270 19
47 1371 1432 55
19 1286 1315 54
12 2491 2509 8
48 1812 1861 60
40 1878 1920 46
47 1028 1082 77
28 2164 2194 23
32 416 458 38
52 2516 2588 42
6 2129 2140 17
32 2507 2571 31
33 91 136 56
23 1060 1096 3
22 2447 2475 19
52 714 773 57
36 862 915 36
43 337 397 40
54 1594 1649 52
49 908 968 79
40 950 999 18
18 531 552 40
50 1540 1593 53
43 2293 2362 48
44 1818 1864 52
41 1555 1610 48
38 963 1006 14
57 235 294 45
51 531 584 60
34 1874 1912 50
33 1544 1584 29
34 1214 1252 31
49 1593 1645 52
23 600 631 51
56 1286 1350 62
33 2284 2330 56
42 201 246 55
38 913 977 4
35 1229 1265 1
25 1473 1510 55
51 1481 1541 46
50 1345 1404 65
56 800 876 51
40 846 888 11
52 269 339 45
24 634 680 39
50 1010 1070 63
25 1145 1185 32
28 1910 1942 47
40 691 735 29
55 596 657 42
22 377 401 22
36 2085 2133 13
41 94 136 71
57 1051 1112 50
29 1785 1833 46
31 2084 2119 17
37 1622 1661 37
26 1558 1584 6
14 907 922 15
68 517 598 74
29 1896 1930 27
29 1967 2003 10
8 1153 1182 28
44 2164 2216 70
50 2429 2494 67
33 124 163 36
54 1742 1796 65
51 313 364 77
70 23 113 59
1 630 633 54
42 2091 2151 53
42 282 336 61
51 2158 2213 54
38 2166 2228 1
8 186 194 40
33 117 154 9
27 1150 1197 34
41 1443 1487 53
30 874 919 10
42 1698 1772 47
24 2090 2117 13
69 109 182 47
47 2351 2416 66
45 1349 1401 56
56 1458 1522 52
18 736 757 36
27 2504 2540 47
61 1279 1351 63
48 1486 1554 68
59 2190 2255 48
27 1110 1140 58
26 985 1015 26
45 0 57 50
31 510 544 57
45 2419 2464 55
12 2279 2293 3
29 1965 1996 50
44 1213 1270 62
51 1301 1356 42
33 91 130 7
45 416 473 40
25 2188 2226 58
37 204 241 54
58 387 451 44
25 839 866 12
33 740 790 52
31 769 811 38
14 1492 1510 11
23 1373 1401 50
26 1388 1428 41
21 1782 1809 14
25 1626 1652 41
52 2153 2217 46
35 1389 1433 8
39 1405 1449 17
42 1512 1579 57
30 762 797 12
36 1944 1996 6
45 1957 2006 60
40 1511 1558 46
14 1210 1228 15
41 1946 1988 70
63 2508 2578 43
51 1053 1110 76
39 949 990 15
50 326 388 43
59 470 535 57
4 896 910 25
36 2174 2212 57
44 634 680 77
