450
6 9 2 1
27 2296 2325 57
58 315 397 47
39 1144 1195 17
43 636 705 77
34 1944 1990 47
42 770 812 64
42 1204 1264 40
43 217 272 55
68 2768 2836 56
34 1657 1694 42
55 342 401 63
47 1647 1703 76
39 149 188 37
11 2678 2689 37
85 2571 2656 71
9 1450 1467 49
46 110 160 78
59 1427 1490 65
27 1312 1365 49
44 1667 1711 55
41 2353 2413 58
44 2421 2472 73
9 1614 1634 59
50 1343 1400 74
29 980 1064 36
63 1323 1396 73
52 1632 1705 69
52 734 802 48
10 2144 2155 27
40 1505 1547 54
1 1257 1269 35
25 493 520 39
58 1876 1949 52
46 1739 1787 44
23 144 171 48
22 1934 1963 6
22 1340 1366 24
23 1915 1952 37
35 646 681 48
23 2716 2746 9
52 303 371 63
40 158 206 39
39 1780 1827 17
1 611 625 14
34 1031 1076 36
29 1309 1339 46
69 2552 2622 55
60 2502 2567 58
22 2247 2290 34
10 1685 1699 39
83 1350 1433 67
29 659 691 38
21 371 395 13
56 806 872 74
56 265 329 76
41 0 41 75
15 2018 2047 32
41 1560 1610 53
53 2626 2694 60
30 1502 1557 15
15 563 588 33
44 768 825 54
56 1799 1858 57
29 2362 2414 11
27 342 373 26
23 1202 1246 18
21 1712 1757 18
1 2634 2642 12
15 148 165 46
49 110 160 77
36 2553 2593 9
46 2061 2127 58
22 172 204 22
24 1596 1632 2
23 2578 2617 10
30 64 99 11
38 1542 1591 31
56 201 258 59
34 2330 2379 38
47 392 459 75
37 446 499 31
39 164 224 34
42 1794 1840 53
36 2320 2357 56
55 2286 2348 63
17 1056 1097 44
66 2683 2750 40
44 250 300 78
76 645 722 60
14 546 570 3
47 958 1014 70
50 1176 1230 45
47 74 125 63
46 1027 1073 60
30 1834 1867 22
32 2040 2085 57
48 1359 1440 56
54 1116 1175 52
30 2456 2487 45
40 1516 1571 55
39 1248 1289 26
43 27 72 72
21 1262 1291 56
34 2658 2696 53
34 2815 2849 35
33 2135 2172 56
9 1777 1807 46
58 1355 1415 52
42 1404 1449 40
48 1568 1616 74
28 390 458 15
59 2496 2560 79
15 2625 2651 1
40 1267 1307 58
24 351 383 58
15 2827 2852 11
12 318 375 51
17 752 769 35
56 1354 1412 46
42 2044 2093 41
50 550 625 62
38 751 789 7
43 2080 2154 49
25 2112 2145 53
45 2542 2599 77
48 1929 1991 70
50 954 1007 66
42 2201 2253 77
31 2393 2457 10
23 1056 1080 5
66 2903 2969 58
23 2056 2091 36
58 1595 1663 73
16 559 581 26
37 2557 2608 10
27 480 515 17
53 2557 2611 79
45 2205 2253 79
66 2217 2292 71
58 1189 1266 66
72 2538 2614 48
18 1692 1715 40
32 1736 1770 37
67 2606 2675 41
10 780 798 32
29 992 1025 27
51 1009 1072 40
36 994 1030 19
47 2378 2425 48
48 904 955 53
42 2327 2377 67
41 92 138 73
43 563 606 41
32 447 492 8
51 965 1033 72
50 2587 2639 64
23 776 825 42
23 2755 2815 38
48 2086 2165 61
40 0 42 10
31 2494 2558 51
46 1813 1859 49
27 1161 1199 20
25 2197 2233 44
47 647 710 65
38 1838 1886 30
35 138 177 36
21 1558 1583 34
16 282 311 13
39 1550 1590 5
47 1772 1838 48
45 2311 2386 70
29 2518 2550 56
37 422 464 24
25 37 78 34
39 491 537 11
41 1518 1566 73
20 1152 1177 14
38 230 273 17
31 2005 2053 50
32 922 970 35
66 818 919 66
30 1541 1590 48
33 1677 1711 41
33 2684 2727 27
35 0 45 1
45 1195 1244 60
37 2234 2275 52
41 2633 2680 78
33 2760 2799 45
45 1076 1135 48
31 103 145 7
42 2525 2569 58
35 459 511 49
41 416 480 44
41 2910 2959 65
14 216 230 4
22 1950 1995 22
69 1418 1488 62
39 2287 2328 12
40 369 410 19
24 351 391 15
54 2400 2456 68
23 39 64 43
46 2297 2343 41
31 2821 2866 47
23 91 118 58
21 1123 1150 54
44 2757 2808 68
35 1561 1602 8
36 1613 1651 12
70 2473 2547 53
39 2825 2871 3
42 1685 1727 52
42 1227 1276 58
29 294 329 51
15 1684 1702 38
44 1840 1897 65
31 2663 2700 28
10 585 599 19
24 920 945 51
49 122 175 42
49 1232 1282 51
69 2299 2378 43
35 2807 2851 34
51 1747 1799 77
61 1324 1401 61
25 1432 1474 31
50 330 389 53
52 1862 1928 59
64 969 1044 44
38 270 317 19
61 339 411 72
39 706 751 39
31 776 823 2
51 2074 2126 66
62 2235 2305 54
16 1106 1134 28
18 2340 2363 29
49 2455 2509 60
56 729 791 57
42 2060 2104 45
31 953 993 53
42 1137 1184 75
43 787 831 74
40 2852 2894 45
53 660 724 77
58 1399 1468 59
36 2459 2495 29
40 480 535 46
52 2068 2136 60
53 1175 1238 65
36 1045 1082 44
32 2139 2180 52
55 83 147 77
48 2878 2976 76
47 2360 2429 75
59 1793 1886 63
68 562 638 40
47 1380 1432 61
24 2870 2896 5
29 1047 1095 38
52 2541 2595 79
25 2356 2385 3
6 1832 1843 6
64 1634 1698 55
36 1797 1840 14
46 1792 1850 69
53 197 252 42
53 295 358 72
43 1425 1469 45
77 25 109 41
52 1980 2033 67
37 2171 2217 55
25 475 505 34
59 1475 1539 60
42 2534 2576 66
40 368 409 44
28 146 199 4
58 1499 1557 41
27 444 471 43
53 599 655 64
19 2482 2507 17
30 342 378 47
37 1175 1222 50
34 1140 1176 23
22 2658 2682 32
38 702 742 20
21 445 470 55
27 2100 2127 15
17 2810 2832 47
56 541 628 79
13 2829 2843 28
58 1777 1836 56
29 300 340 17
30 321 355 52
46 1412 1458 46
10 1538 1548 10
53 1489 1552 49
72 764 840 45
26 746 778 32
19 192 235 19
10 1188 1216 8
27 1188 1221 30
46 1145 1216 64
44 125 198 67
56 2451 2518 64
52 2754 2809 57
35 1933 1969 34
35 750 801 8
37 1456 1517 17
23 1387 1410 35
46 371 417 56
62 581 648 61
33 251 284 14
27 2704 2737 5
44 2774 2839 61
33 931 965 13
36 1940 1977 53
48 1420 1473 76
65 1741 1822 78
47 2526 2573 57
33 2422 2462 44
49 750 819 54
31 16 67 52
32 2710 2766 7
29 1357 1390 6
38 2764 2818 47
52 568 632 72
37 2735 2780 1
20 2637 2664 16
38 978 1031 55
23 2062 2109 39
50 436 487 51
20 471 530 57
49 1778 1827 73
23 559 584 53
43 2861 2905 79
14 2785 2803 43
48 2192 2244 51
24 2497 2531 25
55 589 647 42
40 21 70 16
44 484 528 73
47 1340 1388 51
59 2244 2343 76
34 2058 2102 47
51 2901 2953 66
29 662 693 6
54 2137 2201 74
54 310 367 48
42 1776 1821 55
29 1403 1434 2
32 2849 2886 27
49 1525 1579 40
52 803 879 53
32 1503 1559 14
16 262 280 39
26 2672 2714 15
45 1904 1969 79
21 552 586 50
20 1071 1092 39
18 1551 1572 8
45 2374 2423 61
46 1271 1326 73
43 2536 2604 64
49 2314 2381 50
40 2012 2064 30
51 1482 1597 66
23 505 543 41
42 311 366 70
34 853 891 43
34 2255 2294 47
14 881 919 17
14 2340 2355 53
22 1651 1689 39
48 315 376 40
27 734 761 1
64 1852 1923 78
45 2314 2362 75
36 29 72 14
52 1557 1609 77
43 1263 1308 55
43 193 256 52
45 97 144 59
18 1908 1931 52
31 1921 1955 25
41 472 514 58
34 2612 2661 46
56 239 307 47
42 385 433 57
46 1681 1744 60
39 1215 1268 10
26 822 855 1
73 1195 1294 66
36 2243 2290 42
41 2462 2504 49
38 601 659 36
37 871 916 44
39 680 721 29
46 2327 2380 48
24 2147 2186 4
12 213 231 9
54 2005 2067 67
11 2549 2574 14
55 785 862 49
34 1259 1293 2
60 2667 2733 56
54 2396 2460 64
36 1287 1344 41
41 27 76 49
30 1941 1982 26
42 888 937 76
27 1477 1525 50
46 787 843 62
24 2139 2164 5
42 1470 1516 43
33 2084 2122 4
55 99 185 66
53 1405 1463 74
29 0 50 51
48 1003 1058 76
54 2482 2558 79
62 1804 1872 63
36 1000 1037 45
22 990 1023 4
35 1625 1668 33
49 1721 1771 40
48 1228 1277 45
37 1570 1613 2
51 985 1036 41
36 956 1009 58
39 900 939 29
45 547 622 45
31 1566 1619 22
27 1173 1203 10
68 2494 2578 71
61 190 252 41
51 1926 1981 65
54 26 84 54
25 1592 1626 6
47 2264 2311 78
48 2673 2727 44
31 2876 2958 55
58 1917 1978 66
49 1209 1260 64
27 1600 1640 21
42 696 753 41
44 1660 1711 60
31 1111 1143 53
