200
1 2 8 5
48 265 333 10
83 245 350 38
46 165 224 29
33 209 260 21
80 195 291 15
69 244 332 16
71 168 261 17
80 133 228 39
43 216 270 11
30 177 219 33
68 62 140 19
96 106 218 18
98 133 243 16
78 43 135 20
21 225 264 27
42 29 83 30
21 41 73 19
82 241 348 23
36 237 287 28
84 251 346 28
83 70 163 26
98 191 319 7
21 226 267 14
93 26 129 8
64 225 310 9
27 130 170 8
77 69 164 31
83 90 187 23
63 113 192 21
93 284 393 5
20 76 107 28
43 53 110 14
67 57 141 22
36 21 80 13
60 151 222 8
28 191 233 14
29 206 264 22
84 167 263 11
86 278 388 18
50 256 336 10
48 109 175 27
26 153 204 1
86 128 226 21
74 31 116 25
29 239 285 14
43 145 205 4
87 76 176 23
61 101 180 30
84 238 334 18
98 18 146 20
69 233 318 40
60 186 261 22
61 166 242 32
64 64 139 18
74 44 130 23
88 165 277 3
59 94 163 5
90 142 244 27
24 210 257 24
92 209 316 1
90 186 292 35
82 142 236 12
43 296 349 28
53 95 160 16
73 91 181 20
42 26 86 18
84 260 360 11
24 253 288 19
92 7 110 24
49 177 238 17
50 214 292 34
73 40 128 11
91 187 304 1
66 288 364 13
23 173 211 27
34 134 198 17
76 188 279 34
61 37 110 32
58 136 212 19
55 238 308 11
38 263 313 23
21 195 226 26
62 77 149 3
97 122 241 18
81 80 172 19
50 282 342 25
87 46 147 26
30 148 190 22
72 248 334 19
69 104 185 1
79 217 313 26
85 47 159 20
73 110 207 15
79 236 326 38
20 187 222 18
65 288 373 16
56 218 288 13
45 93 148 19
47 126 187 39
38 287 341 27
39 138 190 23
97 160 280 40
92 238 356 32
34 52 97 3
82 84 192 28
30 40 81 19
74 164 259 22
52 240 304 11
39 106 174 14
50 13 82 31
74 93 180 21
79 249 358 33
63 139 216 7
27 177 222 20
46 238 300 24
71 295 391 1
57 81 153 18
64 270 364 31
93 284 388 1
74 151 235 11
63 150 235 8
23 174 208 12
72 217 308 10
46 12 69 21
20 180 219 11
87 8 107 28
78 302 390 40
67 159 250 25
42 46 118 15
66 60 139 2
78 220 320 36
90 174 276 22
70 117 212 19
51 266 336 35
36 107 156 34
27 166 210 18
50 65 143 10
44 298 355 31
25 209 256 20
43 95 163 25
54 118 191 18
60 225 295 27
57 88 175 1
63 93 177 10
24 120 154 34
62 202 282 21
74 142 231 4
97 181 305 23
67 75 170 25
69 116 201 12
80 106 196 7
30 135 179 4
56 101 171 25
34 203 247 29
77 80 187 20
64 3 83 26
59 99 171 24
80 170 268 20
90 240 349 38
63 234 313 35
43 243 296 32
85 48 147 4
56 224 297 3
99 218 329 23
66 106 191 24
24 262 312 24
83 63 172 28
56 254 321 37
43 116 172 17
76 89 177 18
46 141 199 21
90 37 137 12
81 263 358 19
39 144 197 26
47 70 131 36
48 62 132 1
88 113 220 32
37 189 236 26
95 16 141 17
92 5 112 6
66 284 380 23
45 12 79 15
41 209 260 40
64 41 132 29
68 100 198 37
31 275 331 17
52 40 109 22
25 48 96 20
58 93 166 32
26 73 116 16
29 278 317 20
72 57 148 19
96 85 209 23
74 226 330 22
78 4 100 31
92 297 415 6
89 103 209 23
47 61 123 15
35 14 59 17
39 268 330 1
