150
7 2 1 8
66 93 169 40
57 66 134 11
62 209 294 21
28 152 191 20
29 86 142 18
85 55 150 12
90 127 228 23
98 101 218 3
62 136 208 17
66 99 182 7
45 42 98 29
89 40 144 18
93 34 142 17
98 95 204 1
72 219 321 13
34 216 264 24
51 36 97 16
79 22 114 19
61 9 83 15
23 25 67 18
39 25 76 13
24 190 224 33
44 174 228 12
90 38 152 21
44 54 110 12
40 140 190 14
66 215 297 30
40 6 66 11
83 164 268 1
72 190 275 27
91 52 155 10
65 159 254 12
48 138 201 28
63 98 185 35
47 198 265 21
33 1 46 28
56 30 107 32
46 175 240 6
58 3 76 29
63 159 252 1
24 13 59 19
73 18 121 27
95 5 116 14
45 161 216 17
67 25 111 12
95 221 332 13
74 21 105 22
30 200 241 15
92 187 290 13
60 43 124 39
31 58 118 28
34 38 98 30
45 85 146 16
32 182 225 27
45 95 157 12
88 166 268 16
69 164 255 27
28 87 145 32
27 32 69 27
31 124 183 21
66 127 205 18
20 184 215 13
80 45 145 23
54 215 281 34
50 77 146 25
90 104 208 18
32 109 154 37
32 145 195 13
96 209 319 14
79 12 106 30
97 60 168 14
53 15 94 10
97 44 155 19
57 123 192 1
37 12 62 14
37 199 254 18
56 140 215 21
54 182 246 2
51 61 124 6
93 208 320 1
38 40 89 21
63 149 242 1
56 103 170 20
40 85 136 17
88 183 291 23
82 99 203 15
61 146 237 7
85 62 158 25
77 136 226 28
21 80 113 13
76 144 245 16
32 123 173 1
21 29 69 29
95 133 240 18
36 59 105 19
86 143 257 16
58 86 154 16
47 114 173 38
31 42 103 23
63 143 221 18
33 110 156 32
54 110 176 18
40 62 113 39
70 213 298 10
80 110 211 10
22 118 163 15
46 67 132 7
87 72 170 14
59 8 83 14
42 215 271 16
71 122 211 30
97 146 261 2
94 153 260 16
59 120 189 25
99 159 277 6
93 189 296 23
62 94 167 31
99 187 305 21
83 29 142 32
99 17 126 12
51 215 291 19
52 81 144 10
22 13 50 1
38 86 134 4
49 112 189 16
28 207 248 15
96 170 276 1
64 61 152 29
84 186 283 18
45 60 123 13
51 49 114 9
56 27 111 20
73 14 108 26
28 94 134 14
22 105 148 40
40 22 85 23
98 174 283 18
90 96 199 15
47 3 61 26
26 127 177 16
36 113 160 26
79 82 177 28
80 213 308 10
45 27 88 21
47 88 147 14
81 133 224 35
20 166 216 37
63 145 227 32
36 28 75 12
95 32 139 19
