300
1 3 3 5
39 1680 1800 2
51 799 919 4
48 2654 2774 3
35 3115 3235 2
45 1429 1549 5
53 1796 1916 4
54 713 833 4
27 1698 1818 5
55 2835 2955 3
27 2340 2460 3
46 164 284 4
53 3484 3604 2
47 3045 3165 3
46 3609 3729 1
52 2944 3064 1
33 3416 3536 5
52 196 316 1
57 11 131 3
51 1186 1306 2
33 3020 3140 1
29 2019 2139 3
33 338 458 3
52 1956 2076 2
57 1423 1543 1
21 666 786 5
42 2818 2938 3
31 1216 1336 2
24 3193 3313 1
30 1995 2115 3
47 824 944 2
27 2483 2603 4
40 3248 3368 3
28 806 926 3
36 8 128 4
50 3546 3666 5
31 2637 2757 1
42 260 380 2
55 579 699 5
55 3101 3221 4
28 2476 2596 4
31 299 419 5
20 1282 1402 1
41 2725 2845 4
50 315 435 5
23 324 444 2
29 1944 2064 2
35 3728 3848 1
53 3236 3356 5
53 9 129 3
21 670 790 4
48 2550 2670 1
56 2027 2147 3
52 3122 3242 2
28 1277 1397 2
45 973 1093 5
43 2227 2347 3
40 3670 3790 5
43 1964 2084 5
51 1321 1441 3
26 2725 2845 5
30 1768 1888 1
37 2270 2390 4
52 1016 1136 4
49 3231 3351 1
53 2074 2194 5
38 419 539 1
40 1210 1330 1
51 752 872 4
59 48 168 3
37 1741 1861 1
21 3422 3542 1
48 444 564 3
47 647 767 2
51 3321 3441 2
30 1390 1510 5
58 1757 1877 2
60 2585 2705 1
26 1008 1128 3
25 2537 2657 5
23 1577 1697 2
47 143 263 3
44 3003 3123 4
58 1711 1831 4
22 1642 1762 4
57 275 395 4
35 235 355 4
56 3107 3227 5
45 3292 3412 4
29 910 1030 2
45 1076 1196 3
36 1777 1897 2
43 384 504 4
33 301 421 5
46 1362 1482 1
26 2970 3090 1
47 637 757 1
29 1301 1421 2
60 2131 2251 1
39 1253 1373 1
37 2413 2533 3
30 1529 1649 4
58 3087 3207 2
36 125 245 1
33 1506 1626 3
42 2074 2194 5
42 2175 2295 2
26 2460 2580 1
50 2725 2845 1
29 2073 2193 3
51 142 262 5
45 2488 2608 5
25 1382 1502 2
35 198 318 5
35 2967 3087 1
36 3223 3343 4
23 1917 2037 3
26 3247 3367 4
32 2886 3006 2
35 923 1043 5
40 1461 1581 5
26 3570 3690 1
55 3394 3514 3
58 2937 3057 1
21 2995 3115 3
54 1254 1374 1
27 1564 1684 5
54 3276 3396 4
43 2559 2679 4
20 2539 2659 1
37 3669 3789 3
23 170 290 1
25 3515 3635 3
26 1961 2081 2
40 912 1032 2
26 2211 2331 1
20 2492 2612 4
20 2894 3014 2
34 2712 2832 4
39 469 589 2
31 2824 2944 5
25 2964 3084 1
21 2860 2980 2
47 3628 3748 3
22 2261 2381 1
22 3531 3651 4
52 3839 3959 3
28 1909 2029 2
50 22 142 1
37 1497 1617 3
28 3171 3291 1
37 3286 3406 3
28 2550 2670 4
28 191 311 2
43 3155 3275 1
49 2770 2890 4
28 2431 2551 4
39 2424 2544 4
39 2193 2313 5
47 2455 2575 2
44 3448 3568 2
53 1030 1150 3
26 884 1004 1
37 1417 1537 4
26 3156 3276 4
59 3667 3787 2
32 2898 3018 2
29 1615 1735 5
23 3711 3831 3
51 738 858 4
50 3248 3368 4
27 3608 3728 4
31 2478 2598 1
60 2762 2882 5
40 1381 1501 5
55 711 831 3
57 839 959 2
57 2252 2372 2
47 3812 3932 3
50 2572 2692 5
52 1718 1838 3
34 1253 1373 2
56 2555 2675 3
20 1623 1743 2
26 1447 1567 2
37 2491 2611 2
32 3198 3318 1
51 3020 3140 2
57 3479 3599 4
35 2187 2307 4
48 2112 2232 2
59 2160 2280 2
24 1870 1990 1
51 1158 1278 4
38 3746 3866 1
42 3796 3916 5
28 2373 2493 2
49 2050 2170 5
34 1229 1349 1
57 3374 3494 4
32 642 762 3
58 3548 3668 3
25 228 348 4
36 2362 2482 1
57 608 728 2
50 3199 3319 1
53 397 517 2
30 2491 2611 3
55 3664 3784 5
54 3113 3233 5
32 1833 1953 4
31 2421 2541 1
45 2483 2603 1
41 1194 1314 4
58 665 785 5
43 96 216 5
32 2121 2241 1
42 2719 2839 3
29 3220 3340 5
53 924 1044 4
52 3754 3874 1
33 1170 1290 5
49 1491 1611 3
40 2501 2621 5
44 86 206 5
55 967 1087 5
41 3018 3138 4
24 3562 3682 2
50 2045 2165 4
44 3611 3731 1
33 3531 3651 3
27 489 609 2
44 3063 3183 5
58 3636 3756 5
51 646 766 1
26 2958 3078 1
45 584 704 4
27 838 958 1
42 3551 3671 5
24 3392 3512 4
35 3467 3587 5
33 906 1026 3
42 1500 1620 4
29 2786 2906 1
43 3261 3381 5
39 2814 2934 3
35 163 283 5
34 2568 2688 4
40 1724 1844 1
30 1177 1297 1
40 883 1003 1
47 3577 3697 1
57 2954 3074 1
48 2113 2233 2
46 3472 3592 2
20 3536 3656 1
28 2441 2561 5
28 1333 1453 4
50 2095 2215 4
60 3507 3627 2
27 916 1036 3
34 3314 3434 5
23 2630 2750 2
52 606 726 5
48 2294 2414 2
22 1020 1140 1
25 1640 1760 4
50 2491 2611 2
39 2433 2553 4
41 926 1046 5
25 173 293 5
30 3637 3757 4
46 2332 2452 3
27 728 848 2
23 3027 3147 5
32 2467 2587 5
29 113 233 5
23 252 372 4
22 2099 2219 3
37 166 286 1
57 3553 3673 4
46 303 423 3
47 2410 2530 2
51 2361 2481 1
31 2012 2132 1
22 82 202 2
37 878 998 3
28 734 854 4
31 1907 2027 1
31 781 901 2
55 3631 3751 5
53 281 401 1
59 3095 3215 3
45 3178 3298 3
21 2510 2630 4
30 547 667 2
51 3779 3899 1
25 43 163 3
33 3092 3212 4
34 2503 2623 3
56 1909 2029 1