400
3 1 5 2
59 297 368 25
21 488 527 13
57 145 214 14
55 587 662 1
98 254 364 23
78 274 362 1
97 116 225 13
21 305 349 37
57 449 521 34
80 290 380 1
71 7 97 40
42 227 282 19
53 372 443 19
76 14 111 28
66 525 602 18
68 518 596 39
74 111 203 2
43 468 523 25
35 388 440 17
59 63 137 24
89 34 141 38
98 287 395 34
63 268 353 26
65 372 467 24
79 49 142 32
40 17 68 1
20 258 290 31
83 454 554 14
64 237 331 15
94 425 533 7
65 172 248 1
33 449 493 19
30 260 304 21
54 318 383 28
56 547 616 20
66 294 370 4
97 422 535 5
26 598 652 22
75 104 203 28
28 293 333 22
55 47 125 13
86 70 169 19
97 52 161 21
80 65 169 30
50 585 665 7
94 433 545 23
32 56 104 25
81 404 499 18
96 129 237 16
22 139 191 1
39 125 174 1
21 420 453 15
30 133 184 17
88 141 257 13
47 554 630 24
66 266 348 9
92 276 378 14
47 522 579 2
35 128 177 10
38 61 112 14
66 561 638 18
43 470 527 20
60 569 642 6
47 398 468 33
99 75 189 39
92 271 378 38
59 24 97 29
39 257 309 17
89 262 380 26
53 127 205 8
79 61 150 2
71 533 617 16
67 216 302 30
71 143 226 15
90 167 268 10
41 109 173 10
65 24 100 15
36 130 178 32
81 304 399 26
67 494 574 34
62 14 94 17
75 207 293 25
39 281 332 36
75 595 681 9
49 199 261 40
90 315 435 23
59 436 510 26
76 315 406 1
28 577 620 29
87 567 674 15
28 393 435 30
72 574 657 22
30 34 75 14
95 249 365 17
84 262 372 10
45 236 292 18
74 478 562 26
20 382 412 9
46 60 121 8
89 441 545 6
46 426 486 17
78 300 408 5
20 539 573 10
97 220 345 14
82 6 98 18
64 185 259 3
91 211 314 20
42 208 260 14
65 486 567 29
97 26 141 21
81 31 124 9
96 130 251 22
71 345 430 20
31 521 568 17
46 85 149 22
42 270 328 39
44 259 318 23
22 10 49 32
59 478 567 26
40 459 514 23
47 46 106 40
81 593 685 30
71 570 661 19
53 4 85 15
80 222 325 17
73 278 377 26
70 250 330 9
77 495 590 17
81 589 682 14
27 212 264 30
70 95 176 7
53 24 107 17
71 192 276 17
25 108 155 3
77 424 519 15
82 432 526 17
98 54 173 29
46 404 466 24
40 8 63 6
89 270 371 9
75 147 239 5
63 154 229 40
45 147 214 14
97 339 457 21
25 148 184 14
91 409 523 9
75 488 593 22
27 96 140 17
86 197 294 31
33 123 177 23
49 52 114 3
30 168 209 32
57 38 108 22
44 161 215 14
33 436 486 12
54 321 388 22
34 329 377 17
94 546 656 16
81 249 343 22
66 578 659 17
50 420 487 23
55 337 411 13
43 520 574 16
94 207 326 22
58 281 351 6
89 585 704 14
92 383 488 34
81 110 213 16
46 67 131 16
71 433 514 29
76 431 517 30
55 361 438 25
93 35 138 5
68 416 501 20
40 504 564 19
75 342 427 35
54 462 546 21
66 546 626 24
44 352 410 32
55 435 508 36
76 582 670 21
71 422 503 31
55 249 321 16
49 25 88 8
24 260 296 23
33 143 199 18
76 285 376 28
39 106 155 10
45 433 505 11
70 292 374 17
29 278 322 21
50 214 276 28
29 389 447 24
81 315 413 26
86 430 531 15
64 529 612 22
40 280 333 26
48 383 461 20
63 304 396 25
21 202 233 27
86 352 459 20
92 551 653 10
96 377 483 20
56 439 508 33
97 179 290 19
93 492 595 20
45 321 380 19
37 115 174 22
35 571 617 31
49 369 441 14
97 531 638 29
97 325 437 28
96 184 300 26
74 185 289 16
61 132 210 16
33 496 539 3
70 9 99 13
93 141 249 16
61 98 170 4
22 260 307 24
75 300 388 12
96 330 441 16
28 130 173 16
61 218 289 30
55 50 118 1
38 248 301 22
58 124 195 38
26 90 126 18
75 60 146 13
94 343 449 14
59 313 382 11
33 425 488 25
69 22 103 13
59 32 103 19
61 565 639 20
24 49 95 14
83 546 658 33
43 375 433 17
56 157 243 40
90 119 226 7
49 344 404 32
48 38 101 27
93 230 335 12
35 580 645 26
30 61 114 24
57 156 230 22
36 508 556 21
31 17 78 25
46 141 217 27
84 449 544 18
33 96 159 7
41 535 602 19
43 455 508 27
62 538 619 28
56 93 162 14
96 212 319 15
49 354 433 12
35 406 451 9
93 268 372 25
26 177 223 23
56 265 333 29
37 23 80 20
66 327 403 38
55 486 551 27
54 143 215 29
49 544 603 1
66 478 568 11
40 290 340 11
93 150 253 12
82 420 512 32
49 201 264 12
74 195 283 11
57 540 615 24
71 153 238 18
51 162 230 18
41 291 362 22
78 135 227 15
47 340 402 24
55 334 404 25
36 448 499 8
93 26 133 20
34 389 433 28
65 337 417 26
23 72 122 21
70 571 653 34
60 37 108 28
47 166 228 19
61 260 337 39
23 248 289 26
58 501 572 16
99 211 320 14
46 159 230 32
79 310 407 39
72 475 564 35
81 14 113 16
21 252 284 13
69 29 115 16
57 550 619 20
56 503 571 18
86 279 376 1
37 545 598 16
46 63 125 9
93 254 367 3
88 484 585 24
62 225 302 26
58 338 426 32
39 591 642 8
76 19 125 18
45 478 533 21
41 6 62 13
81 579 677 36
84 400 503 10
71 252 344 18
43 594 663 5
23 28 76 21
87 69 176 24
49 410 478 15
79 427 536 18
23 239 273 25
96 196 305 32
63 40 126 20
50 101 162 29
33 590 633 1
80 1 111 7
61 454 529 8
32 251 294 22
59 73 146 1
61 384 456 18
99 150 263 13
84 382 485 6
94 258 373 15
99 417 531 14
22 153 190 25
62 234 318 8
68 391 469 10
84 330 429 23
40 413 463 40
97 446 559 31
42 95 152 25
85 174 289 40
26 196 232 9
71 322 409 40
59 59 128 14
83 278 380 5
45 479 539 26
28 112 151 13
29 481 521 19
82 525 618 6
71 447 534 22
48 547 606 23
34 573 623 27
52 241 314 29
95 460 567 28
26 122 160 15
26 146 182 9
87 140 237 11
42 411 464 23
88 434 535 22
21 458 495 31
70 492 574 25
26 561 603 39
55 584 654 4
79 454 563 39
93 350 453 26
47 190 261 35
59 280 362 32
92 487 596 29
44 393 463 12
85 192 289 5
38 484 536 7
71 159 259 16
28 559 598 27
39 73 124 20
37 275 327 31
20 17 50 13
88 550 654 17
59 579 655 14
25 391 426 8
27 76 115 17
51 191 266 23
60 297 387 16
28 584 625 4
94 74 196 1
80 539 633 17
75 537 627 34
64 1 77 26
99 356 485 26
94 60 165 15
37 326 386 13
24 533 567 13
74 268 360 15
20 8 41 29
49 377 436 38
76 349 438 20
46 408 465 31
66 304 385 16
71 547 637 20
29 285 324 16
54 308 374 16
63 527 619 10
