50
1 3 3 5
59 315 435 4
24 478 598 4
38 270 390 1
42 358 478 2
48 375 495 2
53 280 400 5
43 422 542 2
39 135 255 4
33 453 573 2
60 435 555 3
22 222 342 2
31 177 297 5
28 271 391 1
32 215 335 3
58 97 217 3
41 291 411 3
27 405 525 3
23 396 516 1
25 411 531 2
43 387 507 5
30 388 508 3
21 358 478 2
21 429 549 4
55 303 423 5
33 90 210 4
60 330 450 2
58 397 517 4
20 211 331 2
52 448 568 4
48 168 288 2
55 62 182 1
54 44 164 2
55 488 608 2
42 89 209 3
38 354 474 1
43 433 553 1
23 291 411 4
55 441 561 3
32 408 528 4
23 10 130 2
49 345 465 3
55 372 492 5
26 313 433 3
24 406 526 2
57 348 468 5
59 14 134 5
41 298 418 1
37 312 432 5
53 452 572 4
48 144 264 4