500
4 9 1 1
38 1801 1845 1
58 2566 2635 78
36 142 195 45
48 1143 1198 65
34 1665 1703 52
52 196 253 62
52 3339 3411 74
57 279 338 49
27 79 115 23
53 181 243 48
28 695 737 29
17 340 370 46
51 2066 2120 50
56 1966 2042 43
41 1123 1164 79
39 3118 3187 19
27 13 45 20
44 911 978 59
15 3337 3377 29
34 44 84 4
24 533 561 25
40 531 576 7
36 1518 1581 1
34 2821 2862 23
33 130 163 57
61 2183 2255 59
48 1693 1750 53
24 146 192 50
41 3055 3100 72
13 2144 2158 6
41 114 167 74
39 1313 1356 8
31 2180 2222 37
39 876 926 29
50 0 50 61
39 2442 2485 11
11 867 887 15
49 111 168 75
44 3005 3099 75
15 2457 2479 10
25 3187 3221 36
32 2975 3021 59
47 2493 2542 45
55 2184 2255 46
82 577 659 60
57 853 911 40
29 932 969 11
23 481 505 41
70 2300 2371 51
33 1591 1627 45
52 1733 1787 47
56 201 279 72
36 2852 2917 22
14 2939 2954 42
47 2134 2183 48
57 2452 2514 47
25 2567 2593 14
43 846 914 40
13 2068 2086 14
57 2088 2156 70
52 2817 2871 60
35 2657 2719 4
49 2317 2370 72
31 3339 3390 39
40 2019 2060 45
40 1796 1839 35
28 3157 3185 16
14 1093 1113 46
36 2351 2396 16
47 1937 1988 61
45 980 1025 52
41 1359 1405 56
17 2068 2092 22
20 3179 3205 51
34 2278 2325 45
59 3253 3316 74
39 1569 1619 22
49 2255 2308 41
34 3158 3212 25
59 1377 1446 52
38 2303 2359 17
28 1005 1048 46
31 1330 1363 39
37 3074 3115 49
63 1737 1807 67
38 829 885 13
46 819 879 49
42 289 333 48
33 1658 1691 58
67 2934 3004 49
19 1139 1170 39
39 190 234 55
34 2040 2074 46
41 570 612 73
29 3132 3165 56
55 2273 2354 65
52 2256 2311 64
17 1638 1656 29
37 1838 1889 52
36 1918 1960 19
39 2626 2670 43
56 1981 2064 74
27 1065 1092 12
29 0 32 20
51 1911 1968 56
46 935 983 58
52 1122 1191 79
30 1217 1256 39
29 1918 1947 8
59 936 999 45
34 466 502 7
23 2303 2332 50
12 1469 1483 50
57 1135 1196 43
25 517 555 23
74 858 934 72
64 2882 2966 79
33 3054 3096 25
41 3321 3368 57
47 1901 1954 42
5 1710 1720 2
34 1264 1312 17
58 1081 1142 64
35 566 601 55
46 1808 1866 50
22 2775 2808 21
15 3273 3292 21
54 324 381 46
43 648 694 57
32 1797 1845 41
34 1213 1252 49
31 1225 1265 49
58 972 1035 68
47 769 821 45
44 2448 2501 66
26 155 190 36
33 875 908 30
65 1652 1719 69
33 2732 2767 56
47 813 864 48
43 1401 1448 71
41 1851 1893 41
32 1794 1831 10
62 1202 1282 67
26 781 810 53
53 1830 1885 61
42 2508 2553 44
19 787 809 12
33 1485 1529 50
29 1900 1948 24
33 838 912 36
22 1373 1405 32
39 2489 2540 51
56 3058 3155 48
52 2827 2883 44
63 251 315 46
37 1208 1247 15
36 1282 1329 23
47 497 561 46
46 1841 1889 54
26 2740 2776 6
15 1439 1459 33
43 1719 1765 72
49 924 994 64
23 169 198 22
53 895 969 75
70 2228 2304 65
47 2221 2269 52
54 1822 1876 67
27 2329 2367 42
41 298 358 50
7 2354 2362 52
53 2960 3039 62
55 185 249 53
28 26 67 43
52 52 106 53
22 1897 1935 59
65 328 393 59
37 129 175 48
54 2110 2170 67
65 3143 3214 60
56 285 362 51
21 534 570 5
34 2024 2061 7
40 3181 3222 27
66 2154 2224 48
32 1211 1250 18
48 3054 3109 54
15 926 955 44
37 17 56 38
69 3273 3353 77
40 967 1018 41
74 2058 2150 65
21 2417 2485 26
62 2025 2093 49
43 2072 2119 57
47 1246 1305 47
55 1751 1819 47
8 2902 2912 54
44 2019 2073 45
32 210 254 38
15 1777 1800 15
35 3293 3330 11
62 232 313 54
37 1781 1819 50
46 999 1050 62
47 943 991 79
79 2483 2576 44
53 143 200 54
46 328 386 62
40 807 856 42
33 2102 2139 19
29 286 327 9
31 644 704 30
50 1640 1695 74
24 2595 2642 30
36 1180 1218 18
33 799 832 11
45 813 875 64
28 2768 2804 5
19 1734 1767 31
44 2808 2852 70
65 546 613 75
34 153 195 1
50 559 610 52
20 1684 1704 54
57 629 688 66
55 1905 1981 79
55 2224 2281 54
48 2331 2385 50
30 1794 1830 50
61 3177 3243 59
37 632 679 44
42 625 686 45
32 1293 1334 38
9 1325 1335 5
17 795 827 44
39 193 244 15
45 1913 1958 72
33 1851 1892 33
24 1666 1703 4
23 229 258 18
42 2886 2939 49
36 2865 2907 42
29 2034 2066 9
46 2778 2826 60
32 2465 2499 14
37 1811 1857 15
30 3069 3100 16
49 127 191 76
35 2544 2589 29
31 2607 2645 14
46 3144 3195 57
40 384 427 40
23 2146 2173 58
22 3271 3304 47
43 0 43 45
33 1702 1739 36
73 2743 2830 44
57 3241 3302 42
44 1576 1627 58
36 1485 1532 12
38 2265 2303 33
45 759 806 60
65 1846 1919 63
49 182 236 79
30 124 161 1
14 2593 2620 3
48 1316 1383 67
37 3302 3340 31
11 1402 1427 13
59 426 485 74
24 1877 1905 32
29 2137 2182 12
47 1284 1335 49
42 1611 1653 46
41 893 938 41
47 650 716 76
32 1226 1263 49
52 1696 1752 62
33 2780 2817 30
43 2229 2286 65
38 5 45 54
46 2435 2484 79
56 1811 1869 74
72 1937 2017 41
14 2829 2852 33
36 925 976 33
42 2538 2580 45
43 872 931 49
48 2883 2931 52
50 1379 1434 51
20 1725 1747 19
1 2370 2392 35
37 1707 1760 2
33 1632 1684 5
34 1155 1201 18
26 2365 2391 27
39 1794 1836 52
36 1406 1446 1
66 1873 1942 73
16 958 975 16
16 1144 1183 15
41 1597 1653 65
39 2201 2240 5
45 1458 1509 54
47 1803 1856 67
29 1578 1620 53
35 964 1004 14
30 745 781 50
35 2272 2310 56
56 3171 3229 57
40 523 565 43
59 405 476 56
28 2130 2162 54
40 879 977 18
40 2289 2338 10
65 1598 1666 43
41 2827 2877 63
12 2996 3017 11
47 2468 2532 59
31 1993 2031 45
56 2136 2206 41
49 1872 1945 67
47 895 953 45
38 2840 2882 31
57 1604 1674 73
26 1552 1591 17
32 1415 1448 53
20 2399 2431 43
41 2361 2407 59
24 2184 2227 8
28 963 996 3
43 3157 3204 67
51 1087 1140 42
39 2071 2120 45
39 397 437 16
13 2094 2114 16
77 70 147 66
51 401 465 50
44 3027 3080 41
43 1762 1832 60
18 3057 3085 5
34 1777 1814 53
40 522 595 58
67 3176 3261 54
58 445 512 46
34 433 489 7
29 2432 2486 53
48 2339 2422 67
57 2305 2364 56
31 933 973 8
37 2305 2347 29
65 620 686 55
44 1268 1334 60
42 635 677 66
6 2742 2775 57
42 1692 1742 71
14 2725 2761 11
32 3153 3185 33
27 2824 2869 35
27 2732 2768 8
27 2371 2400 31
26 397 424 19
36 792 834 9
43 2862 2922 55
43 2616 2679 74
27 1082 1109 3
45 2660 2720 41
54 1747 1810 56
66 1715 1789 66
46 1466 1545 59
75 218 296 40
49 1824 1884 68
6 2722 2735 51
58 2332 2415 78
47 516 580 47
48 2807 2873 43
27 714 749 46
36 600 642 31
34 672 706 22
63 2707 2783 51
57 752 832 78
35 0 38 19
51 2526 2581 56
27 548 587 42
42 3326 3391 74
18 2987 3005 41
31 91 134 47
70 3301 3392 67
47 753 804 52
46 2276 2351 57
23 732 771 55
17 3067 3090 42
35 2609 2644 40
33 2039 2073 56
45 431 503 70
28 3277 3306 55
52 1799 1859 59
57 2872 2933 75
26 1865 1900 5
52 2603 2671 72
26 373 406 47
21 1779 1802 47
41 1021 1067 42
39 1418 1482 29
38 3209 3257 46
29 1133 1179 17
25 2729 2772 16
52 2533 2599 77
53 245 302 43
34 2807 2843 34
22 2041 2076 27
50 1616 1675 60
21 1209 1243 13
41 2025 2066 49
37 2558 2599 21
58 3041 3119 78
68 1714 1784 71
52 221 278 72
33 3063 3118 29
43 2028 2081 66
55 2581 2643 60
40 3149 3195 34
54 1687 1745 64
47 2317 2389 68
46 1828 1874 40
35 280 316 7
51 2935 2986 51
36 2068 2104 35
58 168 234 52
41 2573 2621 51
23 2762 2789 36
49 303 360 43
49 3048 3105 73
56 981 1065 49
6 1588 1607 9
46 433 490 46
63 2007 2094 53
39 2742 2787 50
55 593 656 43
55 1613 1670 66
31 2568 2607 47
34 1499 1567 16
60 1868 1932 52
69 781 865 59
11 2994 3022 16
37 1444 1494 58
36 1993 2077 30
42 2667 2719 66
45 2168 2214 73
46 790 847 77
33 3111 3159 24
60 1199 1287 44
16 976 1008 12
55 1660 1773 43
30 2563 2596 36
23 2581 2617 4
58 3310 3391 49
63 531 603 45
27 492 522 30
26 3281 3308 58
38 2942 2986 22
75 2916 3010 67
47 3351 3415 60
23 1304 1340 16
18 757 775 1
46 422 474 72
14 293 312 52
49 856 906 55
26 481 522 4
49 3037 3087 43
37 2555 2603 36
66 2533 2604 65
52 1279 1335 61
52 1076 1128 63
42 129 175 63
43 2067 2126 78
28 560 595 39
45 1316 1379 43
61 370 445 72
49 562 626 44
50 3352 3409 79
35 1901 1962 6
55 522 579 52
50 1523 1590 79
80 221 307 50
81 1023 1105 60
31 1253 1287 34
12 2637 2657 50
57 613 672 77
44 68 115 62
34 1413 1448 40
33 2507 2562 4
40 2661 2709 10
36 2336 2391 10
34 1124 1161 48
16 945 962 41
53 27 105 41
48 752 858 60
