250
1 4 8 6
41 202 270 20
49 258 320 9
29 122 162 26
44 233 288 14
75 281 369 16
84 337 441 26
65 61 142 30
72 351 437 15
62 131 223 18
53 92 167 2
70 157 257 1
78 366 469 22
94 144 257 26
31 176 219 26
87 210 323 6
50 266 326 32
28 208 248 13
88 150 255 1
76 59 163 1
49 21 84 36
49 297 365 40
99 226 335 30
36 264 313 17
99 1 121 17
74 218 316 14
73 139 225 23
52 240 302 19
91 189 297 21
34 104 153 27
81 247 340 25
39 202 255 8
91 321 422 31
58 30 98 29
90 135 243 27
97 35 142 36
86 46 142 15
66 163 244 24
49 369 448 20
24 199 236 17
23 156 190 17
99 94 216 19
26 135 187 21
65 144 225 7
28 330 370 37
70 26 109 15
60 221 305 19
45 124 190 13
45 349 408 23
38 351 409 9
57 71 138 1
51 370 432 39
59 342 413 25
33 129 174 30
21 273 316 20
96 254 364 23
28 296 340 17
32 235 278 19
73 107 196 21
20 150 191 28
55 237 307 26
39 178 228 20
44 237 295 13
58 275 344 21
29 158 204 11
47 158 223 12
92 297 399 4
96 324 443 35
96 241 353 4
93 19 124 40
25 265 303 7
28 39 81 23
34 208 272 19
28 129 187 24
92 211 318 10
26 9 60 22
81 187 282 14
31 143 201 10
44 310 364 28
52 246 328 18
55 150 230 35
27 131 176 1
83 283 376 30
45 206 263 11
65 364 439 18
95 65 176 31
33 155 209 10
47 27 104 11
63 98 177 13
88 128 236 19
88 2 106 19
90 156 257 23
52 147 229 19
63 103 177 24
84 227 330 18
36 274 324 22
93 284 407 4
88 104 208 4
88 280 381 30
42 263 335 20
48 287 355 12
73 214 300 12
31 282 343 19
45 193 264 11
63 181 255 15
73 262 360 40
28 28 67 25
99 336 460 28
45 158 216 22
23 168 203 34
90 116 228 40
29 58 108 5
96 310 431 12
83 27 124 19
71 269 355 26
31 286 344 13
51 43 105 15
59 223 295 13
62 21 96 18
96 312 421 9
28 142 182 34
80 277 387 12
93 310 415 15
40 154 219 2
77 17 104 21
65 364 440 15
36 179 228 36
27 96 133 29
95 34 148 20
55 284 367 7
40 350 404 17
30 185 227 23
35 352 401 10
58 1 77 4
44 202 257 22
98 301 419 35
74 84 187 1
35 307 355 17
65 55 136 23
98 131 242 5
26 77 129 17
43 77 133 15
56 8 93 26
69 81 180 28
67 107 186 16
86 221 332 7
54 188 267 27
52 260 337 15
42 280 338 23
39 278 337 29
56 68 149 32
39 342 391 20
79 101 205 24
97 205 322 26
84 329 428 11
55 0 85 29
42 356 408 9
35 69 116 15
89 268 369 19
95 258 366 19
76 109 200 22
26 183 220 12
71 208 291 34
40 100 162 4
85 361 476 30
31 22 64 29
36 102 149 25
92 205 327 10
72 43 128 32
85 304 402 15
62 5 78 22
69 241 340 27
74 260 346 26
43 336 393 24
43 61 119 1
79 148 245 9
67 219 302 21
79 136 225 7
25 183 218 18
57 95 175 17
61 18 99 29
78 39 129 20
93 127 244 29
33 352 400 27
34 126 181 14
62 18 96 17
77 70 177 29
80 3 113 40
88 75 174 15
27 321 360 27
30 35 77 16
76 284 373 14
93 111 219 17
98 369 486 33
51 62 123 20
89 181 300 34
88 47 149 26
34 357 421 16
36 39 85 33
21 192 231 13
54 346 425 14
28 2 47 20
50 167 247 1
75 62 150 14
71 265 347 34
84 281 386 31
33 106 157 27
50 148 215 7
27 97 136 3
84 73 187 16
94 50 154 21
69 188 269 8
77 181 269 23
66 120 206 32
74 262 346 23
23 210 263 16
87 104 204 21
32 25 70 22
39 85 135 28
35 33 79 27
88 347 465 17
21 297 333 17
94 267 381 32
86 143 258 28
94 345 459 34
72 295 381 32
99 313 437 30
60 107 197 27
76 22 120 29
69 104 203 26
50 371 432 31
85 367 465 28
48 47 105 26
51 173 241 7
66 359 441 11
39 42 95 25
53 149 213 21
35 359 406 8
97 2 116 27
43 371 436 19
42 199 251 17
75 347 446 1
29 11 54 28
43 166 237 19
35 147 205 5
66 59 141 40
87 323 428 25
22 253 296 9
60 144 217 25
65 257 341 10
26 31 67 2
