400
1 2 5 2
45 2009 2129 2
48 717 837 3
32 45 165 1
56 5150 5270 1
25 3357 3477 3
28 5015 5135 1
37 5169 5289 4
22 4969 5089 5
47 1045 1165 5
25 3438 3558 1
34 5194 5314 1
50 3471 3591 2
60 4948 5068 3
37 1309 1429 5
38 618 738 1
30 2514 2634 1
32 4715 4835 5
23 2851 2971 2
24 5271 5391 1
58 4164 4284 3
32 2230 2350 2
54 3197 3317 2
29 3141 3261 1
43 3968 4088 3
36 907 1027 3
25 2510 2630 5
28 3927 4047 3
42 1483 1603 3
36 2420 2540 5
21 5285 5405 1
57 4238 4358 5
25 2498 2618 4
27 4385 4505 5
34 1477 1597 1
34 1472 1592 4
35 815 935 5
47 334 454 1
41 262 382 1
55 4389 4509 1
26 1546 1666 1
57 5197 5317 3
24 2109 2229 1
20 121 241 2
25 2567 2687 5
59 2280 2400 4
28 707 827 5
56 3642 3762 4
47 3358 3478 5
48 1858 1978 5
27 4260 4380 5
47 3716 3836 4
27 4342 4462 3
46 2364 2484 2
54 4739 4859 2
60 329 449 1
39 3362 3482 3
30 1367 1487 3
51 3781 3901 3
32 519 639 2
51 3208 3328 4
39 2118 2238 3
31 2656 2776 1
48 805 925 1
46 948 1068 1
29 5220 5340 4
36 2921 3041 5
52 2724 2844 4
59 2395 2515 3
34 2217 2337 1
33 2338 2458 2
58 4901 5021 5
26 2870 2990 2
20 757 877 4
21 3259 3379 5
57 5406 5526 2
20 4545 4665 2
44 2014 2134 3
30 580 700 2
54 2651 2771 3
37 1183 1303 4
45 5219 5339 5
23 882 1002 5
28 5439 5559 4
25 3206 3326 4
25 2347 2467 2
46 3663 3783 4
27 3780 3900 5
27 5074 5194 1
42 58 178 4
30 911 1031 1
36 1881 2001 3
40 4399 4519 3
31 5235 5355 3
30 126 246 1
23 2496 2616 2
56 5339 5459 3
39 1094 1214 4
53 434 554 4
51 1751 1871 4
43 2176 2296 4
55 4789 4909 3
34 4352 4472 2
24 2613 2733 3
34 3545 3665 4
24 4657 4777 4
55 4436 4556 3
40 4016 4136 5
44 1322 1442 3
39 1079 1199 5
29 814 934 1
45 4601 4721 3
39 1322 1442 2
57 5367 5487 3
42 1144 1264 4
52 960 1080 4
23 4100 4220 2
53 2725 2845 5
33 4737 4857 5
42 1326 1446 5
50 3665 3785 2
35 915 1035 1
48 789 909 5
33 4719 4839 5
49 5366 5486 5
50 1896 2016 4
52 2176 2296 4
47 1010 1130 2
46 2742 2862 2
21 1425 1545 2
42 5312 5432 3
34 4848 4968 2
60 605 725 2
45 3801 3921 4
39 2197 2317 5
27 4653 4773 1
33 3660 3780 1
29 658 778 5
24 672 792 2
54 4360 4480 2
21 282 402 4
47 4533 4653 1
51 3699 3819 5
52 4284 4404 3
23 2182 2302 2
34 3013 3133 2
33 329 449 5
21 3097 3217 5
47 2773 2893 5
22 1191 1311 1
35 5032 5152 1
44 2366 2486 1
20 3483 3603 5
49 1831 1951 3
34 5175 5295 1
26 232 352 5
40 3664 3784 1
40 693 813 3
37 1436 1556 1
25 590 710 5
58 4152 4272 1
26 422 542 4
45 882 1002 4
42 4334 4454 1
26 1908 2028 2
25 1356 1476 5
49 5433 5553 4
49 3271 3391 4
26 558 678 2
39 3922 4042 4
34 2450 2570 3
40 2979 3099 4
22 2764 2884 2
34 55 175 4
40 2630 2750 2
48 3044 3164 5
33 3479 3599 1
45 3909 4029 3
53 2476 2596 4
23 2188 2308 4
58 854 974 3
41 333 453 4
26 2793 2913 3
55 2223 2343 5
47 1804 1924 1
46 1301 1421 2
34 2267 2387 5
22 4291 4411 1
22 1482 1602 4
41 1788 1908 4
57 5213 5333 1
28 487 607 4
38 2138 2258 4
48 3852 3972 5
28 3310 3430 2
39 2141 2261 2
56 2870 2990 3
42 2111 2231 2
38 1584 1704 2
27 4933 5053 1
36 1150 1270 1
31 2740 2860 4
40 5340 5460 1
47 4375 4495 2
49 3382 3502 1
33 1691 1811 4
41 237 357 5
46 2948 3068 3
56 5151 5271 3
48 1818 1938 5
29 2086 2206 4
20 235 355 3
46 1624 1744 5
51 4176 4296 4
26 1507 1627 2
22 4465 4585 4
33 1633 1753 2
56 4073 4193 2
21 4929 5049 4
31 3293 3413 2
58 189 309 3
37 2973 3093 1
22 5153 5273 2
38 5369 5489 3
43 12 132 3
46 546 666 1
33 1797 1917 1
26 4896 5016 1
43 2481 2601 2
27 5305 5425 1
39 4842 4962 4
27 4948 5068 2
41 3164 3284 5
58 1819 1939 3
56 2411 2531 5
35 1819 1939 5
53 2790 2910 2
33 98 218 3
35 2980 3100 1
37 1215 1335 1
37 3294 3414 2
55 5257 5377 3
22 826 946 5
44 1623 1743 5
36 267 387 3
30 3565 3685 2
52 2109 2229 4
60 225 345 1
25 2470 2590 4
42 3645 3765 2
57 5188 5308 4
33 3249 3369 1
58 528 648 1
40 3443 3563 1
52 4661 4781 3
33 4120 4240 3
37 689 809 3
37 4812 4932 2
45 3220 3340 4
45 16 136 3
29 2739 2859 3
60 697 817 3
32 623 743 3
27 5395 5515 4
52 3669 3789 2
23 4570 4690 4
21 3714 3834 1
28 1433 1553 3
21 4300 4420 3
45 4034 4154 1
20 3690 3810 5
57 2871 2991 3
59 5279 5399 4
58 4189 4309 2
35 3458 3578 3
40 5265 5385 2
25 3137 3257 2
54 46 166 1
33 4490 4610 3
20 4062 4182 2
31 682 802 5
28 3876 3996 5
22 1710 1830 1
50 1855 1975 1
32 1028 1148 3
57 1581 1701 1
36 2267 2387 2
46 5348 5468 4
39 3824 3944 3
52 1045 1165 5
23 4402 4522 5
56 3310 3430 4
27 3133 3253 3
34 4429 4549 5
51 2954 3074 5
50 5454 5574 5
31 2112 2232 1
54 1873 1993 1
31 3301 3421 5
20 3727 3847 4
33 5309 5429 2
27 1295 1415 5
50 2748 2868 2
52 778 898 4
50 3056 3176 1
53 2637 2757 5
50 4050 4170 1
27 3774 3894 5
27 676 796 3
55 3989 4109 1
46 4263 4383 2
35 5259 5379 3
46 624 744 1
60 4161 4281 2
60 3305 3425 3
40 3076 3196 3
26 4402 4522 4
45 1930 2050 3
42 5349 5469 3
28 202 322 3
57 122 242 4
28 4146 4266 5
32 3123 3243 2
26 4388 4508 1
48 1434 1554 4
60 1975 2095 5
32 4096 4216 4
36 4648 4768 3
53 3951 4071 2
38 2530 2650 3
24 4940 5060 2
55 765 885 2
24 5159 5279 5
40 4268 4388 5
28 4069 4189 2
33 1711 1831 4
46 3587 3707 3
21 1382 1502 5
42 686 806 4
45 5334 5454 2
57 2478 2598 2
47 4103 4223 3
51 2837 2957 4
50 1689 1809 4
45 3474 3594 3
58 268 388 3
46 884 1004 5
57 37 157 5
39 3583 3703 3
27 4662 4782 1
54 1988 2108 5
54 3105 3225 3
48 2114 2234 4
24 697 817 2
23 3159 3279 2
39 192 312 1
37 1486 1606 1
30 665 785 1
49 2608 2728 2
39 639 759 4
22 3442 3562 1
35 3884 4004 3
23 2076 2196 4
26 658 778 4
43 1335 1455 5
58 3586 3706 4
45 583 703 2
49 3374 3494 2
29 1096 1216 4
25 976 1096 3
40 5270 5390 1
45 4573 4693 5
39 3027 3147 3
54 627 747 5
40 2481 2601 2
52 237 357 1
25 3752 3872 2
53 4590 4710 1
39 2287 2407 2
59 4485 4605 3
52 2147 2267 1
53 4852 4972 4
31 17 137 4
44 5381 5501 3
59 3290 3410 4
47 1419 1539 1
31 1469 1589 5
35 2006 2126 3
60 3864 3984 4
58 3125 3245 3
47 2414 2534 1
48 3235 3355 1
39 2577 2697 4
33 541 661 1
28 247 367 1
23 3320 3440 1
40 1814 1934 2
50 1086 1206 5
56 3389 3509 3
54 3877 3997 2
27 2739 2859 5