350
1 4 2 2
35 2205 2325 3
57 1348 1468 5
40 4392 4512 3
55 4299 4419 3
59 3349 3469 5
22 3169 3289 2
23 4934 5054 3
37 3748 3868 3
50 2922 3042 2
32 1140 1260 1
25 3065 3185 2
25 685 805 3
23 2493 2613 4
41 2901 3021 1
27 495 615 1
42 4658 4778 1
30 2229 2349 5
35 3691 3811 3
34 2820 2940 3
37 2810 2930 2
36 2988 3108 5
54 2313 2433 1
50 2216 2336 2
32 577 697 1
52 522 642 2
50 2235 2355 2
38 400 520 5
36 3695 3815 5
23 3625 3745 2
60 4230 4350 3
60 719 839 1
37 2431 2551 3
23 237 357 4
47 3140 3260 1
32 3644 3764 4
50 951 1071 5
32 3855 3975 3
33 2878 2998 5
33 3504 3624 3
59 3006 3126 3
20 2636 2756 2
54 1059 1179 2
43 4385 4505 4
37 2422 2542 1
49 1204 1324 1
59 3367 3487 3
49 232 352 3
22 2426 2546 1
57 1317 1437 4
53 606 726 3
29 1423 1543 2
33 926 1046 5
25 1248 1368 4
32 861 981 2
29 1030 1150 1
50 2036 2156 1
22 1272 1392 1
40 920 1040 5
57 2838 2958 2
37 1671 1791 3
58 1029 1149 4
50 4154 4274 3
56 2537 2657 2
34 2126 2246 5
49 1443 1563 2
45 3275 3395 3
40 661 781 1
32 900 1020 2
59 2390 2510 2
48 1839 1959 1
32 648 768 1
38 384 504 4
34 2302 2422 2
46 1783 1903 5
54 4212 4332 3
32 4409 4529 4
36 549 669 5
50 1489 1609 2
54 1025 1145 2
46 1239 1359 2
48 3934 4054 4
43 1176 1296 1
33 3982 4102 2
38 4745 4865 4
31 3225 3345 1
43 3655 3775 4
29 3170 3290 3
25 736 856 2
20 665 785 1
31 2742 2862 5
45 1362 1482 2
59 103 223 5
31 3117 3237 5
55 2140 2260 1
50 1212 1332 4
47 3511 3631 1
37 4428 4548 1
28 4832 4952 1
44 54 174 3
55 1956 2076 2
34 1359 1479 1
48 2660 2780 3
45 187 307 3
56 3458 3578 1
27 4153 4273 1
20 4147 4267 5
32 4517 4637 1
46 3362 3482 2
21 742 862 4
32 655 775 3
45 1551 1671 4
51 3351 3471 1
44 3662 3782 3
22 4083 4203 4
44 808 928 4
38 2568 2688 2
30 4454 4574 1
24 2492 2612 1
42 1730 1850 3
53 4209 4329 4
33 901 1021 5
33 3497 3617 1
45 4886 5006 4
43 265 385 5
22 4560 4680 1
52 4205 4325 2
60 2619 2739 4
31 1507 1627 2
54 1727 1847 4
60 4508 4628 2
46 2318 2438 2
49 2489 2609 3
49 2595 2715 2
60 4231 4351 2
23 4784 4904 2
54 3210 3330 3
28 3703 3823 3
37 1130 1250 5
45 3229 3349 2
50 1694 1814 3
47 3805 3925 2
33 47 167 5
36 1454 1574 4
36 4692 4812 1
39 1442 1562 1
50 1707 1827 3
42 3766 3886 5
38 4640 4760 5
32 830 950 5
51 3419 3539 1
36 844 964 3
44 4804 4924 2
38 796 916 3
56 3100 3220 3
49 2477 2597 2
43 2391 2511 2
23 1738 1858 5
33 2157 2277 4
60 748 868 3
45 4676 4796 5
22 1612 1732 1
43 1319 1439 2
52 1587 1707 1
25 3561 3681 3
33 2281 2401 5
42 2695 2815 2
33 1602 1722 2
47 1399 1519 1
59 3006 3126 5
56 4495 4615 5
52 4664 4784 2
57 3868 3988 4
57 2604 2724 3
26 2831 2951 3
53 4752 4872 4
25 948 1068 3
43 3462 3582 5
60 2265 2385 4
42 3364 3484 5
29 3458 3578 2
45 2426 2546 2
33 3616 3736 3
27 1257 1377 2
29 4230 4350 5
44 2771 2891 4
32 1367 1487 4
31 1296 1416 1
26 4338 4458 3
55 3925 4045 3
37 2770 2890 2
39 1488 1608 5
51 2413 2533 2
54 207 327 2
37 4284 4404 4
51 3456 3576 1
29 873 993 3
31 1496 1616 4
45 3594 3714 1
28 68 188 4
47 1941 2061 4
48 2371 2491 3
31 3777 3897 2
38 1479 1599 1
52 3471 3591 1
33 4557 4677 2
20 4580 4700 3
54 2129 2249 5
29 2823 2943 3
28 4867 4987 3
60 2081 2201 4
37 3954 4074 5
45 4126 4246 1
52 2859 2979 5
60 3841 3961 4
30 11 131 4
58 3314 3434 5
57 194 314 5
31 518 638 3
21 4109 4229 3
52 1338 1458 4
56 1741 1861 2
40 1013 1133 5
55 2575 2695 3
36 1530 1650 1
42 4259 4379 3
30 2633 2753 5
53 1589 1709 1
59 1286 1406 2
37 664 784 4
38 2091 2211 5
27 2676 2796 1
24 3558 3678 4
27 616 736 4
48 2405 2525 3
30 2579 2699 4
45 3693 3813 2
48 1675 1795 5
54 4675 4795 4
35 2344 2464 2
60 1420 1540 5
56 3562 3682 1
41 3666 3786 5
20 2523 2643 1
43 4290 4410 4
32 1853 1973 3
49 4284 4404 3
42 2073 2193 5
31 3379 3499 4
27 4153 4273 4
52 3466 3586 4
46 3616 3736 5
50 1275 1395 3
23 4776 4896 2
54 4179 4299 3
53 1816 1936 4
40 3147 3267 3
60 2418 2538 4
48 2137 2257 2
53 4858 4978 2
21 1900 2020 2
41 2749 2869 5
36 4492 4612 4
38 336 456 2
45 4798 4918 4
52 4065 4185 3
52 1333 1453 4
27 1040 1160 3
56 2629 2749 3
34 4885 5005 3
49 3976 4096 3
53 2292 2412 1
36 870 990 1
55 2837 2957 1
47 3274 3394 4
36 1492 1612 5
20 2994 3114 5
26 1538 1658 1
50 4248 4368 1
23 3443 3563 1
39 523 643 4
21 2993 3113 3
45 4054 4174 5
26 1606 1726 2
56 4684 4804 2
52 4021 4141 1
20 331 451 1
47 2902 3022 2
42 268 388 3
35 3130 3250 4
36 4296 4416 1
60 3300 3420 1
47 1674 1794 5
22 2942 3062 3
25 2376 2496 5
36 1009 1129 3
29 1233 1353 5
22 3224 3344 4
22 4577 4697 2
55 3750 3870 4
22 4271 4391 4
38 774 894 2
36 2096 2216 3
40 3031 3151 2
59 2515 2635 4
31 1168 1288 3
59 3982 4102 1
21 476 596 4
40 2982 3102 2
26 1962 2082 1
52 2753 2873 1
28 2730 2850 4
51 1070 1190 1
55 3999 4119 5
29 3145 3265 3
42 1469 1589 5
35 4708 4828 3
27 1961 2081 3
35 3333 3453 1
42 3386 3506 4
42 2186 2306 2
51 3994 4114 2
39 46 166 1
50 4897 5017 4
54 4822 4942 5
20 1934 2054 5
27 3645 3765 4
33 3854 3974 4
25 623 743 5
41 866 986 1
45 2414 2534 5
34 1011 1131 1
55 3346 3466 3
53 2252 2372 5
36 902 1022 3
46 2190 2310 3
36 882 1002 5
35 1384 1504 5
38 4369 4489 3
50 4210 4330 1
58 2518 2638 5
42 524 644 4
21 4010 4130 3
29 152 272 4
47 1757 1877 4
25 3517 3637 3
40 2118 2238 3
30 3168 3288 5
25 1647 1767 5
46 2413 2533 3
37 4855 4975 3