300
4 5 4 1
52 1403 1456 41
40 602 646 38
29 640 673 10
30 1402 1441 32
32 1495 1529 16
23 1133 1174 54
41 1804 1851 58
4 120 143 41
31 414 458 21
51 1610 1691 40
32 227 277 35
32 506 544 14
62 587 656 74
26 1053 1079 41
55 1572 1630 60
60 576 652 77
30 686 716 19
33 538 603 4
43 1163 1208 66
25 1204 1236 58
31 1179 1237 58
27 337 375 5
28 1047 1091 19
57 1178 1240 75
59 150 224 48
60 1411 1481 76
37 133 182 23
51 747 816 66
21 304 335 23
54 0 55 61
54 1652 1710 75
41 1750 1803 69
29 207 236 27
13 1138 1168 40
44 969 1022 76
23 1487 1511 34
54 551 608 48
34 1365 1408 34
59 925 1002 69
48 255 304 61
24 250 277 16
53 421 481 49
51 1278 1329 52
30 1324 1365 2
30 1244 1275 10
19 1265 1300 40
26 395 431 42
49 1304 1354 72
22 1772 1794 22
55 1050 1114 46
79 1876 1965 73
11 577 608 52
58 384 488 50
12 1326 1344 49
49 79 137 49
70 899 969 60
8 1853 1864 53
37 706 747 21
32 894 940 28
44 141 204 50
35 87 127 51
17 1655 1676 7
39 915 961 36
42 1086 1134 55
61 1782 1853 55
35 657 700 9
19 353 378 2
36 1064 1125 49
28 1175 1221 13
13 605 621 41
29 1544 1578 37
23 691 737 10
50 1384 1438 56
26 1166 1207 2
73 1255 1330 52
30 190 226 16
43 1609 1669 67
67 336 410 42
44 612 665 79
36 334 389 48
41 957 1004 58
14 571 602 55
28 1321 1358 11
46 608 657 48
41 416 467 42
41 597 660 76
21 226 249 5
44 1627 1675 66
18 719 738 49
38 466 524 24
39 862 914 57
52 141 199 54
27 1114 1151 22
83 666 752 78
4 1243 1248 30
45 1507 1590 55
56 13 81 53
46 518 564 61
25 44 71 45
40 1399 1446 5
32 1200 1250 28
57 1281 1341 42
62 1792 1860 62
9 1104 1116 57
29 38 87 1
8 1845 1862 24
46 1091 1151 72
44 1290 1335 64
33 1506 1555 1
70 1406 1476 61
22 237 266 25
60 152 216 61
35 1484 1532 35
64 656 722 71
67 1837 1906 73
26 374 400 4
28 1092 1137 47
19 106 135 20
39 23 67 46
16 103 123 36
25 340 372 18
54 147 210 56
36 44 86 1
48 96 145 78
74 1526 1602 46
31 564 620 58
43 468 513 59
41 426 474 71
46 1076 1128 55
40 47 107 25
59 1620 1694 64
32 1011 1043 25
52 993 1053 75
15 1136 1167 54
34 1340 1381 28
25 1530 1556 46
20 0 22 25
33 1639 1691 18
25 1480 1507 11
35 329 364 25
22 268 294 15
61 1488 1552 43
41 1596 1637 53
31 1215 1251 22
44 502 558 70
11 510 545 59
25 1654 1686 52
38 1155 1234 44
67 77 152 58
47 120 169 59
58 748 814 71
52 441 498 62
41 889 942 57
17 549 568 53
37 1358 1400 5
37 576 614 36
34 1615 1651 57
32 288 320 46
31 115 157 21
45 1645 1706 75
49 741 834 65
47 323 390 73
18 400 436 1
54 1097 1151 46
25 978 1012 38
21 43 67 43
42 379 421 44
37 370 433 54
43 868 915 48
22 323 353 52
27 389 456 47
53 118 171 71
17 532 550 17
53 820 877 46
14 385 404 18
20 270 298 24
18 1533 1560 44
42 1796 1853 76
48 1742 1793 77
49 1143 1193 73
57 485 542 68
67 1570 1655 78
45 1181 1231 52
47 454 505 54
20 95 116 44
54 1182 1237 57
52 1870 1926 48
26 1096 1125 58
27 1358 1390 18
39 847 887 13
19 864 887 11
65 1112 1177 76
71 646 718 41
42 1807 1861 69
42 951 1001 53
27 1277 1313 48
39 935 992 23
50 1839 1893 54
26 745 776 39
28 1073 1112 58
32 795 831 25
19 439 458 51
54 1245 1302 42
27 1497 1526 14
49 360 454 40
31 0 39 43
26 890 918 19
46 174 220 73
30 714 750 32
19 109 132 47
45 1284 1329 62
46 1529 1579 64
14 188 210 6
11 609 626 6
53 1366 1422 55
36 634 678 3
32 1524 1557 46
31 447 493 55
43 918 975 70
46 1185 1232 71
54 30 86 60
60 1451 1514 73
31 531 571 5
43 102 158 48
57 45 109 50
15 178 219 9
23 1067 1100 5
33 137 181 50
44 600 661 78
38 46 88 5
26 102 129 51
40 478 531 1
26 1531 1559 46
47 1076 1136 60
32 479 522 7
48 970 1021 56
35 116 164 41
31 735 781 5
48 270 318 64
64 1374 1439 51
15 744 760 37
51 99 156 44
17 45 64 47
45 516 561 47
21 1114 1145 7
46 1420 1468 63
47 1399 1446 44
35 1572 1611 2
48 3 51 70
43 1320 1368 50
41 1726 1798 78
30 1176 1206 54
44 985 1038 73
26 1009 1039 56
24 393 417 21
35 211 253 18
52 378 448 70
3 823 837 56
9 1598 1613 49
68 1104 1174 62
30 1411 1455 12
45 229 288 60
45 1088 1144 42
52 0 52 75
45 1020 1073 48
33 241 274 56
33 1544 1580 46
18 542 566 47
43 1623 1697 43
42 1168 1210 59
32 1055 1095 14
46 77 124 42
53 1840 1903 69
69 186 264 69
27 569 600 20
67 1191 1259 75
34 1074 1115 23
56 632 691 61
50 1151 1210 65
20 1701 1744 5
28 451 482 29
31 36 75 17
47 1684 1732 60
36 1288 1341 36
29 1337 1368 59
28 1512 1557 56
31 1030 1082 29
38 726 784 40
25 259 284 28
49 643 693 60
56 246 326 49
19 1189 1213 27
49 1654 1703 48
30 954 994 50
16 480 511 40
16 1211 1227 32
28 462 504 15
53 1554 1607 63
22 1686 1716 34
50 365 415 64
