250
6 1 9 6
26 729 761 14
72 1350 1459 77
51 663 718 73
39 826 868 11
55 912 972 43
13 217 239 53
51 15 67 54
39 215 254 18
34 212 249 4
49 881 931 40
33 1204 1253 6
38 156 195 28
29 1443 1475 55
33 901 934 25
18 1271 1292 16
56 28 101 49
26 78 110 58
42 176 220 75
33 577 620 54
48 49 122 73
39 886 929 53
57 625 686 59
32 205 255 25
53 51 121 73
33 1360 1425 32
49 105 159 72
27 787 816 15
33 948 1000 2
18 1557 1578 55
42 699 745 71
47 722 775 59
52 716 771 68
42 1116 1160 41
60 1106 1189 64
28 274 306 50
21 428 465 12
38 458 497 47
26 149 219 10
16 298 317 51
27 1522 1557 34
51 761 817 65
29 1151 1181 51
49 85 167 61
45 304 357 78
43 829 894 60
31 564 598 56
32 1126 1163 18
52 672 730 78
36 40 78 31
37 782 853 56
33 286 319 52
22 0 28 30
44 1222 1269 49
73 435 517 68
33 1075 1119 45
43 809 880 70
36 779 823 23
32 964 1003 54
49 1542 1593 61
32 307 340 18
10 1069 1099 10
57 1395 1453 48
60 917 985 76
70 931 1003 42
39 1277 1335 19
50 577 650 48
67 734 807 67
34 210 244 11
34 1192 1232 46
42 1309 1369 76
53 900 955 45
48 1388 1458 64
34 237 293 17
25 919 944 50
47 946 995 75
29 568 604 46
49 905 961 51
39 296 343 9
22 489 550 38
5 1247 1267 46
61 1480 1544 42
52 624 677 74
33 447 481 20
45 590 635 55
10 201 218 1
36 1605 1648 13
54 0 55 50
49 939 999 79
49 988 1038 53
41 136 180 45
48 1557 1607 60
27 700 727 53
30 10 43 46
46 443 493 72
23 759 786 35
39 1462 1509 31
49 901 953 54
40 450 502 10
34 1030 1085 52
27 1171 1204 50
52 524 591 50
23 1622 1647 5
42 485 531 60
20 1159 1197 34
32 158 201 27
23 686 736 29
28 1431 1461 2
41 109 161 75
37 249 297 47
26 407 453 3
53 140 201 50
43 1627 1680 75
2 235 241 54
39 1507 1584 16
25 1194 1225 30
50 1341 1404 79
32 623 663 47
45 1622 1681 51
29 331 368 28
44 0 55 40
21 0 23 50
19 1115 1135 27
40 715 766 28
32 124 157 21
14 368 395 3
54 75 134 74
18 732 758 12
42 1409 1456 40
42 1121 1164 56
47 1011 1059 69
49 1354 1412 49
50 1218 1278 77
51 454 509 48
36 786 828 10
37 463 502 30
49 1488 1554 65
11 510 527 52
43 580 628 54
44 1473 1521 62
53 1599 1654 56
55 745 806 41
49 566 631 53
78 199 292 65
17 908 930 23
21 1496 1521 15
60 984 1069 53
39 1051 1112 50
29 1612 1682 12
48 958 1021 63
53 910 973 44
23 1279 1328 5
31 211 243 41
30 265 296 58
55 1430 1512 64
46 725 773 74
34 1420 1454 26
34 1594 1637 13
37 782 821 37
32 99 141 47
37 212 254 33
26 971 1008 17
52 316 369 44
50 167 217 57
32 397 430 54
29 51 82 18
32 1408 1457 41
49 1083 1138 46
9 1277 1289 56
38 1084 1127 3
82 109 218 44
57 718 792 76
77 1373 1450 49
31 657 703 29
29 1097 1126 37
46 1057 1120 75
56 601 658 69
46 642 706 63
11 139 150 10
39 1650 1702 52
52 56 108 62
36 1210 1251 46
37 914 957 27
40 496 549 32
48 295 346 63
20 639 681 47
30 547 584 48
4 1466 1473 34
19 1218 1249 15
63 1501 1580 73
4 816 825 24
47 1043 1091 41
31 534 595 55
44 1171 1216 53
60 453 553 65
52 64 128 53
23 308 364 22
24 1574 1617 39
36 68 119 18
70 303 397 75
71 1288 1360 78
63 1136 1200 59
25 678 744 12
53 1271 1328 47
23 858 884 59
49 581 637 72
38 1224 1270 54
53 1119 1182 66
65 338 406 56
46 584 630 71
46 879 930 73
7 1554 1561 28
47 506 556 72
36 1098 1135 50
33 1159 1198 37
77 887 979 61
57 1486 1556 76
59 1477 1547 70
14 257 291 11
47 1394 1445 68
61 965 1030 76
34 530 585 6
43 1051 1094 75
71 270 350 74
62 80 145 49
36 1243 1287 38
47 1236 1285 43
48 981 1033 43
16 523 546 51
25 175 224 54
51 1450 1505 63
53 545 604 68
27 868 906 6
40 980 1023 57
31 289 330 23
49 379 439 65
34 300 335 31
45 1393 1442 43
65 1470 1535 70
46 1351 1398 64
35 198 236 27
34 178 243 31
30 703 744 10
42 1448 1502 66
38 3 43 54
50 1452 1503 46
22 11 47 4
31 1299 1343 25
63 743 814 49
46 461 554 67
16 930 971 8
