200
1 5 5 2
47 215 335 2
44 1669 1789 4
39 1560 1680 3
22 265 385 5
20 1543 1663 2
30 115 235 4
39 1084 1204 3
31 2759 2879 5
46 2447 2567 5
32 2583 2703 1
44 2468 2588 5
24 723 843 2
28 268 388 1
47 2082 2202 3
22 49 169 2
38 1453 1573 3
52 1936 2056 5
42 1008 1128 3
46 1034 1154 1
35 132 252 1
36 617 737 4
59 584 704 5
45 55 175 1
40 2261 2381 1
30 2022 2142 1
60 2324 2444 1
56 494 614 4
26 1801 1921 2
55 998 1118 5
25 2444 2564 4
31 1206 1326 5
57 2753 2873 3
52 481 601 1
22 2322 2442 2
30 588 708 5
56 2353 2473 1
43 761 881 2
50 1514 1634 1
47 1197 1317 2
31 2422 2542 2
44 1803 1923 1
36 489 609 2
48 614 734 3
35 1183 1303 4
38 661 781 2
25 1694 1814 1
37 2246 2366 4
28 2397 2517 5
51 35 155 4
52 2626 2746 2
39 613 733 3
32 1769 1889 5
60 1386 1506 2
35 191 311 1
50 1654 1774 5
41 2058 2178 4
25 736 856 4
30 734 854 5
56 2346 2466 2
30 1496 1616 4
39 1765 1885 3
36 1169 1289 2
56 1244 1364 3
57 449 569 3
47 2340 2460 4
45 2563 2683 1
28 2573 2693 2
47 137 257 3
37 2438 2558 2
26 2443 2563 5
21 1038 1158 4
35 245 365 3
42 2372 2492 1
35 1912 2032 4
31 715 835 3
55 1668 1788 1
28 396 516 5
36 48 168 1
27 2437 2557 1
22 2081 2201 3
25 2237 2357 3
34 2045 2165 3
55 1838 1958 4
53 1654 1774 3
26 1321 1441 2
31 684 804 3
35 664 784 3
50 303 423 5
43 719 839 4
31 1555 1675 4
50 281 401 3
38 2007 2127 4
58 1518 1638 1
58 1303 1423 5
32 2084 2204 3
26 1476 1596 3
47 2110 2230 5
25 1297 1417 2
25 2269 2389 5
21 219 339 2
46 392 512 2
56 1241 1361 4
58 320 440 3
38 1496 1616 2
57 2314 2434 2
36 1650 1770 4
29 925 1045 4
22 1067 1187 2
36 2747 2867 1
51 541 661 1
54 1476 1596 4
39 1871 1991 5
48 1835 1955 1
40 147 267 1
38 679 799 4
58 1939 2059 4
24 2260 2380 5
38 2359 2479 2
23 719 839 5
50 2592 2712 3
33 2634 2754 4
51 913 1033 2
60 2500 2620 4
34 2042 2162 3
21 675 795 5
56 312 432 4
22 862 982 4
34 642 762 1
25 110 230 1
24 1776 1896 1
27 2698 2818 1
36 825 945 2
45 1509 1629 1
47 997 1117 2
36 1293 1413 5
26 2269 2389 1
56 769 889 5
54 2599 2719 1
46 328 448 1
53 421 541 4
57 217 337 1
23 754 874 2
46 1534 1654 1
28 1535 1655 5
29 405 525 1
21 1543 1663 2
59 1520 1640 2
26 799 919 5
25 170 290 1
30 1333 1453 2
51 1507 1627 1
32 902 1022 5
38 2756 2876 4
20 1236 1356 4
54 2579 2699 4
45 2155 2275 3
55 2501 2621 1
25 308 428 2
20 297 417 2
27 1969 2089 1
23 1347 1467 2
45 693 813 1
24 1501 1621 5
36 25 145 4
45 1047 1167 4
39 1033 1153 3
50 350 470 2
32 1667 1787 1
55 2139 2259 3
44 2368 2488 3
47 1140 1260 1
24 1404 1524 2
29 2644 2764 2
37 2376 2496 2
39 2142 2262 2
24 2525 2645 4
34 2158 2278 4
54 1379 1499 3
42 2718 2838 2
27 2406 2526 2
31 2444 2564 1
22 1669 1789 1
51 2631 2751 3
37 1491 1611 2
60 2425 2545 1
43 1686 1806 4
43 803 923 3
38 180 300 5
30 1847 1967 3
26 1803 1923 1
42 176 296 4
57 450 570 3
39 2248 2368 2
32 1878 1998 1
20 2419 2539 1
55 2108 2228 5
37 341 461 5
57 770 890 4
43 2467 2587 3
45 1107 1227 4