100
5 1 3 6
80 75 165 20
76 131 219 15
34 84 135 16
88 28 135 22
41 6 66 12
49 1 65 27
81 129 220 21
21 34 65 4
35 28 73 12
90 91 195 23
75 112 203 16
60 61 132 15
24 72 110 18
24 41 90 28
96 46 157 35
65 73 168 25
38 137 197 8
20 108 147 18
74 1 99 12
58 9 77 29
36 102 154 40
33 57 108 4
32 4 49 22
65 43 133 10
21 120 153 17
51 83 149 21
42 23 76 1
53 38 111 35
52 19 83 30
73 79 182 12
64 77 157 30
47 42 100 37
32 80 137 16
31 67 110 29
67 10 87 24
93 69 182 24
42 45 106 28
37 116 183 9
60 125 203 24
90 55 158 25
35 30 83 36
57 55 123 11
51 99 173 20
24 9 46 2
40 86 136 34
65 86 161 36
58 14 87 40
69 11 93 1
86 111 227 20
49 105 167 7
77 40 147 18
70 29 126 25
66 103 179 23
36 26 72 35
70 121 221 16
97 57 164 26
94 51 155 17
33 53 98 22
79 101 193 26
25 42 78 18
54 13 81 3
31 141 187 16
41 11 67 8
29 60 105 27
37 24 74 21
26 22 59 29
80 128 219 30
86 12 118 13
90 20 121 37
99 104 216 19
80 5 97 31
54 28 92 19
44 16 74 28
73 128 219 28
65 81 164 11
60 77 150 25
70 63 152 24
31 143 198 22
25 125 165 33
85 28 127 23
21 32 63 38
84 94 189 11
74 8 92 21
84 130 233 10
48 108 167 17
72 23 108 14
41 65 117 34
43 48 103 7
71 0 91 9
82 107 217 30
93 57 180 12
86 95 196 16
54 138 220 23
29 135 190 8
29 65 108 13
91 74 176 6
79 70 175 19
48 5 64 15
52 128 190 2
83 141 242 18
