50
7 4 1 5
91 13 115 15
91 58 160 36
22 46 98 1
72 51 135 40
56 71 147 19
42 63 127 16
69 33 129 21
37 57 113 7
48 49 110 2
65 7 92 27
53 24 104 30
36 67 121 24
88 4 102 14
96 64 170 24
37 50 101 1
64 18 99 17
23 33 78 10
76 34 133 5
45 52 127 1
57 30 106 32
62 75 149 27
54 1 66 24
75 33 133 12
86 57 153 24
54 30 98 23
83 30 124 34
60 34 108 13
25 58 93 37
91 38 139 36
98 16 129 10
71 63 152 3
34 53 99 40
91 52 153 28
55 26 95 17
50 69 129 12
26 25 61 29
69 33 113 33
55 31 96 2
97 64 183 1
82 16 109 27
47 71 143 13
63 34 115 31
56 41 107 36
45 46 111 25
92 28 131 37
23 19 53 18
82 52 151 36
85 28 129 22
89 49 154 37
25 42 81 10
