25
20 0 20
19 16 310
18 50 240
21 26 625
18 87 123
22 21 149
14 22 619
18 141 508
19 133 514
23 56 510
20 207 393
20 121 508
12 16 317
14 259 330
21 158 366
27 196 399
23 330 563
19 368 465
18 223 486
21 56 515
24 431 550
21 334 573
21 476 609
19 17 628
20 527 660
0 10 2 9 9 7 6 0 7 4 4 1 3 4 8 0 1 2 7 7 8 5 1 3 7
10 0 11 6 6 1 6 9 0 7 4 3 5 1 6 2 0 10 6 3 1 7 7 7 5
2 11 0 5 6 6 0 5 2 5 8 8 8 3 6 5 1 4 7 4 5 2 3 0 5
9 6 5 0 4 6 5 4 3 5 6 0 1 4 2 4 8 4 7 2 6 6 4 7 3
9 6 6 4 0 5 7 6 3 2 5 8 4 4 2 8 3 9 3 1 2 6 3 2 8
7 1 6 6 5 0 4 4 3 6 3 0 4 3 1 6 5 1 4 4 1 7 1 13 3
6 6 0 5 7 4 0 5 7 9 7 5 6 2 2 5 0 2 1 5 0 6 6 0 2
0 9 5 4 6 4 5 0 4 2 2 8 5 0 10 7 4 2 1 1 5 5 3 4 0
7 0 2 3 3 3 7 4 0 8 2 6 3 7 6 7 0 6 5 4 4 4 3 1 4
4 7 5 5 2 6 9 2 8 0 5 3 9 5 7 1 9 5 4 9 5 6 6 1 12
4 4 8 6 5 3 7 2 2 5 0 6 0 6 3 5 2 6 6 4 4 0 4 7 4
1 3 8 0 8 0 5 8 6 3 6 0 4 4 5 4 6 7 4 3 0 0 13 0 11
3 5 8 1 4 4 6 5 3 9 0 4 0 4 2 0 7 12 0 5 2 7 5 5 3
4 1 3 4 4 3 2 0 7 5 6 4 4 0 10 4 3 4 7 6 8 8 4 6 6
8 6 6 2 2 1 2 10 6 7 3 5 2 10 0 10 5 3 7 4 2 4 6 5 8
0 2 5 4 8 6 5 7 7 1 5 4 0 4 10 0 9 7 12 4 1 3 4 0 3
1 0 1 8 3 5 0 4 0 9 2 6 7 3 5 9 0 15 4 8 1 4 4 2 7
2 10 4 4 9 1 2 2 6 5 6 7 12 4 3 7 15 0 8 3 4 5 6 3 5
7 6 7 7 3 4 1 1 5 4 6 4 0 7 7 12 4 8 0 8 5 2 9 8 2
7 3 4 2 1 4 5 1 4 9 4 3 5 6 4 4 8 3 8 0 4 1 3 3 7
8 1 5 6 2 1 0 5 4 5 4 0 2 8 2 1 1 4 5 4 0 12 0 3 7
5 7 2 6 6 7 6 5 4 6 0 0 7 8 4 3 4 5 2 1 12 0 5 2 5
1 7 3 4 3 1 6 3 3 6 4 13 5 4 6 4 4 6 9 3 0 5 0 8 9
3 7 0 7 2 13 0 4 1 1 7 0 5 6 5 0 2 3 8 3 3 2 8 0 4
7 5 5 3 8 3 2 0 4 12 4 11 3 6 8 3 7 5 2 7 7 5 9 4 0
