35
16 1 588
17 20 216
21 42 895
22 64 221
21 80 125
15 108 150
21 24 166
19 18 214
17 21 215
22 181 975
22 214 900
22 227 352
18 252 335
21 10 938
26 42 892
21 36 887
23 362 459
23 34 886
23 406 937
27 448 568
17 0 590
15 402 937
26 8 751
14 546 680
17 577 707
16 37 724
10 11 748
21 39 773
19 650 811
24 681 852
23 187 973
20 327 897
21 761 937
18 8 940
17 190 971
0 6 3 4 3 2 7 6 4 9 3 6 6 2 6 1 0 6 7 4 3 7 6 8 4 0 3 8 1 4 4 4 5 1 1
6 0 11 7 1 2 6 4 2 3 2 4 9 5 9 2 3 9 0 6 11 8 4 7 3 3 1 4 8 6 4 4 3 6 2
3 11 0 5 0 5 5 5 0 10 8 3 8 2 4 5 1 10 3 6 2 5 4 1 7 6 6 4 2 1 5 7 8 5 4
4 7 5 0 4 5 8 9 0 5 3 4 5 3 5 3 5 3 5 2 4 2 0 4 1 1 2 4 4 8 0 0 1 0 5
3 1 0 4 0 9 5 5 0 10 5 3 9 7 1 3 4 6 5 11 9 5 5 3 1 9 5 7 3 5 4 5 5 6 4
2 2 5 5 9 0 5 5 3 2 9 6 5 10 4 9 5 5 10 6 2 0 3 10 7 6 4 5 7 4 4 6 11 2 3
7 6 5 8 5 5 0 12 1 4 10 6 3 0 3 9 4 7 2 3 4 6 1 3 11 1 10 3 6 4 6 7 6 0 8
6 4 5 9 5 5 12 0 5 2 5 6 8 8 5 0 1 1 2 0 1 2 0 1 7 4 0 7 6 6 9 2 8 4 0
4 2 0 0 0 3 1 5 0 4 2 2 5 3 6 5 0 2 0 5 4 0 9 1 3 6 10 2 0 6 4 6 8 8 0
9 3 10 5 10 2 4 2 4 0 9 5 0 0 4 5 5 9 1 6 2 9 9 6 1 9 2 4 6 4 4 12 2 3 4
3 2 8 3 5 9 10 5 2 9 0 4 5 6 5 7 11 4 5 12 3 3 3 4 3 4 3 1 1 5 6 2 1 6 5
6 4 3 4 3 6 6 6 2 5 4 0 5 2 5 3 5 6 2 1 1 8 2 9 3 11 3 10 7 0 3 8 5 4 5
6 9 8 5 9 5 3 8 5 0 5 5 0 8 4 3 1 8 7 7 10 8 9 9 4 7 6 2 3 9 7 3 5 3 2
2 5 2 3 7 10 0 8 3 0 6 2 8 0 12 3 2 3 8 2 4 7 7 3 0 4 11 7 9 0 4 3 7 5 8
6 9 4 5 1 4 3 5 6 4 5 5 4 12 0 10 8 2 0 6 1 7 4 5 5 4 2 3 6 3 2 7 0 0 2
1 2 5 3 3 9 9 0 5 5 7 3 3 3 10 0 9 8 2 2 5 3 4 3 5 3 1 0 1 4 1 7 1 4 5
0 3 1 5 4 5 4 1 0 5 11 5 1 2 8 9 0 11 2 7 6 5 2 10 9 9 4 7 9 2 7 0 0 7 8
6 9 10 3 6 5 7 1 2 9 4 6 8 3 2 8 11 0 8 3 6 7 1 5 10 9 0 5 5 6 2 8 8 7 2
7 0 3 5 5 10 2 2 0 1 5 2 7 8 0 2 2 8 0 14 6 8 6 2 3 5 11 10 7 3 4 3 11 2 4
4 6 6 2 11 6 3 0 5 6 12 1 7 2 6 2 7 3 14 0 5 2 14 3 1 1 9 6 9 5 9 8 2 1 4
3 11 2 4 9 2 4 1 4 2 3 1 10 4 1 5 6 6 6 5 0 11 4 4 4 0 4 11 3 4 4 4 0 6 1
7 8 5 2 5 0 6 2 0 9 3 8 8 7 7 3 5 7 8 2 11 0 13 4 5 7 8 1 5 1 7 13 4 9 5
6 4 4 0 5 3 1 0 9 9 3 2 9 7 4 4 2 1 6 14 4 13 0 11 5 4 4 1 8 7 6 4 8 2 6
8 7 1 4 3 10 3 1 1 6 4 9 9 3 5 3 10 5 2 3 4 4 11 0 10 7 4 2 0 0 3 0 4 7 5
4 3 7 1 1 7 11 7 3 1 3 3 4 0 5 5 9 10 3 1 4 5 5 10 0 8 3 4 7 7 4 2 3 4 2
0 3 6 1 9 6 1 4 6 9 4 11 7 4 4 3 9 9 5 1 0 7 4 7 8 0 12 4 5 8 6 3 5 2 6
3 1 6 2 5 4 10 0 10 2 3 3 6 11 2 1 4 0 11 9 4 8 4 4 3 12 0 7 0 7 2 0 8 3 3
8 4 4 4 7 5 3 7 2 4 1 10 2 7 3 0 7 5 10 6 11 1 1 2 4 4 7 0 7 3 3 4 1 3 1
1 8 2 4 3 7 6 6 0 6 1 7 3 9 6 1 9 5 7 9 3 5 8 0 7 5 0 7 0 13 8 9 4 2 6
4 6 1 8 5 4 4 6 6 4 5 0 9 0 3 4 2 6 3 5 4 1 7 0 7 8 7 3 13 0 9 4 8 0 3
4 4 5 0 4 4 6 9 4 4 6 3 7 4 2 1 7 2 4 9 4 7 6 3 4 6 2 3 8 9 0 9 4 7 6
4 4 7 0 5 6 7 2 6 12 2 8 3 3 7 7 0 8 3 8 4 13 4 0 2 3 0 4 9 4 9 0 7 2 5
5 3 8 1 5 11 6 8 8 2 1 5 5 7 0 1 0 8 11 2 0 4 8 4 3 5 8 1 4 8 4 7 0 6 7
1 6 5 0 6 2 0 4 8 3 6 4 3 5 0 4 7 7 2 1 6 9 2 7 4 2 3 3 2 0 7 2 6 0 9
1 2 4 5 4 3 8 0 0 4 5 5 2 8 2 5 8 2 4 4 1 5 6 5 2 6 3 1 6 3 6 5 7 9 0
