200
23 0 2507
20 20 4958
17 22 4673
23 66 113
20 86 4753
15 125 5311
21 133 196
15 166 5572
22 188 4589
15 199 277
19 216 3769
16 241 3206
17 268 354
17 283 3458
17 301 2650
22 325 1127
25 349 742
27 388 510
17 427 3805
19 442 569
20 466 592
16 186 4585
25 511 651
16 534 4772
25 557 2462
20 356 4687
17 603 762
22 629 4515
18 655 5285
22 677 3009
25 695 886
22 732 914
19 3 4514
23 776 3854
16 804 4685
18 221 3767
22 855 5122
25 887 4003
21 324 1127
22 935 1158
15 946 2461
17 970 3827
19 219 3603
15 1019 1249
23 625 4513
15 1067 2214
22 1088 3094
15 859 5018
17 1132 2983
13 1141 4337
15 1177 4655
16 1187 3910
19 1210 5495
16 1236 1514
18 1250 3118
16 996 5316
25 1281 1597
20 1322 3349
17 1340 1646
20 1360 1675
20 1377 1709
15 1407 1731
26 291 3450
13 808 4692
21 1465 3695
23 1450 1846
14 1519 4305
14 1527 3237
21 1548 4730
16 882 4012
25 856 5301
24 856 5119
16 1615 5123
25 1654 2050
9 1687 2068
27 1525 5585
27 1737 2136
14 803 2159
25 847 5301
20 1061 2214
14 1850 4814
11 823 5471
24 186 4770
25 1637 4402
9 187 5245
26 1947 2398
19 295 4509
18 1989 2447
22 557 2453
14 2036 2495
17 6 4228
24 2082 5537
16 990 5314
22 1258 3117
17 856 3458
22 316 2657
22 2188 2690
13 976 2706
13 991 4691
25 2245 2767
22 1933 2797
27 775 3846
22 90 4758
19 974 3823
21 2375 5248
19 2418 4256
22 1131 3404
19 671 3005
17 1633 5324
17 2509 3059
18 1080 3098
21 2121 5546
18 2574 3146
23 1854 4811
23 238 3202
19 1525 3237
13 827 3766
14 2694 3282
24 286 3316
25 1143 4343
19 832 3775
20 1137 3404
11 1852 5481
27 1420 3459
24 2872 3504
20 180 4584
20 2905 3552
16 979 3823
25 1554 4728
23 991 4682
16 3012 3673
22 1468 3700
13 3041 4965
22 3062 4186
19 823 5469
19 423 3805
18 977 3821
22 777 3843
18 2339 3884
21 1198 3917
18 1154 5281
20 3257 3972
16 3285 4857
23 896 5315
26 3321 4057
20 3344 5321
20 3369 4111
16 3396 4891
15 1177 4657
18 3063 4176
10 3449 4199
16 5 4511
22 2421 4262
22 3508 5546
20 1519 4312
15 1145 4341
18 3583 4370
23 19 4671
20 1151 5283
26 3649 4475
18 3687 4495
15 1969 4529
16 3729 5360
32 182 5325
20 3783 4612
18 3357 5324
18 1169 4658
14 20 4674
11 352 4686
25 2230 4731
20 89 4758
16 536 4773
20 1840 4810
9 3053 4964
15 3275 4859
23 3395 4895
15 1216 5493
19 183 5328
21 24 4956
21 4104 4997
24 859 5020
21 3347 5320
18 1147 5090
24 1610 5128
20 2379 5251
22 4252 5192
17 851 5290
23 187 5253
21 645 5277
15 119 5304
22 1632 5329
18 3734 5362
19 4422 5396
25 4447 5423
26 4478 5458
23 2808 5488
15 4038 5501
13 2082 5527
13 2126 5544
21 167 5576
0 7 7 6 8 3 4 4 5 5 7 6 3 6 5 0 5 2 9 9 5 7 7 3 7 6 8 6 1 6 7 7 8 7 1 4 6 7 0 2 0 5 3 0 2 6 9 4 8 2 4 4 0 3 8 6 10 2 8 2 9 3 2 3 1 3 5 2 1 9 3 6 6 2 4 6 5 6 8 3 2 5 8 9 3 6 3 5 5 6 3 2 9 5 10 8 4 0 6 0 2 10 6 8 13 9 6 4 3 0 8 1 0 3 0 3 4 0 5 3 6 6 6 4 3 12 7 6 3 0 7 2 2 6 6 0 3 9 9 8 2 4 1 8 4 10 1 4 6 6 7 7 5 1 3 5 5 6 4 8 4 2 9 1 6 2 0 1 11 4 4 5 3 7 6 8 5 3 2 2 5 4 6 2 4 8 2 3 6 9 6 8 7 8 4 6 4 4 5 5
7 0 11 3 8 5 0 1 3 2 8 5 4 8 6 4 6 1 11 3 5 6 4 9 6 1 7 0 9 5 8 5 8 5 7 3 4 4 1 4 4 6 8 9 12 1 2 0 3 6 1 4 9 1 4 5 9 5 7 5 3 6 1 1 2 6 5 7 2 4 8 7 10 4 7 0 6 5 3 4 3 9 7 7 6 3 4 5 8 7 2 0 10 8 9 7 5 6 8 0 10 4 16 1 3 4 6 4 5 3 6 3 10 6 6 4 1 9 3 0 10 5 4 3 1 5 0 5 6 2 3 0 7 4 7 0 9 5 7 2 7 5 1 5 10 5 0 7 3 3 2 4 0 2 3 4 0 4 4 5 6 8 4 6 0 0 4 2 2 0 4 9 3 9 4 4 5 3 10 0 4 3 5 6 2 2 5 4 2 0 9 5 3 5 5 6 2 7 4 7
7 11 0 8 4 1 3 1 4 5 1 7 8 8 4 2 7 2 6 2 2 5 8 0 5 8 5 4 6 10 0 0 5 3 0 3 6 2 5 6 5 9 2 7 6 5 8 12 0 4 3 3 5 2 4 0 10 11 5 2 7 3 7 9 5 4 5 6 9 3 2 8 6 5 0 7 5 8 5 1 3 6 9 2 7 9 6 8 10 3 1 6 3 4 6 6 6 3 5 6 3 6 3 6 3 10 9 3 7 9 5 3 4 4 4 8 6 1 10 5 5 2 1 6 10 5 2 7 3 6 3 6 6 3 4 0 1 8 0 0 6 4 5 4 3 6 0 5 5 3 6 0 6 1 4 5 7 3 10 8 4 6 5 6 5 1 5 9 5 0 1 2 1 5 4 9 8 5 6 1 1 7 6 2 11 7 11 4 4 3 1 9 6 9 1 6 0 3 7 5
6 3 8 0 8 1 1 5 6 6 5 4 2 3 6 7 2 6 4 4 5 8 2 9 0 4 10 0 5 5 5 11 5 5 5 2 6 9 2 4 7 10 7 7 6 7 7 9 6 3 5 3 10 7 3 8 7 5 12 10 6 8 5 2 4 6 0 1 0 4 9 0 3 7 4 9 2 6 4 10 6 1 5 5 4 1 0 4 4 10 0 10 10 3 5 5 5 0 8 2 5 4 10 8 0 5 8 4 5 0 6 1 2 3 6 1 1 7 8 8 6 4 5 0 7 5 5 2 7 4 6 4 4 7 7 5 7 2 7 4 9 7 4 2 8 2 2 4 6 4 5 7 8 8 1 8 0 6 2 6 5 2 7 1 3 7 1 5 2 0 9 7 3 7 9 4 5 5 7 2 3 3 7 8 8 6 5 0 5 3 6 3 3 4 3 0 2 9 0 6
8 8 4 8 0 8 2 5 3 8 6 2 7 6 5 9 0 5 7 0 4 6 3 2 5 8 7 2 2 2 8 2 0 1 0 3 2 7 1 9 10 4 6 3 4 4 6 4 3 2 7 0 1 6 3 2 5 5 0 6 1 4 5 4 6 8 2 7 0 2 4 5 4 4 0 10 5 2 2 4 0 6 3 4 0 5 1 4 13 3 1 3 10 5 6 4 6 4 3 4 9 9 7 0 6 1 9 8 2 0 8 7 2 3 4 6 7 1 6 4 0 9 2 5 0 6 6 4 6 1 2 2 5 2 8 5 9 7 7 1 7 3 8 4 1 7 9 4 8 2 0 5 0 5 4 0 4 7 1 5 0 3 7 0 3 1 2 3 5 4 3 6 10 1 3 4 6 4 9 0 6 1 4 0 7 7 9 4 7 0 5 1 2 9 5 1 9 7 5 4
3 5 1 1 8 0 11 1 2 3 4 1 7 3 7 8 3 9 2 10 1 8 5 4 0 3 5 6 10 6 0 8 10 3 2 2 9 5 5 8 5 9 3 8 3 6 0 5 6 8 1 4 6 0 7 7 4 4 7 1 8 5 5 8 0 0 4 0 1 4 5 6 6 9 5 4 15 3 7 4 0 9 1 9 5 8 14 5 5 4 0 2 5 0 1 6 5 3 6 4 9 8 9 4 0 4 1 4 5 6 5 6 5 1 8 2 6 3 3 8 4 4 7 3 7 6 3 6 6 4 6 9 3 9 2 8 7 5 4 5 7 4 6 3 11 6 3 2 7 9 9 0 5 0 7 7 1 6 7 8 7 1 8 12 7 8 3 4 1 4 4 2 7 8 3 3 8 6 2 4 2 4 4 7 7 5 6 9 12 8 9 5 5 5 10 0 1 8 3 1
4 0 3 1 2 11 0 7 0 0 3 0 3 5 3 6 4 7 2 7 7 2 1 0 2 8 2 4 4 11 4 4 2 4 4 6 6 7 5 7 8 3 0 7 8 10 6 1 7 0 0 6 2 3 1 11 3 6 1 3 5 4 6 7 7 10 4 0 4 5 4 1 8 6 8 10 3 0 10 5 9 7 9 4 0 5 4 10 12 5 8 7 1 3 7 4 7 4 4 9 3 8 6 6 9 2 0 4 5 8 2 5 1 1 6 2 5 2 6 0 8 3 4 1 6 6 5 4 7 4 4 4 5 1 3 8 7 5 6 4 8 2 0 3 6 7 9 11 2 3 5 2 6 4 0 4 4 8 1 2 3 12 6 2 9 5 5 9 1 0 7 5 5 6 7 1 0 4 0 2 6 10 3 5 9 4 5 2 7 9 7 6 8 3 1 1 7 6 4 9
4 1 1 5 5 1 7 0 6 9 5 6 2 2 4 8 0 4 5 0 0 6 4 5 3 3 0 10 5 5 8 11 1 4 6 5 2 2 6 7 7 5 10 1 7 5 0 9 6 5 7 6 4 2 4 2 4 1 8 9 10 7 4 3 8 6 6 4 5 7 3 9 4 4 0 3 3 2 6 4 10 3 0 5 0 0 2 6 5 7 4 6 2 8 5 5 9 1 6 5 1 3 6 1 0 0 6 10 8 6 4 2 4 2 0 6 4 7 6 3 6 6 1 4 1 3 11 4 9 6 10 3 6 3 3 1 6 2 10 5 8 4 9 6 7 6 7 2 7 4 8 3 4 4 8 6 2 8 2 10 1 7 0 8 6 6 1 1 4 0 3 2 8 3 5 6 5 6 1 10 4 3 8 7 6 5 7 7 5 4 4 4 7 4 9 8 9 4 0 8
5 3 4 6 3 2 0 6 0 6 4 6 2 5 7 5 0 4 5 5 5 1 3 9 0 0 0 6 2 4 3 5 4 1 5 9 1 8 1 8 3 5 3 2 5 6 5 1 0 10 4 0 5 4 7 6 5 0 6 0 8 9 2 3 2 3 4 3 3 3 3 1 6 8 7 7 1 3 4 0 2 1 11 6 8 9 0 1 2 6 4 11 8 4 4 3 5 3 2 4 7 5 10 6 8 0 3 5 4 3 4 5 0 7 2 9 3 2 3 3 0 5 5 2 4 4 7 9 8 1 10 7 5 10 3 3 4 2 0 5 5 4 6 6 4 5 4 6 2 1 7 0 2 6 3 9 5 1 3 6 2 2 4 6 8 4 8 9 9 0 7 0 4 3 8 7 3 0 5 4 5 5 3 4 4 4 9 5 1 6 9 9 0 2 4 4 9 6 5 0
5 2 5 6 8 3 0 9 6 0 12 3 4 2 1 1 3 3 4 8 4 8 5 7 5 3 10 5 5 7 1 7 0 8 5 3 1 7 5 2 4 2 5 7 5 1 4 5 3 0 1 8 10 11 14 5 2 4 6 6 10 9 3 3 8 8 6 5 8 4 9 1 5 9 0 9 10 7 11 3 2 2 5 8 4 9 9 7 4 11 6 4 4 3 7 0 7 7 5 4 4 7 1 2 6 7 4 6 8 5 6 8 9 4 1 7 2 1 4 4 9 7 4 7 1 10 4 5 8 2 6 5 5 7 5 0 4 8 5 0 0 6 2 5 3 7 3 8 0 6 4 4 6 6 8 5 4 4 3 6 0 6 3 3 9 5 5 4 8 10 6 0 6 0 6 4 8 2 3 7 4 4 0 6 4 4 5 3 1 6 6 4 0 3 7 4 3 5 8 6
7 8 1 5 6 4 3 5 4 12 0 7 2 5 4 3 6 4 6 6 9 6 6 6 4 2 5 5 1 5 5 8 8 1 1 3 8 5 4 4 8 7 10 1 8 3 10 4 9 8 4 3 7 3 7 9 4 3 11 10 0 3 6 9 9 4 2 10 4 2 4 3 3 1 0 8 5 3 2 0 3 10 6 7 8 4 3 5 2 0 5 5 7 7 9 3 2 2 4 3 4 3 9 0 0 2 2 2 5 9 2 7 5 8 8 8 6 6 10 1 5 6 4 1 3 4 3 3 2 1 5 2 4 2 6 5 8 6 5 2 3 4 0 4 0 1 3 1 5 2 4 4 3 7 1 7 6 7 5 2 5 3 1 0 7 4 7 6 7 2 4 2 6 3 0 1 0 6 0 6 5 7 6 7 1 5 3 2 2 0 5 10 4 8 6 3 6 2 7 4
6 5 7 4 2 1 0 6 6 3 7 0 14 3 4 3 2 6 0 3 0 7 6 3 5 2 5 0 5 8 8 11 4 6 3 1 0 8 7 4 15 10 7 7 0 5 4 3 4 6 8 3 3 6 5 6 6 10 6 6 6 7 6 9 1 0 1 5 0 3 7 3 4 6 4 4 5 9 2 3 1 8 4 0 12 12 8 0 5 3 1 4 5 4 3 3 3 0 8 7 4 10 11 5 4 4 5 2 5 5 1 3 8 2 6 9 7 5 2 4 0 4 5 8 5 11 6 7 3 2 0 3 2 5 0 6 10 7 2 2 3 3 3 1 10 0 3 6 3 8 5 9 2 8 4 0 6 7 0 4 0 8 5 8 4 5 7 0 3 7 2 3 7 4 9 5 5 6 0 5 8 7 0 5 9 5 8 7 7 0 4 3 9 0 6 6 0 4 4 6
3 4 8 2 7 7 3 2 2 4 2 14 0 6 6 11 5 4 6 6 8 0 0 5 2 4 6 4 6 3 5 2 3 5 6 3 0 4 5 0 2 4 10 5 6 2 3 4 9 0 4 0 4 9 0 10 0 3 1 7 9 7 7 3 5 3 0 1 7 4 5 8 5 2 1 7 9 3 0 0 0 11 5 0 4 3 6 0 5 4 7 6 2 8 8 2 0 7 2 4 2 8 5 7 7 6 4 2 5 8 9 5 5 4 9 4 1 4 6 5 10 0 0 5 4 3 7 5 3 3 12 2 7 3 6 8 4 1 8 8 5 4 5 9 7 8 5 8 7 8 6 6 5 6 7 3 6 2 6 4 3 6 2 2 11 0 4 3 2 12 5 4 9 7 7 7 0 0 8 9 10 3 4 9 3 2 0 5 12 4 9 5 2 4 2 10 4 0 0 9
6 8 8 3 6 3 5 2 5 2 5 3 6 0 11 7 4 4 6 6 8 5 0 2 3 1 7 12 3 7 9 8 3 10 6 2 5 6 1 1 7 3 5 8 2 4 2 6 2 11 5 5 6 6 6 3 2 0 7 2 7 3 5 5 5 6 5 8 5 0 4 6 6 6 9 2 10 8 2 7 4 5 6 1 6 0 3 3 6 0 10 5 3 7 3 6 4 4 4 8 0 4 5 8 6 6 3 4 2 7 1 4 3 3 6 10 0 0 0 4 4 1 9 0 4 7 2 4 0 10 2 3 2 5 3 9 2 8 0 6 4 0 6 7 8 0 2 11 4 6 3 5 1 8 9 4 9 4 1 0 3 9 8 6 8 1 4 4 8 5 4 8 4 12 4 4 0 7 5 6 5 9 3 2 4 1 8 6 5 7 9 6 5 3 4 13 11 2 4 6
5 6 4 6 5 7 3 4 7 1 4 4 6 11 0 8 8 7 3 3 2 1 3 3 5 3 0 1 5 4 4 0 0 3 7 4 6 5 8 6 4 5 4 3 4 5 2 9 8 5 1 1 5 4 3 5 4 5 8 5 4 7 0 7 5 10 6 2 0 3 1 10 3 7 3 2 6 7 11 5 3 3 7 9 7 8 2 2 6 2 0 2 10 9 6 3 4 7 6 7 5 4 1 1 7 3 0 3 7 1 6 2 7 6 4 5 7 2 6 4 6 5 0 6 10 8 6 7 4 5 2 2 7 6 1 1 4 4 6 7 11 8 4 5 9 1 5 9 9 1 4 2 7 6 4 4 3 7 0 4 8 4 1 1 5 6 2 6 7 7 5 2 2 5 2 9 1 5 6 3 5 5 3 4 16 5 6 8 4 3 6 6 8 6 7 7 5 8 3 5
0 4 2 7 9 8 6 8 5 1 3 3 11 7 8 0 8 4 2 4 4 5 5 0 7 6 10 9 6 8 5 6 4 3 11 4 5 8 4 4 6 1 6 8 4 3 4 2 1 0 3 9 5 5 1 0 9 8 11 1 0 3 3 8 4 9 1 5 2 4 11 1 5 6 4 5 0 8 4 5 6 7 5 8 7 4 1 5 7 5 3 7 5 5 4 0 3 4 1 4 4 2 4 3 1 0 6 7 0 5 2 7 3 1 4 4 3 10 3 6 2 2 1 4 6 6 8 8 3 5 4 3 5 5 3 1 7 6 4 6 6 3 5 7 1 5 8 3 6 0 1 0 4 2 9 3 3 12 7 1 5 3 3 7 8 0 1 5 2 8 7 4 6 8 0 0 5 0 8 5 3 0 5 9 4 4 0 6 0 8 5 4 6 5 8 1 3 7 4 5
5 6 7 2 0 3 4 0 0 3 6 2 5 4 8 8 0 14 3 3 4 7 6 5 6 6 0 2 9 9 8 2 0 6 4 6 7 3 5 7 5 5 5 5 11 2 5 4 6 2 4 0 4 7 11 7 6 3 8 3 2 2 5 1 1 0 5 5 6 8 6 6 0 5 7 4 3 3 3 7 9 2 5 8 3 4 5 3 3 6 5 3 3 4 2 3 3 3 7 3 4 0 6 5 7 8 1 7 4 6 3 5 9 2 3 5 1 4 11 9 5 9 4 4 0 6 3 0 7 1 14 8 1 4 0 0 2 9 7 7 8 4 4 2 9 7 4 4 9 0 2 1 9 4 4 7 3 0 10 2 9 7 7 6 12 6 6 4 1 9 0 3 9 6 5 0 1 5 5 7 6 4 5 2 3 3 5 8 3 7 7 6 7 5 8 8 8 6 8 3
2 1 2 6 5 9 7 4 4 3 4 6 4 4 7 4 14 0 11 10 4 4 6 4 8 8 2 1 3 5 8 6 4 1 1 6 0 7 4 9 4 3 9 4 6 7 1 5 2 4 0 1 5 1 0 9 3 6 2 0 5 2 3 13 5 6 6 3 4 0 0 5 1 4 5 5 2 4 4 3 12 8 2 4 5 0 1 3 4 5 5 3 4 2 0 5 6 3 3 5 3 6 3 2 9 6 3 5 0 3 6 5 4 1 0 9 3 9 1 1 10 4 4 3 4 8 7 1 4 0 6 3 8 7 5 10 4 2 0 10 6 7 9 4 7 7 5 6 4 2 12 5 7 1 7 9 3 11 4 3 0 3 4 3 6 9 2 6 0 3 7 4 9 0 8 6 2 9 8 4 4 7 7 6 6 1 3 2 7 3 0 3 0 4 13 0 5 10 5 0
9 11 6 4 7 2 2 5 5 4 6 0 6 6 3 2 3 11 0 10 4 0 0 4 4 4 7 0 5 0 5 5 4 8 3 0 7 7 0 4 5 5 2 5 3 5 4 2 4 11 10 2 1 4 0 3 7 0 5 5 2 3 8 0 2 8 0 12 4 8 0 6 1 6 8 7 9 4 2 7 3 4 2 0 6 10 9 2 3 3 3 9 3 0 0 0 4 5 6 0 4 4 6 4 7 7 4 3 3 5 3 7 4 3 1 5 0 3 2 3 5 1 3 0 2 1 6 0 6 3 3 6 4 5 4 5 0 5 7 0 6 5 1 8 4 3 0 6 9 4 1 6 9 7 6 7 4 2 6 6 6 5 3 6 2 6 2 9 5 4 10 5 4 0 5 6 6 0 6 4 3 6 5 6 8 7 4 7 5 6 7 0 6 6 8 9 3 4 0 7
9 3 2 4 0 10 7 0 5 8 6 3 6 6 3 4 3 10 10 0 10 6 1 0 2 1 0 6 2 3 5 6 1 1 3 3 0 3 6 5 6 10 8 3 5 2 0 7 8 0 0 5 4 2 4 2 8 2 3 4 6 9 3 5 3 3 5 7 3 4 8 3 7 3 2 9 6 2 6 6 3 0 1 8 8 1 0 7 1 8 8 4 5 4 5 5 8 3 9 4 3 2 5 0 7 0 8 0 9 7 10 3 1 5 5 1 7 4 2 3 5 5 0 7 6 1 5 6 3 5 6 9 4 12 3 9 0 8 9 1 3 3 5 6 11 4 6 3 2 9 7 5 3 6 4 5 3 2 1 4 1 5 8 4 10 10 1 4 0 6 6 5 6 8 5 1 10 6 0 4 2 0 8 6 5 9 2 0 5 6 2 6 6 3 7 4 5 4 4 6
5 5 2 5 4 1 7 0 5 4 9 0 8 8 2 4 4 4 4 10 0 11 1 0 7 2 3 1 5 5 4 0 6 9 8 5 4 3 1 6 5 10 4 6 8 6 2 2 7 7 7 4 13 5 6 5 3 5 2 7 7 3 0 6 6 4 6 6 6 2 6 0 2 1 5 4 2 0 5 9 4 5 0 4 4 2 4 11 2 2 4 0 9 0 6 6 6 9 9 9 6 3 5 8 1 4 8 4 4 3 4 5 3 7 5 6 12 10 3 4 5 4 6 6 6 6 5 3 0 4 10 8 9 9 7 1 2 6 7 7 8 4 3 8 0 5 6 3 9 5 5 1 7 0 7 0 5 1 3 0 0 0 1 3 8 2 4 7 8 8 6 0 5 4 1 3 15 7 8 5 2 5 1 2 4 9 1 8 8 3 1 7 7 4 5 5 5 1 7 3
7 6 5 8 6 8 2 6 1 8 6 7 0 5 1 5 7 4 0 6 11 0 4 8 4 7 1 4 7 12 2 11 0 2 4 5 6 2 3 0 8 4 5 1 0 4 2 3 6 7 10 4 3 6 6 2 0 0 0 6 4 4 3 5 8 4 4 10 7 5 4 9 7 6 3 9 6 10 0 3 2 10 0 4 10 6 0 5 6 4 8 8 0 7 7 6 2 3 5 8 4 0 8 4 5 5 3 4 10 8 3 6 7 11 1 5 2 0 4 3 5 5 7 4 5 3 4 6 10 3 4 6 5 7 6 7 4 2 7 5 3 12 3 6 1 5 6 3 4 6 6 6 6 8 4 4 7 4 0 4 4 7 4 5 0 6 4 4 1 8 1 6 8 4 6 5 8 6 8 3 5 0 0 7 6 4 5 4 1 2 2 0 2 8 6 8 6 10 4 6
7 4 8 2 3 5 1 4 3 5 6 6 0 0 3 5 6 6 0 1 1 4 0 7 6 8 6 5 5 9 4 5 5 3 6 0 5 5 3 5 5 6 2 4 2 1 2 10 4 9 2 5 7 5 3 9 0 4 6 0 2 0 3 4 0 7 0 3 1 0 8 5 1 3 2 8 0 3 11 3 1 9 8 11 1 8 6 2 10 4 0 4 8 5 1 0 7 3 3 0 1 4 8 5 1 8 6 8 5 11 0 1 0 4 7 7 5 12 8 1 5 9 2 4 12 2 6 0 3 6 0 1 6 1 3 3 2 4 6 5 11 8 9 6 7 1 4 8 6 5 10 2 6 10 1 7 1 0 7 8 3 9 7 5 2 6 4 4 2 6 2 1 0 5 2 1 3 6 2 2 4 3 9 6 10 1 8 4 6 8 7 5 3 5 5 5 8 6 7 5
3 9 0 9 2 4 0 5 9 7 6 3 5 2 3 0 5 4 4 0 0 8 7 0 12 1 2 0 8 4 7 2 7 11 6 4 3 3 7 13 5 4 4 3 5 2 8 4 8 7 6 0 1 6 10 10 4 6 2 5 7 3 3 0 5 7 6 2 0 6 5 7 8 2 6 6 10 3 8 5 5 2 0 3 9 6 4 6 6 3 5 1 6 6 11 12 5 4 7 4 12 7 7 6 5 8 5 10 0 4 4 8 5 5 2 1 3 4 0 12 5 3 7 4 2 4 1 5 2 0 8 7 8 0 4 8 0 5 5 0 4 8 5 3 1 5 6 7 4 7 6 4 4 6 2 6 4 2 4 3 8 6 5 13 2 5 5 9 1 8 6 5 7 9 3 5 3 9 2 5 2 6 3 6 0 1 0 8 6 8 3 4 3 7 7 7 6 4 2 10
7 6 5 0 5 0 2 3 0 5 4 5 2 3 5 7 6 8 4 2 7 4 6 12 0 8 3 7 11 4 6 1 0 0 4 4 3 7 2 5 4 2 9 4 2 7 0 1 1 4 4 5 5 5 1 4 6 9 3 4 5 2 3 8 7 10 7 5 3 7 6 5 0 10 6 6 9 5 3 6 2 7 5 7 0 6 7 4 0 3 10 1 6 7 7 4 8 6 9 6 9 6 7 7 7 7 0 8 0 12 3 4 4 3 7 2 1 0 10 5 5 2 4 6 9 6 9 11 7 1 9 8 3 8 2 5 7 1 1 5 1 0 6 2 2 2 4 1 2 6 5 5 4 9 3 8 2 5 11 1 4 5 5 4 2 2 9 10 3 5 5 4 6 12 7 7 1 6 7 5 6 7 6 1 8 3 1 5 5 4 8 1 4 7 0 0 6 5 1 7
6 1 8 4 8 3 8 3 0 3 2 2 4 1 3 6 6 8 4 1 2 7 8 1 8 0 7 9 5 0 2 0 13 4 3 1 0 8 3 5 6 3 5 9 5 8 0 4 0 1 9 3 8 3 3 11 10 3 5 6 0 0 0 7 1 7 0 8 7 0 0 5 1 7 3 1 3 1 3 3 6 2 8 5 2 1 2 6 1 9 3 3 6 8 7 7 6 10 0 6 3 5 5 6 7 4 3 6 3 0 4 3 1 7 7 3 7 4 2 7 11 0 9 1 6 7 0 6 6 8 3 0 4 4 4 11 0 6 6 0 3 5 5 5 5 0 2 8 6 3 4 2 0 4 1 5 4 1 6 1 6 1 8 8 3 3 2 1 7 2 3 2 4 0 4 6 5 0 7 4 0 0 4 1 9 4 2 4 9 8 3 4 8 2 5 8 6 8 2 2
8 7 5 10 7 5 2 0 0 10 5 5 6 7 0 10 0 2 7 0 3 1 6 2 3 7 0 8 0 4 0 8 9 1 4 0 3 4 6 5 7 6 4 3 2 0 5 7 6 4 0 5 1 6 3 4 4 1 8 2 6 7 11 3 0 3 4 8 4 7 0 5 3 11 6 5 2 2 6 4 5 4 2 3 6 3 7 6 0 8 6 4 1 4 3 1 6 4 6 6 0 3 6 8 4 9 5 1 4 7 3 3 1 0 1 0 3 1 3 1 6 4 2 1 3 7 5 1 0 7 8 5 10 3 4 5 4 9 0 4 6 9 4 5 6 2 7 0 6 7 10 9 7 4 2 8 3 10 2 1 12 2 0 3 11 3 6 2 3 10 4 3 3 9 3 6 8 6 8 1 6 8 4 3 6 5 6 4 6 0 3 6 4 7 3 1 2 4 6 4
6 0 4 0 2 6 4 10 6 5 5 0 4 12 1 9 2 1 0 6 1 4 5 0 7 9 8 0 4 1 1 0 4 4 0 5 3 1 3 4 0 6 5 6 0 3 4 11 4 5 7 9 0 7 3 6 4 0 8 10 1 2 5 5 1 2 6 3 9 5 4 7 6 5 2 7 11 4 5 6 6 6 7 4 7 2 10 5 7 4 4 10 9 1 8 6 5 6 0 2 7 0 4 3 7 3 2 6 5 8 9 3 8 7 5 5 0 0 0 6 10 3 0 1 9 2 7 1 6 3 5 8 6 4 7 7 3 8 4 0 2 0 0 6 8 5 7 5 0 3 4 6 4 3 5 3 7 4 3 6 0 4 7 5 9 6 3 2 3 4 6 1 1 8 5 5 0 8 8 2 7 2 6 8 0 6 0 5 5 7 6 4 4 4 8 0 6 9 2 9
1 9 6 5 2 10 4 5 2 5 1 5 6 3 5 6 9 3 5 2 5 7 5 8 11 5 0 4 0 11 7 3 8 4 1 2 5 8 7 8 5 3 4 1 5 5 5 8 7 7 7 2 3 6 3 4 5 1 2 8 2 5 1 7 5 3 6 6 5 3 3 4 3 3 3 5 4 4 7 8 1 2 9 6 3 0 4 3 9 8 5 3 5 3 3 2 8 8 3 3 6 5 2 7 15 5 1 4 7 1 10 9 8 1 8 3 8 2 1 5 7 7 4 3 2 8 5 12 7 8 5 3 7 5 4 8 9 8 10 4 8 5 0 4 2 4 3 3 4 4 11 4 6 6 1 1 9 4 5 2 7 13 3 11 6 6 0 5 11 2 7 3 1 4 12 4 3 3 5 8 5 2 5 6 5 7 5 5 7 7 3 6 5 7 11 6 4 4 3 1
6 5 10 5 2 6 11 5 4 7 5 8 3 7 4 8 9 5 0 3 5 12 9 4 4 0 4 1 11 0 7 3 9 5 3 9 6 8 4 4 10 7 4 8 0 7 8 1 6 0 6 9 3 7 5 7 4 2 4 6 6 0 0 7 6 10 3 6 4 6 6 5 6 0 2 2 4 4 1 5 2 5 4 3 2 2 6 1 4 6 5 9 3 2 6 9 9 3 6 0 1 4 6 2 7 7 5 5 4 3 5 5 1 4 6 5 3 2 4 6 4 2 0 7 4 6 10 4 6 4 5 4 6 3 5 12 12 5 6 0 1 3 2 2 8 8 6 6 9 4 11 2 1 4 4 4 5 2 5 2 2 5 4 4 0 7 3 7 9 2 4 7 2 3 10 4 8 9 3 0 5 4 5 4 7 0 8 11 13 10 5 10 9 5 7 8 4 12 8 8
7 8 0 5 8 0 4 8 3 1 5 8 5 9 4 5 8 8 5 5 4 2 4 7 6 2 0 1 7 7 0 12 0 2 2 2 8 6 5 4 7 9 11 5 8 8 6 4 1 5 9 3 3 3 4 4 7 3 0 12 11 7 9 3 3 6 2 6 6 6 3 1 0 2 2 5 6 1 5 3 3 7 0 0 5 7 11 1 5 3 4 0 6 6 2 4 4 6 7 2 6 2 4 4 8 11 14 3 0 5 8 3 1 11 8 5 8 5 0 9 11 0 5 2 3 6 3 2 8 7 8 5 3 0 3 8 3 6 3 11 2 4 1 2 6 3 8 8 7 7 0 5 7 0 0 6 1 4 8 0 7 6 6 6 5 0 3 7 2 6 0 4 2 6 2 6 2 3 2 2 6 9 0 5 6 2 3 4 0 4 5 5 10 3 6 9 11 7 6 3
7 5 0 11 2 8 4 11 5 7 8 11 2 8 0 6 2 6 5 6 0 11 5 2 1 0 8 0 3 3 12 0 8 6 7 5 6 7 5 2 6 4 2 4 4 6 9 6 2 2 2 9 1 5 0 4 9 7 4 6 6 0 4 4 6 3 6 5 5 5 1 3 5 4 3 1 8 1 5 7 4 3 2 4 1 7 4 3 3 8 6 1 5 4 7 7 0 6 4 0 0 2 2 6 2 4 0 2 7 6 8 5 3 6 2 1 2 14 5 0 2 4 5 0 4 8 7 0 2 9 3 4 3 8 6 5 5 4 2 7 5 8 3 9 3 2 5 5 4 1 5 4 3 1 3 2 6 7 6 9 0 11 6 2 7 7 9 0 12 2 6 11 3 7 13 1 5 8 8 5 6 10 0 1 11 7 7 6 7 5 10 0 3 7 6 6 3 3 7 10
8 8 5 5 0 10 2 1 4 0 8 4 3 3 0 4 0 4 4 1 6 0 5 7 0 13 9 4 8 9 0 8 0 10 5 4 1 3 3 5 3 4 6 2 6 10 4 4 8 9 8 7 8 0 8 8 3 8 1 3 3 8 5 3 3 0 3 6 0 6 8 5 5 2 6 8 0 1 5 6 7 5 9 1 7 1 2 3 4 8 5 3 3 5 1 2 8 6 4 1 0 7 3 8 5 6 8 0 4 0 1 7 0 7 7 1 3 12 9 6 5 7 3 6 7 10 2 1 2 9 6 4 11 5 7 6 0 6 13 4 4 7 1 2 3 7 2 3 6 5 5 9 6 8 8 2 6 7 5 10 1 2 6 6 7 6 1 7 7 2 6 4 0 5 6 5 0 4 4 9 0 5 3 2 9 4 7 7 4 7 8 5 2 1 7 8 1 3 1 0
7 5 3 5 1 3 4 4 1 8 1 6 5 10 3 3 6 1 8 1 9 2 3 11 0 4 1 4 4 5 2 6 10 0 12 7 1 0 8 7 7 0 2 7 5 3 7 6 3 8 10 4 3 4 9 6 6 6 8 2 2 3 8 0 4 8 4 6 1 7 10 0 6 6 12 4 6 1 2 7 6 0 0 10 1 4 4 1 8 4 4 2 5 2 9 2 2 3 7 6 5 6 5 7 4 5 2 0 0 1 7 0 7 6 1 3 6 7 2 7 5 9 9 3 6 3 0 2 6 2 4 0 4 9 10 0 5 5 3 4 8 6 5 5 5 4 0 6 5 4 2 3 5 4 7 6 7 7 1 2 5 4 2 2 4 10 2 0 9 2 4 2 2 2 5 6 5 8 7 6 8 5 2 4 5 6 0 0 4 8 3 6 1 5 6 5 3 6 10 1
1 7 0 5 0 2 4 6 5 5 1 3 6 6 7 11 4 1 3 3 8 4 6 6 4 3 4 0 1 3 2 7 5 12 0 10 5 6 8 1 12 7 4 3 2 7 1 7 5 5 2 3 0 2 2 3 5 7 1 11 3 4 4 7 7 6 2 7 5 2 6 5 2 4 4 2 1 5 7 0 4 5 1 3 5 6 11 7 2 6 5 4 2 7 3 1 4 12 5 4 6 5 8 8 6 10 6 7 10 2 9 8 6 8 8 6 4 7 9 8 1 9 4 3 4 8 2 6 3 10 9 4 2 2 4 2 2 5 6 0 2 8 7 3 7 7 3 6 4 4 3 2 4 6 10 2 5 0 0 5 3 5 1 5 8 3 6 7 7 4 8 8 1 7 1 6 5 6 0 3 9 12 6 5 7 4 0 9 5 7 0 9 3 6 5 8 2 2 6 4
4 3 3 2 3 2 6 5 9 3 3 1 3 2 4 4 6 6 0 3 5 5 0 4 4 1 0 5 2 9 2 5 4 7 10 0 8 1 1 2 3 6 4 9 6 2 2 2 8 8 8 2 5 2 6 2 2 8 0 2 2 11 4 6 1 6 3 4 5 0 3 0 6 3 4 2 0 7 5 6 0 10 7 2 6 3 4 3 5 6 4 0 11 8 4 5 5 5 10 3 5 3 5 1 6 13 3 4 7 4 3 0 1 3 10 2 5 7 6 5 5 5 0 3 8 0 9 4 6 9 6 4 0 7 0 7 4 3 6 8 6 9 3 3 3 10 3 7 7 6 6 9 4 2 7 9 4 4 1 2 1 5 6 8 5 2 0 3 7 3 9 4 3 3 5 5 3 7 0 4 6 1 1 2 6 4 0 6 2 1 4 5 7 0 9 1 6 8 8 5
6 4 6 6 2 9 6 2 1 1 8 0 0 5 6 5 7 0 7 0 4 6 5 3 3 0 3 3 5 6 8 6 1 1 5 8 0 11 11 4 5 11 2 2 4 2 3 7 2 4 7 2 5 8 6 7 4 1 6 3 7 3 8 2 3 11 3 6 2 5 5 8 3 3 0 6 2 3 5 10 4 3 2 5 4 3 4 6 4 2 5 3 10 2 5 0 5 0 3 3 5 1 3 4 8 6 3 8 5 8 2 0 4 3 4 5 6 7 5 8 4 3 5 5 2 3 6 4 5 12 8 6 2 2 12 2 5 0 4 2 2 6 2 4 4 7 4 1 4 2 6 5 2 8 3 1 5 4 7 4 4 4 12 2 0 4 6 9 3 7 2 12 4 1 3 1 4 5 1 6 4 5 5 5 3 7 7 4 4 0 2 7 9 7 6 0 4 8 7 6
7 4 2 9 7 5 7 2 8 7 5 8 4 6 5 8 3 7 7 3 3 2 5 3 7 8 4 1 8 8 6 7 3 0 6 1 11 0 9 3 9 9 0 5 8 5 4 8 5 0 0 8 3 6 10 11 10 6 7 0 7 6 5 5 7 3 0 4 3 3 7 1 4 7 3 5 4 4 2 1 0 4 6 9 4 2 10 7 8 10 5 13 4 8 6 6 12 2 8 0 3 4 4 2 0 1 2 5 7 0 6 3 3 5 2 9 8 1 5 5 2 8 3 3 3 1 12 7 10 9 5 5 8 7 2 4 5 5 5 4 10 2 7 7 4 6 6 5 10 10 6 10 11 2 11 1 8 0 6 7 7 3 5 0 7 0 5 2 2 0 10 4 3 11 0 3 0 4 4 4 7 3 6 7 4 7 3 4 4 6 6 2 0 5 4 5 6 5 7 9
0 1 5 2 1 5 5 6 1 5 4 7 5 1 8 4 5 4 0 6 1 3 3 7 2 3 6 3 7 4 5 5 3 8 8 1 11 9 0 7 0 5 8 9 6 7 4 9 2 6 7 0 5 3 0 5 9 6 6 3 1 4 6 6 0 0 4 0 3 2 4 7 0 3 1 3 7 5 3 0 8 6 3 6 6 10 5 8 4 3 6 7 0 7 10 6 6 2 1 4 12 3 0 1 0 5 5 4 7 5 3 7 7 6 4 4 3 2 4 5 9 7 3 7 0 1 1 4 6 2 10 2 5 7 5 6 1 8 8 6 7 5 1 5 9 2 8 6 6 2 3 2 1 6 8 9 5 4 5 6 8 6 5 8 3 0 8 5 7 9 0 8 1 4 5 6 6 2 3 4 0 8 2 4 10 1 3 8 8 7 5 7 5 2 1 3 8 11 6 3
2 4 6 4 9 8 7 7 8 2 4 4 0 1 6 4 7 9 4 5 6 0 5 13 5 5 5 4 8 4 4 2 5 7 1 2 4 3 7 0 5 3 5 0 6 9 6 8 4 2 3 7 8 3 5 4 7 3 5 5 1 6 2 8 4 3 5 1 8 7 3 2 0 5 2 7 6 0 1 4 4 2 5 3 2 4 5 2 6 5 0 6 5 0 1 1 3 4 4 10 7 9 8 7 5 4 0 3 2 7 6 4 1 7 6 5 2 6 6 3 7 6 1 6 10 4 5 7 5 8 8 6 0 1 11 3 13 4 7 14 5 0 4 9 1 2 4 2 3 4 1 6 5 5 5 5 3 4 3 3 7 3 5 5 10 8 3 7 5 3 6 1 8 6 0 8 6 5 4 5 5 7 12 3 2 1 2 6 8 6 11 6 2 7 2 0 9 5 0 0
0 4 5 7 10 5 8 7 3 4 8 15 2 7 4 6 5 4 5 6 5 8 5 5 4 6 7 0 5 10 7 6 3 7 12 3 5 9 0 5 0 7 0 3 9 7 3 8 2 5 1 4 5 2 0 4 0 6 5 6 0 2 3 5 12 5 3 10 1 3 2 4 5 4 6 5 4 4 3 8 4 3 5 8 3 6 5 2 2 8 4 4 3 4 8 3 7 8 5 1 7 9 2 5 6 0 4 3 0 6 3 2 3 5 1 7 12 5 1 7 4 3 10 5 0 6 11 0 1 5 10 3 0 2 2 1 3 5 4 3 0 6 2 8 8 6 2 4 4 9 5 5 4 5 3 5 8 3 4 5 3 0 5 7 2 1 3 3 5 8 4 2 3 3 3 8 2 6 3 6 0 7 5 5 4 4 0 8 6 9 2 8 7 2 9 7 2 5 2 7
5 6 9 10 4 9 3 5 5 2 7 10 4 3 5 1 5 3 5 10 10 4 6 4 2 3 6 6 3 7 9 4 4 0 7 6 11 9 5 3 7 0 4 4 5 2 3 3 2 5 2 6 9 8 1 5 3 6 3 3 1 10 5 5 4 4 4 11 4 5 0 8 7 5 8 0 10 2 13 2 5 0 7 4 4 3 5 6 6 5 7 7 8 6 1 1 3 0 4 1 0 4 5 4 5 4 5 2 6 6 6 7 7 5 8 1 3 7 4 9 5 9 10 0 4 2 6 1 5 4 7 7 10 10 0 2 5 1 6 6 5 8 5 8 0 6 4 7 0 0 0 10 2 1 2 2 5 0 3 7 4 7 4 11 8 2 7 2 5 9 6 4 7 5 5 4 8 8 4 7 2 3 7 5 4 13 1 3 0 1 6 5 2 6 0 5 2 3 6 2
3 8 2 7 6 3 0 10 3 5 10 7 10 5 4 6 5 9 2 8 4 5 2 4 9 5 4 5 4 4 11 2 6 2 4 4 2 0 8 5 0 4 0 14 9 6 7 6 5 7 1 9 3 6 5 4 6 7 5 7 6 0 2 2 5 1 7 3 0 4 2 2 3 7 7 5 5 3 4 6 5 9 6 5 11 3 2 7 5 1 6 6 8 5 9 0 5 1 4 0 4 5 9 7 8 2 5 9 0 3 0 7 5 0 5 2 3 3 7 8 0 5 5 2 3 5 1 3 6 8 4 2 4 9 0 6 4 8 0 7 3 4 4 6 5 8 8 3 1 1 1 2 2 1 4 4 6 4 5 9 5 4 6 7 3 1 5 1 4 6 2 2 5 7 7 1 1 6 7 6 3 3 6 5 3 2 7 6 5 4 2 5 5 8 2 8 2 7 1 3
0 9 7 7 3 8 7 1 2 7 1 7 5 8 3 8 5 4 5 3 6 1 4 3 4 9 3 6 1 8 5 4 2 7 3 9 2 5 9 0 3 4 14 0 11 8 6 5 7 4 6 0 2 11 8 4 4 10 4 5 3 2 8 2 3 0 8 7 5 3 6 10 0 11 4 9 5 1 7 0 4 5 1 0 1 3 4 1 8 6 3 8 5 9 4 3 0 0 6 2 10 6 1 0 1 3 4 4 6 5 5 5 4 4 3 4 7 5 6 5 7 2 3 0 3 0 9 5 6 9 10 6 3 4 4 6 4 5 5 5 7 9 3 2 3 6 5 4 7 6 5 9 6 5 0 1 6 5 6 9 6 4 3 8 3 1 6 4 3 2 4 7 6 8 11 5 8 1 1 3 7 11 3 5 0 2 0 10 6 7 7 11 3 0 1 0 2 7 5 11
2 12 6 6 4 3 8 7 5 5 8 0 6 2 4 4 11 6 3 5 8 0 2 5 2 5 2 0 5 0 8 4 6 5 2 6 4 8 6 6 9 5 9 11 0 9 9 0 2 3 0 5 0 0 4 6 6 3 4 7 8 3 0 5 7 0 3 7 5 6 5 5 3 4 7 5 3 6 10 2 3 2 7 2 6 2 10 5 0 8 8 4 0 3 6 7 5 4 10 6 6 3 9 2 0 0 4 2 7 9 6 6 3 4 2 1 6 7 1 9 9 5 3 6 7 2 6 8 2 7 8 2 4 6 7 3 5 10 4 7 11 7 9 0 4 3 10 7 9 10 4 0 4 2 8 4 2 6 5 6 6 3 12 3 4 7 5 8 7 0 7 1 11 5 4 1 0 3 5 6 3 4 7 2 6 4 6 6 3 4 8 11 2 7 0 5 3 6 5 8
6 1 5 7 4 6 10 5 6 1 3 5 2 4 5 3 2 7 5 2 6 4 1 2 7 8 0 3 5 7 8 6 10 3 7 2 2 5 7 9 7 2 6 8 9 0 6 2 9 7 7 7 2 8 0 5 2 3 0 8 7 13 6 7 10 8 5 6 4 4 5 8 0 1 8 4 9 7 0 1 7 3 6 0 6 4 5 3 8 0 1 6 2 10 7 10 3 4 3 4 3 5 7 0 9 6 1 1 3 3 7 1 10 3 3 9 9 4 6 10 4 8 1 2 4 5 7 1 3 6 2 6 3 4 4 2 4 1 4 5 9 0 10 0 4 5 3 5 3 3 2 4 6 5 6 0 5 6 4 1 8 8 0 3 3 4 4 3 4 6 4 0 3 5 5 7 4 4 5 2 2 0 0 6 4 2 3 10 7 7 4 3 1 10 6 1 6 5 8 0
9 2 8 7 6 0 6 0 5 4 10 4 3 2 2 4 5 1 4 0 2 2 2 8 0 0 5 4 5 8 6 9 4 7 1 2 3 4 4 6 3 3 7 6 9 6 0 9 5 6 4 5 5 10 5 4 3 2 7 5 7 6 7 4 4 1 9 1 6 11 0 4 8 4 6 5 4 5 7 10 5 3 4 12 7 11 4 4 5 6 6 6 5 6 1 6 1 5 7 5 4 7 3 3 4 2 3 8 7 3 2 0 0 7 6 4 6 6 4 7 7 2 3 6 5 2 6 4 0 8 2 5 6 4 7 2 5 8 4 6 8 7 5 4 10 2 1 1 2 0 3 5 3 5 6 5 1 5 6 1 2 5 3 1 5 0 5 8 5 6 1 3 4 5 9 0 10 7 10 2 6 2 8 2 0 7 2 2 9 2 2 4 0 4 4 5 3 2 3 3
4 0 12 9 4 5 1 9 1 5 4 3 4 6 9 2 4 5 2 7 2 3 10 4 1 4 7 11 8 1 4 6 4 6 7 2 7 8 9 8 8 3 6 5 0 2 9 0 14 4 3 9 10 7 6 3 5 6 2 2 2 4 6 6 2 0 4 8 4 3 8 7 1 8 0 3 1 5 8 3 10 3 2 5 6 5 1 8 3 9 6 7 7 0 4 1 1 12 2 2 6 6 4 5 1 5 8 5 4 2 2 0 4 2 3 9 9 2 2 4 3 4 8 7 5 6 5 1 4 12 2 2 7 3 7 3 0 4 3 0 1 5 8 2 1 5 4 7 8 7 5 10 7 1 7 6 0 6 6 3 5 6 3 10 7 4 0 8 4 3 5 0 5 0 4 5 6 13 2 1 1 4 1 3 5 0 5 2 4 9 3 3 9 5 8 1 9 7 5 2
8 3 0 6 3 6 7 6 0 3 9 4 9 2 8 1 6 2 4 8 7 6 4 8 1 0 6 4 7 6 1 2 8 3 5 8 2 5 2 4 2 2 5 7 2 9 5 14 0 10 9 3 4 0 0 4 5 2 0 4 1 1 4 6 5 6 4 5 7 4 8 0 4 7 4 3 2 7 2 9 9 0 1 0 7 7 6 5 1 9 0 5 6 5 2 6 3 1 7 5 8 9 2 1 6 8 6 0 8 2 1 2 7 0 1 7 6 9 9 2 8 3 7 3 7 4 5 5 8 14 2 3 5 3 4 5 2 13 7 8 10 7 6 3 8 5 3 6 0 5 8 2 5 6 6 6 11 7 6 0 6 5 3 6 6 1 2 9 0 2 3 6 6 4 8 3 1 2 3 0 6 0 3 5 1 0 1 12 7 3 3 6 5 0 0 7 1 5 6 2
2 6 4 3 2 8 0 5 10 0 8 6 0 11 5 0 2 4 11 0 7 7 9 7 4 1 4 5 7 0 5 2 9 8 5 8 4 0 6 2 5 5 7 4 3 7 6 4 10 0 9 7 5 6 0 7 4 5 2 5 8 1 7 6 4 6 7 9 6 3 6 5 3 3 1 4 12 3 10 0 8 4 6 0 5 6 2 4 6 5 3 3 5 4 7 8 4 11 12 1 3 10 2 8 6 0 5 0 10 7 1 0 8 7 8 3 3 5 5 9 7 6 3 3 6 3 9 1 1 5 5 3 3 5 4 5 6 6 1 3 7 7 3 3 8 4 7 9 10 7 4 4 3 6 7 7 3 6 5 0 8 4 3 0 5 4 1 5 10 2 10 3 6 6 11 5 12 10 5 8 0 7 3 5 6 7 1 13 3 4 7 6 4 2 5 6 10 2 8 5
4 1 3 5 7 1 0 7 4 1 4 8 4 5 1 3 4 0 10 0 7 10 2 6 4 9 0 7 7 6 9 2 8 10 2 8 7 0 7 3 1 2 1 6 0 7 4 3 9 9 0 12 4 6 9 4 3 2 4 8 4 5 3 5 4 5 4 8 2 6 3 7 3 2 2 0 0 3 1 5 3 4 2 5 2 7 5 9 0 10 3 4 2 3 2 8 5 11 2 4 5 4 4 8 7 6 3 7 8 11 3 10 5 10 6 4 2 5 2 4 1 4 7 5 2 5 7 6 5 9 1 5 7 5 2 5 1 7 5 11 12 1 4 2 4 4 0 0 0 1 11 3 5 7 0 6 2 4 10 6 2 5 10 0 3 4 4 8 3 4 3 9 2 5 5 6 7 14 5 10 7 6 3 5 8 0 0 1 4 3 4 7 6 7 9 6 3 0 2 2
4 4 3 3 0 4 6 6 0 8 3 3 0 5 1 9 0 1 2 5 4 4 5 0 5 3 5 9 2 9 3 9 7 4 3 2 2 8 0 7 4 6 9 0 5 7 5 9 3 7 12 0 9 5 9 3 4 3 2 8 3 9 4 6 4 10 5 5 6 9 0 8 2 1 2 4 3 2 9 1 4 7 3 4 12 2 7 5 4 1 9 5 4 4 4 2 7 1 5 7 3 1 6 0 4 7 10 3 2 9 8 1 0 0 2 7 3 9 5 9 4 5 3 4 3 5 1 5 3 6 6 1 3 5 6 6 4 8 3 5 4 7 1 4 2 8 8 9 1 0 7 1 9 0 4 7 6 4 7 8 4 1 1 11 0 6 5 2 7 3 6 5 2 5 5 6 4 0 7 4 0 4 3 6 5 8 8 4 3 2 8 2 2 2 1 3 4 6 8 3
0 9 5 10 1 6 2 4 5 10 7 3 4 6 5 5 4 5 1 4 13 3 7 1 5 8 1 0 3 3 3 1 8 3 0 5 5 3 5 8 5 9 3 2 0 2 5 10 4 5 4 9 0 6 3 6 5 4 0 3 9 4 4 8 5 4 8 3 2 4 6 3 3 4 3 4 6 4 3 4 5 6 5 5 8 7 3 4 3 7 3 6 10 4 12 5 8 3 4 4 1 2 1 8 7 7 1 0 8 4 3 4 4 6 11 7 7 7 0 5 6 2 0 0 6 5 6 0 6 0 2 7 2 4 0 7 11 8 3 6 6 6 3 3 6 7 8 1 7 0 1 4 3 4 1 6 3 8 4 9 5 3 2 8 4 1 4 1 4 4 0 3 10 6 3 0 3 11 2 11 11 1 4 4 3 5 6 8 3 6 1 11 7 1 7 6 2 2 7 7
3 1 2 7 6 0 3 2 4 11 3 6 9 6 4 5 7 1 4 2 5 6 5 6 5 3 6 7 6 7 3 5 0 4 2 2 8 6 3 3 2 8 6 11 0 8 10 7 0 6 6 5 6 0 10 7 8 7 8 3 1 2 0 5 6 4 7 5 7 3 0 6 4 7 4 5 6 8 8 5 8 0 0 6 4 3 6 3 2 0 4 3 4 6 5 5 8 8 2 6 3 7 12 9 6 2 3 6 9 3 5 5 6 9 9 4 3 3 5 4 4 6 8 3 1 6 9 0 7 4 2 7 6 7 9 7 6 6 3 3 10 1 3 2 0 4 5 4 0 4 5 6 8 2 6 7 2 4 1 6 6 4 0 3 7 4 3 4 5 3 6 6 2 5 3 5 7 2 4 4 0 2 7 6 3 3 4 5 5 7 5 1 0 2 4 10 3 6 10 4
8 4 4 3 3 7 1 4 7 14 7 5 0 6 3 1 11 0 0 4 6 6 3 10 1 3 3 3 3 5 4 0 8 9 2 6 6 10 0 5 0 1 5 8 4 0 5 6 0 0 9 9 3 10 0 5 9 0 0 3 3 5 7 3 5 0 6 6 7 2 9 6 7 0 2 4 0 1 4 8 6 5 6 0 9 4 0 4 6 2 11 5 1 6 3 6 5 5 4 4 3 4 0 2 10 5 0 6 6 3 3 3 0 9 9 9 1 0 8 11 5 4 5 8 5 4 1 2 9 9 5 9 2 2 7 9 9 7 3 5 2 10 0 6 7 2 5 8 1 5 8 3 7 3 6 4 6 6 10 4 8 0 6 4 12 4 1 8 1 8 9 5 4 5 7 10 6 3 8 2 0 2 1 2 6 4 2 4 6 5 0 6 4 7 2 4 3 10 6 1
6 5 0 8 2 7 11 2 6 5 9 6 10 3 5 0 7 9 3 2 5 2 9 10 4 11 4 6 4 7 4 4 8 6 3 2 7 11 5 4 4 5 4 4 6 5 4 3 4 7 4 3 6 7 5 0 4 7 6 1 5 0 10 4 5 6 5 5 3 2 5 4 7 9 2 6 8 3 10 8 0 6 1 0 2 5 5 3 3 2 7 5 6 4 8 5 3 5 0 6 3 8 1 6 4 2 1 4 5 9 6 3 6 9 7 7 2 5 9 6 6 6 5 5 0 2 5 2 3 10 3 5 6 1 4 0 0 3 1 3 0 7 1 4 4 0 4 0 9 2 2 7 2 4 6 5 6 0 8 3 7 0 11 6 4 0 4 1 4 6 6 5 7 8 8 5 0 3 8 3 10 2 7 1 0 2 3 5 6 5 5 2 8 6 6 5 3 5 3 0
10 9 10 7 5 4 3 4 5 2 4 6 0 2 4 9 6 3 7 8 3 0 0 4 6 10 4 4 5 4 7 9 3 6 5 2 4 10 9 7 0 3 6 4 6 2 3 5 5 4 3 4 5 8 9 4 0 11 2 2 3 0 4 5 4 7 5 5 2 7 8 1 3 7 8 4 2 6 2 8 12 2 7 4 5 13 2 10 7 4 0 2 9 2 0 7 1 2 4 0 7 8 8 10 3 4 1 2 10 0 4 0 3 0 6 3 5 0 7 2 1 7 5 1 4 12 7 1 8 5 3 5 1 7 3 6 10 9 7 3 7 4 1 7 7 4 4 1 2 5 9 2 10 4 6 4 8 8 6 1 9 8 5 0 2 1 1 2 4 6 6 6 10 2 4 10 4 6 3 7 4 5 4 8 1 7 9 4 4 8 4 3 2 3 7 2 14 3 7 7
2 5 11 5 5 4 6 1 0 4 3 10 3 0 5 8 3 6 0 2 5 0 4 6 9 3 1 0 1 2 3 7 8 6 7 8 1 6 6 3 6 6 7 10 3 3 2 6 2 5 2 3 4 7 0 7 11 0 5 4 0 3 4 7 4 3 8 6 8 10 6 0 5 4 3 2 3 2 4 6 7 11 2 2 6 3 6 1 3 6 6 5 0 5 5 4 6 5 4 0 0 4 0 1 1 10 7 6 3 4 5 2 5 7 4 9 7 3 4 4 2 2 11 6 3 3 4 0 6 5 8 6 0 3 3 3 7 6 1 4 8 8 5 6 9 12 3 2 4 5 4 0 8 3 4 7 6 6 2 0 5 9 8 2 9 6 7 2 7 7 6 5 4 1 7 0 1 5 7 4 1 0 8 9 6 8 3 7 6 10 5 0 3 0 10 0 4 7 6 0
8 7 5 12 0 7 1 8 6 6 11 6 1 7 8 11 8 2 5 3 2 0 6 2 3 5 8 8 2 4 0 4 1 8 1 0 6 7 6 5 5 3 5 4 4 0 7 2 0 2 4 2 0 8 0 6 2 5 0 4 2 5 2 0 8 0 2 3 7 5 4 2 6 3 2 3 1 4 1 2 5 8 2 4 1 4 0 7 6 8 9 2 8 3 6 4 1 5 0 3 4 3 3 4 5 10 7 6 4 7 0 4 7 9 10 3 6 3 4 2 5 5 2 5 4 6 7 2 3 5 3 4 7 9 5 4 7 4 6 11 6 1 5 7 6 7 7 2 5 5 7 1 8 7 7 7 4 6 1 5 6 8 0 0 5 4 5 2 6 3 7 6 4 6 0 4 6 4 5 1 3 3 10 3 2 10 5 4 4 2 4 7 6 7 4 6 6 6 7 2
2 5 2 10 6 1 3 9 0 6 10 6 7 2 5 1 3 0 5 4 7 6 0 5 4 6 2 10 8 6 12 6 3 2 11 2 3 0 3 5 6 3 7 5 7 8 5 2 4 5 8 8 3 3 3 1 2 4 4 0 14 8 8 4 10 6 10 3 7 4 4 4 8 5 4 6 7 4 10 4 0 5 10 6 6 5 5 5 8 5 6 3 6 0 0 4 9 3 5 5 1 1 3 6 1 5 5 2 3 2 12 3 4 5 2 6 1 4 6 11 4 5 9 5 0 7 5 5 5 8 1 0 5 11 6 7 3 1 9 6 5 4 6 6 6 4 2 3 11 2 6 4 3 5 0 3 3 3 3 4 9 0 5 10 7 4 5 4 7 6 2 11 7 6 1 3 2 2 7 7 9 9 8 5 4 7 4 6 1 7 4 5 3 4 4 0 9 8 2 4
9 3 7 6 1 8 5 10 8 10 0 6 9 7 4 0 2 5 2 6 7 4 2 7 5 0 6 1 2 6 11 6 3 2 3 2 7 7 1 1 0 1 6 3 8 7 7 2 1 8 4 3 9 1 3 5 3 0 2 14 0 10 8 6 5 8 3 3 5 5 5 5 11 3 7 3 5 0 3 4 4 6 0 0 6 11 8 0 1 2 3 3 6 13 6 3 8 6 2 12 1 13 6 1 4 6 6 7 6 0 1 5 3 1 5 7 5 3 5 0 5 11 7 6 3 8 10 4 0 6 5 0 4 4 3 4 0 2 7 3 2 0 6 6 5 3 2 8 3 5 7 3 9 6 5 2 2 2 7 4 1 7 4 4 4 3 2 7 3 4 6 4 4 3 0 5 7 3 5 2 7 2 7 9 8 5 1 6 9 7 5 5 6 9 3 0 4 12 5 6
3 6 3 8 4 5 4 7 9 9 3 7 7 3 7 3 2 2 3 9 3 4 0 3 2 0 7 2 5 0 7 0 8 3 4 11 3 6 4 6 2 10 0 2 3 13 6 4 1 1 5 9 4 2 5 0 0 3 5 8 10 0 4 3 4 1 11 2 7 8 3 5 5 0 3 12 7 5 3 3 2 3 9 1 8 2 5 0 6 2 5 3 5 4 6 2 7 8 5 6 6 4 5 5 7 6 6 3 0 5 4 0 0 4 4 4 4 1 4 5 4 7 4 3 5 5 4 6 0 0 9 7 4 1 6 2 3 1 6 0 1 4 6 1 1 6 7 0 4 6 0 8 7 3 10 2 2 12 5 8 5 4 6 3 3 3 7 2 7 1 6 3 3 8 9 3 6 7 0 1 4 1 2 6 4 4 3 2 6 6 4 4 4 1 5 1 11 7 8 9
2 1 7 5 5 5 6 4 2 3 6 6 7 5 0 3 5 3 8 3 0 3 3 3 3 0 11 5 1 0 9 4 5 8 4 4 8 5 6 2 3 5 2 8 0 6 7 6 4 7 3 4 4 0 7 10 4 4 2 8 8 4 0 8 4 5 9 3 0 1 4 6 9 4 7 2 4 3 6 7 0 8 3 9 9 7 2 10 0 7 1 5 5 5 5 3 6 7 2 2 7 7 2 6 4 7 1 10 1 3 2 5 4 9 11 0 4 2 6 0 2 7 7 3 4 4 5 7 5 6 4 6 6 4 3 6 8 5 7 8 6 0 0 9 8 4 1 2 9 8 4 0 3 3 0 3 8 7 4 4 5 9 6 7 5 2 2 6 4 5 6 11 2 6 5 4 11 10 6 4 5 0 5 6 3 5 8 0 1 5 2 1 8 7 3 5 5 8 2 4
3 1 9 2 4 8 7 3 3 3 9 9 3 5 7 8 1 13 0 5 6 5 4 0 8 7 3 5 7 7 3 4 3 0 7 6 2 5 6 8 5 5 2 2 5 7 4 6 6 6 5 6 8 5 3 4 5 7 0 4 6 3 8 0 6 6 6 1 6 2 4 2 1 8 5 3 4 11 4 5 3 7 5 6 2 4 3 0 1 0 8 3 7 0 2 8 4 5 3 2 7 5 3 2 2 6 7 3 8 5 3 5 3 0 4 1 9 1 5 4 8 0 3 6 0 0 1 1 4 2 6 8 9 5 4 7 4 8 10 6 0 4 10 0 6 0 6 9 2 3 6 5 4 8 6 7 4 8 8 7 1 7 3 7 3 6 2 8 7 3 6 2 4 7 3 12 9 0 2 0 4 6 3 2 5 4 4 2 6 0 7 6 4 2 5 8 6 0 10 1
1 2 5 4 6 0 7 8 2 8 9 1 5 5 5 4 1 5 2 3 6 8 0 5 7 1 0 1 5 6 3 6 3 4 7 1 3 7 0 4 12 4 5 3 7 10 4 2 5 4 4 4 5 6 5 5 4 4 8 10 5 4 4 6 0 10 8 8 3 5 6 7 0 5 5 2 7 4 4 6 5 10 2 5 3 5 8 4 5 4 8 1 4 7 3 5 1 6 0 4 6 5 0 6 3 0 4 1 4 4 4 5 4 4 6 7 1 1 7 4 7 5 6 4 11 3 3 1 10 6 5 9 6 6 5 4 2 1 6 5 11 7 0 1 6 9 7 0 2 6 4 9 4 9 3 4 1 7 5 5 7 1 8 8 4 7 6 6 7 8 5 4 2 10 6 2 3 4 8 5 6 11 1 4 3 6 7 5 4 3 0 4 0 5 3 3 8 2 2 4
3 6 4 6 8 0 10 6 3 8 4 0 3 6 10 9 0 6 8 3 4 4 7 7 10 7 3 2 3 10 6 3 0 8 6 6 11 3 0 3 5 4 1 0 0 8 1 0 6 6 5 10 4 4 0 6 7 3 0 6 8 1 5 6 10 0 4 11 3 6 3 3 7 5 8 6 9 9 7 10 1 2 2 7 5 6 7 2 4 5 1 2 0 4 7 2 2 1 3 5 7 6 0 3 0 0 5 9 7 11 4 0 1 4 1 4 3 0 6 7 8 10 2 5 5 8 7 2 7 8 4 5 5 6 0 6 3 7 0 8 5 2 8 4 2 9 5 7 4 5 4 0 6 5 9 7 4 10 7 2 0 2 8 2 4 0 9 0 4 1 4 5 5 2 8 4 6 10 10 7 4 7 3 8 0 8 2 3 5 4 3 9 1 0 4 7 6 5 6 1
5 5 5 0 2 4 4 6 4 6 2 1 0 5 6 1 5 6 0 5 6 4 0 6 7 0 4 6 6 3 2 6 3 4 2 3 3 0 4 5 3 4 7 8 3 5 9 4 4 7 4 5 8 7 6 5 5 8 2 10 3 11 9 6 8 4 0 4 5 0 2 0 0 4 6 4 2 4 4 8 3 6 3 2 6 3 1 6 7 7 2 0 3 8 10 3 2 5 0 1 1 9 6 4 0 1 5 2 4 5 0 5 0 6 5 10 2 3 3 5 3 2 5 4 3 4 6 7 0 4 0 3 1 4 4 0 6 7 4 1 5 3 7 0 4 10 5 7 4 6 7 8 3 6 7 7 6 7 7 10 12 2 5 1 7 6 8 6 2 3 6 3 8 3 4 1 8 4 7 9 10 10 3 0 2 4 1 4 6 6 5 7 0 3 5 3 0 5 0 5
2 7 6 1 7 0 0 4 3 5 10 5 1 8 2 5 5 3 12 7 6 10 3 2 5 8 8 3 6 6 6 5 6 6 7 4 6 4 0 1 10 11 3 7 7 6 1 8 5 9 8 5 3 5 6 5 5 6 3 3 3 2 3 1 8 11 4 0 7 1 5 1 7 5 3 4 2 2 5 4 7 9 7 6 8 2 10 3 2 0 0 5 4 3 8 3 0 2 5 0 2 0 5 10 2 4 6 3 5 0 3 0 6 1 4 9 1 0 9 6 4 8 5 5 2 5 0 6 3 3 11 3 2 11 2 5 6 9 3 2 3 9 0 3 5 8 5 8 5 2 9 4 10 4 6 7 6 7 8 10 6 5 4 3 10 3 0 7 2 6 3 0 10 2 0 6 10 2 0 5 6 7 12 4 6 3 4 4 3 5 1 5 7 7 3 1 4 5 5 3
1 2 9 0 0 1 4 5 3 8 4 0 7 5 0 2 6 4 4 3 6 7 1 0 3 7 4 9 5 4 6 5 0 1 5 5 2 3 3 8 1 4 0 5 5 4 6 4 7 6 2 6 2 7 7 3 2 8 7 7 5 7 0 6 3 3 5 7 0 4 3 4 8 7 4 8 3 6 3 4 4 1 7 4 4 7 11 8 6 7 0 4 3 5 5 6 5 7 5 8 5 6 9 1 3 3 5 4 8 2 9 6 0 0 5 6 2 5 6 3 3 6 8 4 8 11 7 5 0 0 9 7 5 7 4 15 7 2 9 4 5 8 4 6 4 2 4 0 8 0 1 7 9 10 6 8 5 8 9 0 0 3 7 5 6 2 5 4 5 3 1 2 3 4 2 3 8 1 3 4 10 2 5 4 6 6 8 2 6 2 3 4 4 7 6 4 7 4 10 0
9 4 3 4 2 4 5 7 3 4 2 3 4 0 3 4 8 0 8 4 2 5 0 6 7 0 7 5 3 6 6 5 6 7 2 0 5 3 2 7 3 5 4 3 6 4 11 3 4 3 6 9 4 3 2 2 7 10 5 4 5 8 1 2 5 6 0 1 4 0 7 3 4 4 5 5 3 3 7 8 4 3 10 0 4 4 7 5 4 6 5 4 4 5 8 3 8 4 5 4 3 9 11 6 9 1 2 3 0 7 5 3 5 3 7 5 7 2 5 0 9 8 2 5 2 1 3 4 6 4 2 2 5 2 5 6 3 7 9 4 3 8 3 8 3 5 6 1 5 4 10 11 5 4 7 4 5 3 3 3 4 5 4 1 7 4 1 8 10 6 3 3 0 3 9 0 7 2 7 3 5 4 3 3 3 4 9 7 6 0 7 1 8 4 6 3 5 5 7 4
3 8 2 9 4 5 4 3 3 9 4 7 5 4 1 11 6 0 0 8 6 4 8 5 6 0 0 4 3 6 3 1 8 10 6 3 5 7 4 3 2 0 2 6 5 5 0 8 8 6 3 0 6 0 9 5 8 6 4 4 5 3 4 4 6 3 2 5 3 7 0 9 1 4 3 1 1 4 0 6 10 4 1 7 6 4 4 3 0 4 1 7 4 5 5 4 8 9 6 3 5 10 0 1 6 3 4 12 0 6 3 4 5 8 10 2 1 9 4 6 1 9 5 1 5 0 1 1 2 5 8 1 2 8 3 3 3 0 8 7 3 6 4 1 4 6 8 3 4 9 7 6 6 6 4 6 4 4 2 0 2 6 1 5 2 3 7 7 5 4 3 5 4 0 1 5 3 0 3 6 6 5 5 7 10 0 1 3 3 0 5 2 10 13 6 6 6 0 6 3
6 7 8 0 5 6 1 9 1 1 3 3 8 6 10 1 6 5 6 3 0 9 5 7 5 5 5 7 4 5 1 3 5 0 5 0 8 1 7 2 4 8 2 10 5 8 4 7 0 5 7 8 3 6 6 4 1 0 2 4 5 5 6 2 7 3 0 1 4 3 9 0 11 6 7 2 7 6 4 1 3 2 9 2 2 3 5 1 6 5 6 5 1 3 8 6 2 7 3 4 5 6 6 8 2 3 1 2 0 7 7 5 6 4 9 2 6 5 1 9 8 5 5 3 8 5 6 6 8 3 8 6 7 0 5 4 3 5 6 3 5 0 4 0 6 5 0 7 0 9 2 1 6 2 6 1 3 6 4 5 2 7 5 0 2 5 3 5 7 10 2 3 8 5 1 3 0 8 3 7 7 6 4 6 4 9 2 6 4 0 0 7 6 6 7 8 6 4 7 4
6 10 6 3 4 6 8 4 6 5 3 4 5 6 3 5 0 1 1 7 2 7 1 8 0 1 3 6 3 6 0 5 5 6 2 6 3 4 0 0 5 7 3 0 3 0 8 1 4 3 3 2 3 4 7 7 3 5 6 8 11 5 9 1 0 7 0 7 8 4 1 11 0 7 2 7 5 5 5 6 6 3 8 2 2 10 3 4 3 4 4 6 10 5 6 2 6 7 2 4 8 9 6 6 3 8 4 8 6 0 0 7 5 0 0 6 4 7 4 8 7 9 5 6 7 3 5 0 7 10 8 0 7 6 10 3 2 0 7 4 6 3 9 3 3 10 1 6 1 8 9 4 2 4 3 7 8 3 6 7 6 8 4 3 0 3 10 6 3 8 5 5 5 0 4 4 5 1 5 1 4 7 7 1 5 6 8 6 3 1 7 3 8 8 10 3 6 3 2 3
2 4 5 7 4 9 6 4 8 9 1 6 2 6 7 6 5 4 6 3 1 6 3 2 10 7 11 5 3 0 2 4 2 6 4 3 3 7 3 5 4 5 7 11 4 1 4 8 7 3 2 1 4 7 0 9 7 4 3 5 3 0 4 8 5 5 4 5 7 4 4 6 7 0 14 8 5 5 4 11 2 11 0 4 4 4 12 5 8 11 5 11 1 6 1 4 1 0 2 0 0 5 7 12 10 2 8 7 6 1 2 5 3 10 1 6 7 2 5 0 7 3 5 6 4 6 10 7 6 5 3 0 6 4 2 4 0 3 5 3 3 8 4 11 2 2 4 9 3 7 6 7 8 0 5 9 11 7 3 2 1 7 2 0 5 5 7 8 13 0 5 4 0 3 9 8 3 2 6 6 0 6 6 7 6 8 1 8 2 4 0 1 6 0 3 4 1 2 6 4
4 7 0 4 0 5 8 0 7 0 0 4 1 9 3 4 7 5 8 2 5 3 2 6 6 3 6 2 3 2 2 3 6 12 4 4 0 3 1 2 6 8 7 4 7 8 6 0 4 1 2 2 3 4 2 2 8 3 2 4 7 3 7 5 5 8 6 3 4 5 3 7 2 14 0 8 6 5 0 8 5 4 5 2 5 3 5 5 2 3 7 3 2 3 9 2 4 1 3 0 9 10 8 5 3 5 2 5 4 0 1 6 7 0 5 7 1 0 2 5 3 5 3 8 7 4 7 4 9 5 7 3 7 6 5 0 0 0 3 4 5 5 9 10 6 7 6 3 4 8 3 4 2 2 7 0 7 8 0 4 3 1 4 5 0 4 5 8 8 6 8 1 8 1 8 10 2 6 5 4 9 4 8 0 6 4 5 6 11 0 5 1 9 9 0 6 2 1 7 6
6 0 7 9 10 4 10 3 7 9 8 4 7 2 2 5 4 5 7 9 4 9 8 6 6 1 5 7 5 2 5 1 8 4 2 2 6 5 3 7 5 0 5 9 5 4 5 3 3 4 0 4 4 5 4 6 4 2 3 6 3 12 2 3 2 6 4 4 8 5 1 2 7 8 8 0 7 12 5 2 7 5 4 4 6 0 0 0 4 6 9 0 6 2 4 4 3 2 4 4 9 3 0 0 8 4 8 10 0 0 8 10 15 10 4 7 2 5 4 0 1 1 8 2 3 8 2 4 8 4 4 1 5 1 2 8 4 9 4 5 3 6 3 0 5 1 6 4 5 3 6 5 9 7 8 9 6 8 4 3 9 0 9 5 5 2 5 6 10 9 5 5 6 3 3 6 5 3 3 7 6 3 0 6 5 3 0 5 5 7 7 9 7 7 5 3 3 2 7 0
5 6 5 2 5 15 3 3 1 10 5 5 9 10 6 0 3 2 9 6 2 6 0 10 9 3 2 11 4 4 6 8 0 6 1 0 2 4 7 6 4 10 5 5 3 9 4 1 2 12 0 3 6 6 0 8 2 3 1 7 5 7 4 4 7 9 2 2 3 3 1 7 5 5 6 7 0 8 5 5 1 0 0 0 7 3 9 6 7 5 7 5 2 4 7 3 7 3 6 2 6 1 6 3 6 8 6 5 3 6 0 0 10 0 10 6 11 4 6 2 5 0 5 3 6 8 6 9 10 1 7 0 1 0 10 7 3 2 1 0 2 5 6 3 8 2 7 3 6 14 4 6 3 10 9 9 4 0 0 1 0 10 2 5 8 2 4 7 5 9 3 5 9 3 7 3 4 4 0 3 7 10 0 3 2 4 7 4 5 2 5 3 10 8 5 5 1 1 0 6
6 5 8 6 2 3 0 2 3 7 3 9 3 8 7 8 3 4 4 2 0 10 3 3 5 1 2 4 4 4 1 1 1 1 5 7 3 4 5 0 4 2 3 1 6 7 5 5 7 3 3 2 4 8 1 3 6 2 4 4 0 5 3 11 4 9 4 2 6 3 4 6 5 5 5 12 8 0 15 2 6 4 0 2 2 4 6 7 7 2 5 8 0 6 4 2 8 0 4 2 6 2 0 3 11 0 0 8 4 9 9 7 7 3 7 3 3 6 6 4 7 3 7 6 8 6 1 10 8 13 3 9 8 4 2 6 2 3 6 1 7 4 5 1 4 6 0 8 6 2 3 8 2 3 8 6 7 6 8 1 6 4 6 8 2 11 2 3 4 2 7 10 10 4 6 2 4 2 2 9 11 6 4 4 1 8 5 6 0 6 10 3 9 2 2 3 4 8 0 5
8 3 5 4 2 7 10 6 4 11 2 2 0 2 11 4 3 4 2 6 5 0 11 8 3 3 6 5 7 1 5 5 5 2 7 5 5 2 3 1 3 13 4 7 10 0 7 8 2 10 1 9 3 8 4 10 2 4 1 10 3 3 6 4 4 7 4 5 3 7 0 4 5 4 0 5 5 15 0 4 3 1 6 4 7 3 7 7 5 0 9 2 10 0 4 4 5 3 6 0 0 3 3 1 3 0 2 0 9 8 0 4 2 6 6 7 4 6 0 1 1 7 4 8 3 10 9 2 5 1 1 12 4 11 4 6 6 4 3 8 8 9 9 6 8 8 1 0 1 6 5 9 3 3 5 6 6 4 6 6 7 2 3 6 9 4 6 5 9 7 8 4 4 7 7 6 5 7 4 3 0 0 3 3 6 2 5 7 2 4 0 3 11 7 4 2 6 3 1 8
3 4 1 10 4 4 5 4 0 3 0 3 0 7 5 5 7 3 7 6 9 3 3 5 6 3 4 6 8 5 3 7 6 7 0 6 10 1 0 4 8 2 6 0 2 1 10 3 9 0 5 1 4 5 8 8 8 6 2 4 4 3 7 5 6 10 8 4 4 8 6 1 6 11 8 2 5 2 4 0 13 5 10 5 6 5 6 4 6 7 6 6 8 4 9 7 4 6 5 10 1 5 8 6 0 3 5 6 1 5 4 0 6 6 7 5 8 2 6 7 1 3 0 2 7 0 4 2 6 6 7 5 6 0 6 5 0 4 3 5 3 8 2 3 0 5 0 3 6 11 0 7 4 8 8 3 7 0 1 5 9 2 2 3 14 4 4 5 6 3 0 0 7 9 2 1 4 8 0 9 9 2 0 3 5 1 6 1 5 1 3 2 5 4 7 7 4 3 5 7
2 3 3 6 0 0 9 10 2 2 3 1 0 4 3 6 9 12 3 3 4 2 1 5 2 6 5 6 1 2 3 4 7 6 4 0 4 0 8 4 4 5 5 4 3 7 5 10 9 8 3 4 5 8 6 0 12 7 5 0 4 2 0 3 5 1 3 7 4 4 10 3 6 2 5 7 1 6 3 13 0 6 4 6 6 3 8 0 1 4 6 8 4 5 6 5 7 2 4 7 3 4 9 3 6 2 7 4 4 3 0 7 3 7 6 3 0 2 4 2 4 5 9 6 0 2 2 8 6 4 5 5 11 5 7 0 4 3 8 4 4 7 7 6 5 6 1 3 0 0 8 1 7 7 8 4 7 8 1 2 5 6 7 8 10 6 3 7 6 7 9 5 4 2 7 4 7 0 0 6 6 4 8 7 2 4 0 2 6 0 4 4 4 6 3 6 2 5 3 0
5 9 6 1 6 9 7 3 1 2 10 8 11 5 3 7 2 8 4 0 5 10 9 2 7 2 4 6 2 5 7 3 5 0 5 10 3 4 6 2 3 0 9 5 2 3 3 3 0 4 4 7 6 0 5 6 2 11 8 5 6 3 8 7 10 2 6 9 1 3 4 2 3 11 4 5 0 4 1 5 6 0 10 0 0 1 0 2 2 7 6 3 5 7 3 5 4 9 2 10 3 7 0 3 10 2 3 8 0 4 7 5 9 3 6 2 7 3 9 6 5 8 9 5 7 6 5 0 2 5 1 7 8 5 5 0 7 9 4 5 6 4 10 7 3 1 9 5 9 6 7 10 7 3 5 3 5 2 3 2 0 3 3 1 5 2 0 7 8 7 3 8 5 4 3 5 5 5 2 8 1 3 6 4 1 6 4 2 10 6 9 6 9 1 4 5 11 7 3 6
8 7 9 5 3 1 9 0 11 5 6 4 5 6 7 5 5 2 2 1 0 0 8 0 5 8 2 7 9 4 0 2 9 0 1 7 2 6 3 5 5 7 6 1 7 6 4 2 1 6 2 3 5 0 6 1 7 2 2 10 0 9 3 5 2 2 3 7 7 10 1 9 8 0 5 4 0 0 6 10 4 10 0 5 9 5 6 6 6 3 5 6 10 6 0 5 0 6 0 9 8 7 0 7 6 0 4 10 3 2 7 5 2 12 0 2 0 4 9 2 1 5 0 5 4 7 8 2 2 4 7 2 5 2 6 7 6 2 11 8 4 3 8 3 12 7 1 1 5 6 6 8 2 2 1 1 4 0 3 4 3 4 6 0 7 11 12 5 0 9 5 5 10 0 6 4 7 4 0 7 1 3 0 7 4 2 4 8 6 4 4 12 8 3 1 7 4 0 0 3
9 7 2 5 4 9 4 5 6 8 7 0 0 1 9 8 8 4 0 8 4 4 11 3 7 5 3 4 6 3 0 4 1 10 3 2 5 9 6 3 8 4 5 0 2 0 12 5 0 0 5 4 5 6 0 0 4 2 4 6 0 1 9 6 5 7 2 6 4 0 7 2 2 4 2 4 0 2 4 5 6 0 5 0 13 3 4 3 5 10 2 9 8 0 5 3 6 3 4 2 6 2 2 0 5 4 1 11 7 8 10 5 8 10 2 0 4 3 12 0 1 8 7 6 1 6 3 9 3 0 4 6 6 7 8 2 3 8 8 6 1 6 4 3 1 3 4 1 8 6 3 4 7 0 12 2 10 1 3 6 5 0 5 6 0 5 2 7 5 4 5 5 8 3 7 3 4 3 2 7 7 7 10 8 6 8 4 11 6 9 14 4 11 7 7 4 1 6 5 4
3 6 7 4 0 5 0 0 8 4 8 12 4 6 7 7 3 5 6 8 4 10 1 9 0 2 6 7 3 2 5 1 7 1 5 6 4 4 6 2 3 4 11 1 6 6 7 6 7 5 2 12 8 4 9 2 5 6 1 6 6 8 9 2 3 5 6 8 4 4 6 2 2 4 5 6 7 2 7 6 6 0 9 13 0 10 4 1 5 9 0 4 12 9 9 9 2 5 4 9 2 8 2 7 6 4 6 5 0 8 0 2 1 2 4 2 9 2 5 6 3 4 8 5 4 4 3 5 4 2 12 7 2 5 5 9 7 1 3 2 6 0 8 3 9 5 4 3 7 0 6 6 8 4 4 0 8 6 1 3 4 0 11 5 3 2 10 5 2 5 3 4 1 7 4 3 6 6 4 11 8 5 0 0 0 4 10 7 0 2 3 4 8 3 0 11 3 9 6 6
6 3 9 1 5 8 5 0 9 9 4 12 3 0 8 4 4 0 10 1 2 6 8 6 6 1 3 2 0 2 7 7 1 4 6 3 3 2 10 4 6 3 3 3 2 4 11 5 7 6 7 2 7 3 4 5 13 3 4 5 11 2 7 4 5 6 3 2 7 4 4 3 10 4 3 0 3 4 3 5 3 1 5 3 10 0 5 8 6 3 0 0 5 3 2 0 6 4 4 10 0 3 7 2 2 5 9 1 0 2 10 6 1 2 6 2 9 9 2 4 1 7 0 3 4 9 4 3 4 7 3 5 7 1 6 0 0 1 10 6 1 7 6 0 1 4 1 5 3 2 4 0 2 3 6 9 2 0 7 2 7 7 1 2 6 6 2 3 2 10 6 4 5 7 2 4 5 6 7 4 4 4 3 6 8 3 4 1 7 4 0 6 5 3 5 4 5 4 4 1
3 4 6 0 1 14 4 2 0 9 3 8 6 3 2 1 5 1 9 0 4 0 6 4 7 2 7 10 4 6 11 4 2 4 11 4 4 10 5 5 5 5 2 4 10 5 4 1 6 2 5 7 3 6 0 5 2 6 0 5 8 5 2 3 8 7 1 10 11 7 4 5 3 12 5 0 9 6 7 6 8 0 6 4 4 5 0 5 4 7 5 2 4 7 6 3 8 9 3 10 10 2 6 5 3 2 6 2 6 4 4 0 4 4 9 4 3 8 3 7 2 5 4 6 2 3 4 4 2 3 9 5 5 4 0 9 5 4 7 3 5 6 5 7 6 5 4 3 3 4 0 7 3 0 8 2 5 4 3 0 8 3 4 5 4 10 9 4 3 0 1 6 2 3 6 4 7 4 4 5 6 11 3 8 5 8 8 6 6 6 4 8 6 3 5 2 6 10 3 1
5 5 8 4 4 5 10 6 1 7 5 0 0 3 2 5 3 3 2 7 11 5 2 6 4 6 6 5 3 1 1 3 3 1 7 3 6 7 8 2 2 6 7 1 5 3 4 8 5 4 9 5 4 3 4 3 10 1 7 5 0 0 10 0 4 2 6 3 8 5 3 1 4 5 5 0 6 7 7 4 0 2 6 3 1 8 5 0 10 0 2 7 8 4 3 8 2 6 2 9 4 3 9 5 0 8 6 6 3 9 3 6 3 3 0 1 8 7 7 1 7 6 5 0 6 3 5 8 11 8 5 6 5 5 4 3 9 9 12 5 0 5 3 4 4 6 8 6 4 7 6 7 1 5 6 8 3 2 5 6 3 5 5 9 8 5 8 3 3 3 6 1 4 0 2 7 1 6 5 6 5 3 0 7 11 4 0 9 4 0 7 2 0 9 7 0 10 1 11 6
5 8 10 4 13 5 12 5 2 4 2 5 5 6 6 7 3 4 3 1 2 6 10 6 0 1 0 7 9 4 5 3 4 8 2 5 4 8 4 6 2 6 5 8 0 8 5 3 1 6 0 4 3 2 6 3 7 3 6 8 1 6 0 1 5 4 7 2 6 4 0 6 3 8 2 4 7 7 5 6 1 2 6 5 5 6 4 10 0 4 6 3 5 4 9 2 0 1 0 3 6 6 6 1 8 4 5 3 4 8 4 7 6 4 4 2 0 11 3 5 1 6 1 3 8 6 6 1 6 2 4 2 1 3 6 10 1 0 2 3 7 0 0 7 7 4 4 7 7 3 3 7 6 0 4 6 0 0 8 8 1 7 4 6 0 7 5 4 3 9 7 9 5 5 3 7 9 6 2 10 3 2 12 9 0 4 6 9 6 8 3 7 1 5 1 0 1 7 11 0
6 7 3 10 3 4 5 7 6 11 0 3 4 0 2 5 6 5 3 8 2 4 4 3 3 9 8 4 8 6 3 8 8 4 6 6 2 10 3 5 8 5 1 6 8 0 6 9 9 5 10 1 7 0 2 2 4 6 8 5 2 2 7 0 4 5 7 0 7 6 4 5 4 11 3 6 5 2 0 7 4 7 3 10 9 3 7 0 4 0 10 10 0 4 0 3 2 9 2 6 2 11 1 9 8 1 8 6 4 8 0 0 6 0 8 0 2 7 5 6 5 0 3 1 11 4 7 2 3 6 6 4 5 4 11 6 4 4 5 5 10 6 5 0 9 0 5 7 7 2 3 7 3 3 4 4 2 3 8 3 5 0 1 2 1 2 5 3 5 3 4 9 1 6 2 8 8 6 8 5 0 0 7 4 1 6 5 10 2 7 7 10 4 3 7 5 6 3 5 8
3 2 1 0 1 0 8 4 4 6 5 1 7 10 0 3 5 5 3 8 4 8 0 5 10 3 6 4 5 5 4 6 5 4 5 4 5 5 6 0 4 7 6 3 8 1 6 6 0 3 3 9 3 4 11 7 0 6 9 6 3 5 1 8 8 1 2 0 0 5 1 6 4 5 7 9 7 5 9 6 6 6 5 2 0 0 5 2 6 10 0 5 0 9 2 8 7 7 8 2 9 6 5 5 0 8 9 2 3 4 8 1 6 5 4 4 3 7 3 0 7 3 3 7 5 8 7 5 2 6 4 5 4 3 10 2 9 6 4 0 6 6 2 6 5 5 5 6 8 5 4 9 1 5 3 3 12 5 6 6 4 0 5 9 5 7 10 5 3 0 5 11 6 4 2 1 3 9 5 9 5 6 5 3 6 5 3 9 4 7 0 1 11 2 5 2 2 6 0 4
2 0 6 10 3 2 7 6 11 4 5 4 6 5 2 7 3 3 9 4 0 8 4 1 1 3 4 10 3 9 0 1 3 2 4 0 3 13 7 6 4 7 6 8 4 6 6 7 5 3 4 5 6 3 5 5 2 5 2 3 3 3 5 3 1 2 0 5 4 4 7 5 6 11 3 0 5 8 2 6 8 3 6 9 4 0 2 7 3 10 5 0 11 9 10 2 4 3 10 3 6 2 2 6 0 5 3 5 3 1 5 1 3 3 4 0 9 3 4 6 1 2 4 2 5 2 2 4 8 3 2 1 10 5 7 1 1 6 5 7 4 9 4 3 10 3 3 5 1 3 3 4 8 9 5 4 5 7 4 6 9 1 10 8 7 2 6 0 1 5 7 7 4 7 9 4 8 6 6 2 3 1 5 13 4 5 2 4 0 10 2 0 3 5 3 7 0 8 8 7
9 10 3 10 10 5 1 2 8 4 7 5 2 3 10 5 3 4 3 5 9 0 8 6 6 6 1 9 5 3 6 5 3 5 2 11 10 4 0 5 3 8 8 5 0 2 5 7 6 5 2 4 10 4 1 6 9 0 8 6 6 5 5 7 4 0 3 4 3 4 4 1 10 1 2 6 2 0 10 8 4 5 10 8 12 5 4 8 5 0 0 11 0 11 4 5 5 6 2 9 4 9 5 3 0 4 2 1 3 2 4 3 8 0 7 1 7 1 3 2 5 8 0 2 7 3 0 5 6 5 4 9 2 4 0 7 7 0 6 5 10 5 11 5 3 5 0 4 4 4 2 2 2 3 5 5 7 1 0 4 7 5 7 4 6 1 4 2 3 8 3 1 6 3 5 1 7 3 4 6 3 6 6 4 8 7 8 0 6 7 7 0 2 4 2 4 6 2 2 7
5 8 4 3 5 0 3 8 4 3 7 4 8 7 9 5 4 2 0 4 0 7 5 6 7 8 4 1 3 2 6 4 5 2 7 8 2 8 7 0 4 6 5 9 3 10 6 0 5 4 3 4 4 6 6 4 2 5 3 0 13 4 5 0 7 4 8 3 5 5 5 3 5 6 3 2 4 6 0 4 5 7 6 0 9 3 7 4 4 4 9 9 11 0 7 0 2 1 5 5 5 2 8 0 1 8 3 9 4 6 4 9 0 1 8 3 7 10 0 7 11 11 7 10 8 4 6 5 4 6 5 8 6 6 3 4 8 9 0 4 4 6 3 2 7 2 12 1 1 8 0 3 3 1 7 3 0 3 3 3 0 5 2 7 4 2 4 6 6 0 6 9 3 6 11 8 10 4 4 9 4 2 3 4 5 5 0 2 0 7 6 7 7 0 5 3 4 0 7 5
10 9 6 5 6 1 7 5 4 7 9 3 8 3 6 4 2 0 0 5 6 7 1 11 7 7 3 8 3 6 2 7 1 9 3 4 5 6 10 1 8 1 9 4 6 7 1 4 2 7 2 4 12 5 3 8 0 5 6 0 6 6 5 2 3 7 10 8 5 8 5 8 6 1 9 4 7 4 4 9 6 3 0 5 9 2 6 3 9 0 2 10 4 7 0 9 7 0 5 1 7 2 8 3 5 7 7 6 8 6 4 8 4 0 11 8 6 7 9 1 7 0 7 8 6 6 2 2 1 5 0 7 4 5 4 7 0 1 4 3 10 6 7 8 6 4 5 5 4 3 5 7 0 4 4 8 4 3 6 4 6 9 3 10 3 3 4 1 5 0 1 2 8 6 9 2 10 3 2 0 10 3 8 2 4 3 5 2 7 2 1 9 4 10 7 0 4 5 3 4
8 7 6 5 4 6 4 5 3 0 3 3 2 6 3 0 3 5 0 5 6 6 0 12 4 7 1 6 2 9 4 7 2 2 1 5 0 6 6 1 3 1 0 3 7 10 6 1 6 8 8 2 5 5 6 5 7 4 4 4 3 2 3 8 5 2 3 3 6 3 4 6 2 4 2 4 3 2 4 7 5 5 5 3 9 0 3 8 2 3 8 2 5 0 9 0 4 5 0 5 3 3 6 6 5 6 2 7 0 7 5 7 5 11 2 0 2 3 7 7 2 12 4 4 7 7 6 1 1 6 4 4 2 8 2 6 4 6 5 5 4 0 5 3 12 5 5 3 2 4 7 4 4 4 2 3 3 7 3 8 7 0 7 8 5 4 5 10 7 4 1 3 3 7 5 6 10 4 3 1 2 0 5 3 0 5 4 3 6 0 4 4 0 4 3 2 9 3 2 4
4 5 6 5 6 5 7 9 5 7 2 3 0 4 4 3 3 6 4 8 6 2 7 5 8 6 6 5 8 9 4 0 8 2 4 5 5 12 6 3 7 3 5 0 5 3 1 1 3 4 5 7 8 8 5 3 1 6 1 9 8 7 6 4 1 2 2 0 5 8 8 2 6 1 4 3 7 8 5 4 7 4 0 6 2 6 8 2 0 2 7 4 5 2 7 4 0 8 8 0 3 7 2 0 6 5 12 4 0 3 9 3 0 1 1 5 7 5 3 9 6 8 2 4 5 6 0 7 3 6 0 5 1 7 0 7 3 6 8 1 12 6 5 7 8 5 9 0 1 2 5 5 5 2 5 2 2 3 6 7 8 9 8 6 3 6 3 4 4 2 7 1 7 1 8 5 1 2 1 2 1 5 9 4 5 4 5 1 7 3 6 5 4 10 7 10 8 4 12 3
0 6 3 0 4 3 4 1 3 7 2 0 7 4 7 4 3 3 5 3 9 3 3 4 6 10 4 6 8 3 6 6 6 3 12 5 0 2 2 4 8 0 1 0 4 4 5 12 1 11 11 1 3 8 5 5 2 5 5 3 6 8 7 5 6 1 5 2 7 4 9 7 7 0 1 2 3 0 3 6 2 9 6 3 5 4 9 6 1 9 7 3 6 1 0 5 8 0 7 2 0 5 6 6 5 3 8 7 6 7 2 7 5 9 3 3 2 8 4 3 7 3 1 4 6 9 2 1 4 6 4 1 7 7 7 5 3 7 10 8 6 6 4 4 2 6 6 1 2 5 5 5 4 4 2 0 7 3 2 5 10 3 7 3 11 5 9 8 2 1 15 2 0 3 7 7 1 2 12 6 11 8 0 6 5 9 5 11 6 4 3 3 4 4 11 0 7 2 2 7
6 8 5 8 3 6 4 6 2 5 4 8 2 4 6 1 7 3 6 9 9 5 3 7 9 0 6 0 3 6 7 4 4 7 5 10 3 8 1 4 5 4 4 6 10 3 7 2 7 12 2 5 4 2 4 0 4 4 0 5 2 5 2 3 0 3 0 5 5 5 6 3 2 2 3 4 6 4 6 5 4 2 0 4 4 4 3 2 0 2 8 10 2 5 5 0 8 7 0 12 4 11 4 5 1 6 5 6 4 9 0 4 6 9 0 4 6 3 7 4 7 8 2 1 3 4 3 0 5 2 8 3 4 2 6 5 5 1 7 6 11 2 6 4 6 2 1 5 0 5 7 6 0 4 4 4 6 5 0 0 5 5 6 3 6 8 6 1 1 2 3 2 3 3 5 8 2 7 10 11 4 6 5 0 3 2 7 2 6 6 7 2 2 4 0 5 9 6 10 7
0 0 6 2 4 4 9 5 4 4 3 7 4 8 7 4 3 5 0 4 9 8 0 4 6 6 6 2 3 0 2 0 1 6 4 3 3 0 4 10 1 1 0 2 6 4 5 2 5 1 4 7 4 6 4 6 0 0 3 5 12 6 2 2 4 5 1 0 8 4 3 4 4 0 0 4 2 2 0 10 7 10 9 2 9 10 10 9 3 6 2 3 9 5 1 5 0 2 12 0 10 2 1 4 4 4 0 6 9 8 3 6 4 2 2 7 6 4 6 0 8 9 5 5 4 1 1 7 4 7 0 2 0 6 5 3 6 5 11 4 7 4 6 3 5 1 7 1 0 4 0 4 9 3 0 6 3 1 0 5 5 4 2 4 1 4 4 5 8 7 3 0 7 3 6 6 9 3 0 7 9 0 8 2 5 5 6 4 8 5 6 2 5 0 6 9 8 5 4 1
2 10 3 5 9 9 3 1 7 4 4 4 2 0 5 4 4 3 4 3 6 4 1 12 9 3 0 7 6 1 6 0 0 5 6 5 5 3 12 7 7 0 4 10 6 3 4 6 8 3 5 3 1 3 3 3 7 0 4 1 1 6 7 7 6 7 1 2 5 3 5 5 8 0 9 9 6 6 0 1 3 3 8 6 2 0 10 4 6 2 9 6 4 5 7 3 3 0 4 10 0 8 7 0 4 6 0 3 11 8 5 2 3 4 8 5 3 8 6 7 0 5 2 7 6 6 4 8 0 3 0 3 10 7 5 4 1 0 4 5 6 2 1 2 12 9 4 9 0 5 4 4 6 1 4 0 1 4 10 5 7 1 0 0 6 6 6 7 2 1 2 3 3 2 5 11 8 4 6 2 3 3 4 3 0 6 5 4 4 3 3 8 3 5 10 5 7 7 0 2
10 4 6 4 9 8 8 3 5 7 3 10 8 4 4 2 0 6 4 2 3 0 4 7 6 5 3 0 5 4 2 2 7 6 5 3 1 4 3 9 9 4 5 6 3 5 7 6 9 10 4 1 2 7 4 8 8 4 3 1 13 4 7 5 5 6 9 0 6 9 10 6 9 5 10 3 1 2 3 5 4 7 7 2 8 3 2 3 6 11 6 2 9 2 2 3 7 5 11 2 8 0 9 0 0 2 8 4 6 2 5 7 7 6 3 7 3 6 2 10 3 10 1 4 2 8 6 3 11 3 7 7 3 7 5 9 3 9 2 4 4 4 5 5 8 4 4 9 0 6 0 5 8 7 4 8 6 1 6 6 5 4 1 4 5 4 0 4 3 6 3 1 7 1 0 7 10 4 1 8 2 2 4 3 7 7 2 8 3 7 1 0 2 5 5 9 7 2 11 5
6 16 3 10 7 9 6 6 10 1 9 11 5 5 1 4 6 3 6 5 5 8 8 7 7 5 6 4 2 6 4 2 3 5 8 5 3 4 0 8 2 5 9 1 9 7 3 4 2 2 4 6 1 12 0 1 8 0 3 3 6 5 2 3 0 0 6 5 9 11 0 6 6 7 8 0 6 0 3 8 9 0 0 2 2 7 6 9 6 1 5 2 5 8 8 6 2 6 4 1 7 9 0 8 2 4 4 1 8 4 1 9 2 3 8 8 9 7 4 9 5 11 5 2 6 6 5 2 7 10 6 12 0 6 2 6 8 8 0 7 5 5 5 0 0 3 7 6 2 4 1 3 9 7 3 7 0 9 4 5 9 2 5 7 7 9 4 7 2 12 4 6 3 1 0 3 8 0 0 4 0 1 8 5 2 6 3 2 1 0 3 3 4 0 1 6 4 3 1 5
8 1 6 8 0 4 6 1 6 2 0 5 7 8 1 3 5 2 4 0 8 4 5 6 7 6 8 3 7 2 4 6 8 7 8 1 4 2 1 7 5 4 7 0 2 0 3 5 1 8 8 0 8 9 2 6 10 1 4 6 1 5 6 2 6 3 4 10 1 6 1 8 6 12 5 0 3 3 1 6 3 3 7 0 7 2 5 5 1 9 5 6 3 0 3 6 0 6 5 4 0 0 8 0 6 6 5 0 7 0 7 2 6 7 6 6 0 0 0 8 7 2 2 11 4 5 0 3 4 8 4 6 7 4 6 3 6 11 7 6 1 2 7 3 4 6 7 7 6 3 9 7 2 7 0 2 5 5 4 2 6 7 5 4 7 4 5 0 7 9 5 3 0 5 0 2 9 7 2 4 4 4 5 6 8 0 0 4 1 5 3 0 5 7 3 9 12 4 0 8
13 3 3 0 6 0 9 0 8 6 0 4 7 6 7 1 7 9 7 7 1 5 1 5 7 7 4 7 15 7 8 2 5 4 6 6 8 0 0 5 6 5 8 1 0 9 4 1 6 6 7 4 7 6 10 4 3 1 5 1 4 7 4 2 3 0 0 2 3 9 6 2 3 10 3 8 6 11 3 0 6 10 6 5 6 2 3 0 8 8 0 0 0 1 5 5 6 5 1 4 4 0 2 6 0 15 0 0 5 5 4 6 0 3 2 8 5 7 0 7 6 5 5 3 6 0 6 6 1 7 0 4 2 5 6 5 3 4 9 2 1 5 2 2 4 0 7 1 7 2 3 5 6 2 4 0 6 5 1 1 4 4 5 3 10 2 2 7 4 8 3 3 11 8 5 3 3 7 2 5 6 2 4 4 6 3 5 4 0 6 7 4 5 10 6 0 5 10 2 1
9 4 10 5 1 4 2 0 0 7 2 4 6 6 3 0 8 6 7 0 4 5 8 8 7 4 9 3 5 7 11 4 6 5 10 13 6 1 5 4 0 4 2 3 0 6 2 5 8 0 6 7 7 2 5 2 4 10 10 5 6 6 7 6 0 0 1 4 3 1 3 3 8 2 5 4 8 0 0 3 2 2 0 4 4 5 2 8 4 1 8 5 4 8 7 6 5 3 6 4 6 2 4 6 15 0 10 3 6 6 1 5 5 3 9 3 2 2 2 3 2 7 4 6 9 3 9 5 5 5 4 6 5 7 7 5 8 3 0 6 2 9 5 0 5 9 0 1 5 1 2 4 1 10 9 4 6 2 5 6 3 6 5 1 9 6 2 7 3 8 2 5 7 4 5 0 1 4 3 4 8 1 0 6 3 2 7 9 7 4 7 0 5 7 9 3 5 2 9 0
6 6 9 8 9 1 0 6 3 4 2 5 4 3 0 6 1 3 4 8 8 3 6 5 0 3 5 2 1 5 14 0 8 2 6 3 3 2 5 0 4 5 5 4 4 1 3 8 6 5 3 10 1 3 0 1 1 7 7 5 6 6 1 7 4 5 5 6 5 2 4 1 4 8 2 8 6 0 2 5 7 3 4 1 6 9 6 6 5 8 9 3 2 3 7 2 12 8 5 0 0 8 4 5 0 10 0 9 4 6 6 7 6 6 3 2 9 0 9 8 2 5 3 5 3 2 3 8 3 7 5 9 4 1 5 1 0 4 4 3 5 7 1 5 2 0 2 2 3 2 1 0 0 5 5 4 2 1 5 6 7 0 2 5 0 8 5 5 5 5 9 8 1 5 8 0 1 9 0 2 3 9 5 9 7 1 5 6 0 3 10 7 0 7 1 4 6 2 2 2
4 4 3 4 8 4 4 10 5 6 2 2 2 4 3 7 7 5 3 0 4 4 8 10 8 6 1 6 4 5 3 2 0 0 7 4 8 5 4 3 3 2 9 4 2 1 8 5 0 0 7 3 0 6 6 4 2 6 6 2 7 3 10 3 1 9 2 3 4 3 12 2 8 7 5 10 5 8 0 6 4 8 10 11 5 1 2 6 3 6 2 5 1 9 6 7 4 7 6 6 3 4 1 0 0 3 9 0 10 3 4 4 8 5 2 6 6 4 3 8 8 6 1 2 6 6 5 4 6 10 6 10 4 3 2 5 2 5 5 3 8 7 3 5 5 3 11 2 5 2 0 4 9 5 2 5 8 3 3 6 5 2 2 3 7 0 7 3 0 3 7 6 4 3 6 4 9 4 4 4 5 2 8 6 4 4 6 2 4 2 3 3 7 2 5 2 2 2 11 7
3 5 7 5 2 5 5 8 4 8 5 5 5 2 7 0 4 0 3 9 4 10 5 0 0 3 4 5 7 4 0 7 4 0 10 7 5 7 7 2 0 6 0 6 7 3 7 4 8 10 8 2 8 9 6 5 10 3 4 3 6 0 1 8 4 7 4 5 8 0 0 0 6 6 4 0 3 4 9 1 4 0 3 7 0 0 6 3 4 4 3 3 3 4 8 0 0 6 4 9 11 6 8 7 5 6 4 10 0 9 5 4 5 0 0 6 5 4 7 6 7 0 4 5 9 3 6 2 1 5 0 8 5 3 2 4 5 4 6 0 5 5 4 3 5 6 2 3 3 5 1 2 4 7 9 8 4 8 5 3 3 4 7 6 7 1 0 7 6 7 4 2 0 2 9 4 3 4 7 6 3 4 1 4 5 9 10 4 6 6 6 2 3 7 5 3 7 0 0 3
0 3 9 0 0 6 8 6 3 5 9 5 8 7 1 5 6 3 5 7 3 8 11 4 12 0 7 8 1 3 5 6 0 1 2 4 8 0 5 7 6 6 3 5 9 3 3 2 2 7 11 9 4 3 3 9 0 4 7 2 0 5 3 5 4 11 5 0 2 7 6 7 0 1 0 0 6 9 8 5 3 4 2 8 8 2 4 9 8 8 4 1 2 6 6 7 3 7 9 8 8 2 4 0 5 6 6 3 9 0 11 6 6 4 6 10 9 5 3 9 5 4 2 4 8 14 4 4 5 0 7 2 7 5 2 1 6 1 7 3 2 6 3 7 6 0 8 5 3 4 8 5 4 8 7 0 6 6 3 5 0 5 3 10 3 4 6 6 5 3 7 2 6 3 0 9 4 4 4 0 5 0 1 5 12 3 7 4 0 9 2 3 4 7 10 1 6 5 5 0
8 6 5 6 8 5 2 4 4 6 2 1 9 1 6 2 3 6 3 10 4 3 0 4 3 4 3 9 10 5 8 8 1 7 9 3 2 6 3 6 3 6 0 5 6 7 2 2 1 1 3 8 3 5 3 6 4 5 0 12 1 4 2 3 4 4 0 3 9 5 3 7 0 2 1 8 0 9 0 4 0 7 7 10 0 10 4 3 4 0 8 5 4 4 4 5 9 2 0 3 5 5 1 7 4 1 6 4 5 11 0 7 8 0 7 12 0 5 8 0 2 3 3 6 6 1 3 8 2 2 6 0 5 2 3 8 5 4 10 6 11 10 5 0 11 9 3 6 4 0 9 7 8 7 3 8 6 11 2 5 3 4 9 12 0 5 0 3 5 2 10 5 6 5 5 1 4 1 8 6 5 5 4 8 2 3 3 3 5 3 5 4 6 9 5 6 6 8 10 9
1 3 3 1 7 6 5 2 5 8 7 3 5 4 2 7 5 5 7 3 5 6 1 8 4 3 3 3 9 5 3 5 7 0 8 0 0 3 7 4 2 7 7 5 6 1 0 0 2 0 10 1 4 5 3 3 0 2 4 3 5 0 5 5 5 0 5 0 6 3 4 5 7 5 6 10 0 7 4 0 7 5 5 5 2 6 0 6 7 0 1 1 3 9 8 7 3 7 4 6 2 7 9 2 6 5 7 4 4 6 7 0 6 9 7 9 1 5 9 7 4 4 3 5 3 1 0 7 8 5 2 8 4 3 2 2 9 4 3 1 4 6 5 6 2 8 3 3 4 11 0 5 7 5 5 7 7 9 7 3 0 7 4 6 2 8 9 3 9 6 6 3 2 6 10 4 1 7 5 5 6 4 4 7 6 5 7 5 8 5 3 7 7 6 2 5 10 1 4 0
0 10 4 2 2 5 1 4 0 9 5 8 5 3 7 3 9 4 4 1 3 7 0 5 4 1 1 8 8 1 1 3 0 7 6 1 4 3 7 1 3 7 5 4 3 10 0 4 7 8 5 0 4 6 0 6 3 5 7 4 3 0 4 3 4 1 0 6 0 5 5 6 5 3 7 15 10 7 2 6 3 9 2 8 1 1 4 3 6 6 6 3 8 0 4 5 0 5 6 4 3 7 2 6 0 5 6 8 5 6 8 6 0 10 4 2 5 3 8 10 3 4 9 2 6 6 1 3 6 3 6 2 2 4 4 5 1 4 5 5 6 2 0 2 1 5 7 5 12 6 3 7 4 2 6 9 7 8 3 10 8 0 11 0 7 7 3 6 7 1 8 0 2 9 3 1 5 5 0 6 5 3 5 8 10 3 6 10 6 1 6 5 8 8 5 2 7 5 4 2
3 6 4 3 3 1 1 2 7 4 8 2 4 3 6 1 2 1 3 5 7 11 4 5 3 7 0 7 1 4 11 6 7 6 8 3 3 5 6 7 5 5 0 4 4 3 7 2 0 7 10 0 6 9 9 9 0 7 9 5 1 4 9 0 4 4 6 1 0 3 8 4 0 10 0 10 0 3 6 6 7 3 12 10 2 2 4 3 4 0 5 3 0 1 0 11 1 9 9 2 4 6 3 7 3 3 6 5 0 4 0 9 10 0 11 4 2 7 4 3 3 0 4 7 9 9 3 0 4 6 3 9 8 8 7 5 9 6 8 7 6 0 3 11 5 10 4 5 8 4 7 4 2 0 6 5 0 7 11 0 4 7 0 4 6 3 3 9 11 0 3 2 3 4 3 10 5 4 2 8 0 11 2 9 4 8 5 5 0 6 4 5 3 7 2 0 1 8 8 5
0 6 4 6 4 8 6 0 2 1 8 6 9 6 4 4 3 0 1 5 5 1 7 2 7 7 1 5 8 6 8 2 7 1 8 10 4 2 4 6 1 8 5 3 2 3 6 3 1 8 6 2 11 9 9 7 6 4 10 2 5 4 11 4 6 1 5 4 5 7 10 9 0 1 5 4 10 7 6 7 6 6 0 2 4 6 9 0 4 8 4 4 7 8 11 2 1 3 0 2 8 3 8 6 2 9 3 2 0 6 7 7 4 11 0 9 8 2 6 3 4 4 8 14 3 5 0 6 8 2 7 5 10 2 0 2 2 0 7 11 4 5 9 4 3 0 4 1 1 4 7 5 2 6 6 4 8 3 0 2 3 6 1 7 0 2 4 2 4 4 2 4 7 3 4 7 4 3 2 5 6 5 2 0 7 6 7 5 6 9 4 3 4 0 6 5 5 1 2 6
3 4 8 1 6 2 2 6 9 7 8 9 4 10 5 4 5 9 5 1 6 5 7 1 2 3 0 5 3 5 5 1 1 3 6 2 5 9 4 5 7 1 2 4 1 9 4 9 7 3 4 7 7 4 9 7 3 9 3 6 7 4 0 1 7 4 10 9 6 5 2 2 6 6 7 7 6 3 7 5 3 2 2 0 2 2 4 1 2 0 4 0 1 3 8 0 5 3 4 7 5 7 8 6 8 3 2 6 6 10 12 9 2 4 9 0 5 5 6 8 3 5 4 2 7 5 6 0 0 1 6 6 1 2 2 0 2 10 2 7 7 6 4 3 4 4 7 9 1 3 0 7 8 4 0 5 4 10 8 7 3 4 6 3 7 0 3 0 5 1 0 0 6 2 7 1 2 3 0 8 4 5 6 5 3 8 9 7 3 6 0 11 7 5 0 10 1 9 4 7
4 1 6 1 7 6 5 4 3 2 6 7 1 0 7 3 1 3 0 7 12 2 5 3 1 7 3 0 8 3 8 2 3 6 4 5 6 8 3 2 12 3 3 7 6 9 6 9 6 3 2 3 7 3 1 2 5 7 6 1 5 4 4 9 1 3 2 1 2 7 1 6 4 7 1 2 11 3 4 8 0 7 0 4 9 9 3 8 0 2 3 9 7 7 6 2 7 2 6 6 3 3 9 0 5 2 9 6 5 9 0 1 5 2 8 5 0 12 3 4 12 6 6 10 4 4 4 5 2 2 3 3 1 6 0 10 9 0 4 6 2 7 6 8 3 7 7 2 2 8 6 6 0 9 9 6 0 8 4 5 7 2 4 8 5 3 6 1 4 6 5 1 2 9 9 2 4 5 4 7 2 0 5 3 0 3 6 5 2 9 2 1 6 10 6 0 4 4 3 6
0 9 1 7 1 3 2 7 2 1 6 5 4 0 2 10 4 9 3 4 10 0 12 4 0 4 1 0 2 2 5 14 12 7 7 7 7 1 2 6 5 7 3 5 7 4 6 2 9 5 5 9 7 3 0 5 0 3 3 4 3 1 2 1 1 0 3 0 5 2 9 5 7 2 0 5 4 6 6 2 2 3 4 3 2 9 8 7 11 7 7 3 1 10 7 3 5 8 3 4 8 6 7 0 7 2 0 4 4 5 5 5 3 7 2 5 12 0 8 5 2 5 3 3 4 4 6 1 6 9 6 0 7 7 4 5 1 3 3 5 0 3 2 7 6 6 0 6 6 5 5 5 8 3 0 5 2 6 6 3 2 15 1 5 8 7 3 6 8 5 2 5 6 3 0 0 4 2 8 7 6 3 7 4 3 6 0 8 7 6 2 0 1 5 10 2 4 4 7 3
5 3 10 8 6 3 6 6 3 4 10 2 6 0 6 3 11 1 2 2 3 4 8 0 10 2 3 0 1 4 0 5 9 2 9 6 5 5 4 6 1 4 7 6 1 6 4 2 9 5 2 5 0 5 8 9 7 4 4 6 5 4 6 5 7 6 3 9 6 5 4 1 4 5 2 4 6 6 0 6 4 9 9 12 5 2 3 7 3 5 3 4 3 0 9 7 3 4 7 6 6 2 4 0 0 2 9 3 7 3 8 9 8 4 6 6 3 8 0 9 1 6 4 9 0 4 4 5 6 7 2 1 6 9 5 8 5 3 1 6 8 4 7 5 3 6 7 11 0 1 5 5 2 6 0 4 3 0 0 2 1 5 2 0 7 5 7 3 6 4 0 5 7 6 3 7 9 10 4 4 7 5 6 1 7 6 9 0 0 3 3 5 7 5 8 6 5 3 7 4
3 0 5 8 4 8 0 3 3 4 1 4 5 4 4 6 9 1 3 3 4 3 1 12 5 7 1 6 5 6 9 0 6 7 8 5 8 5 5 3 7 9 8 5 9 10 7 4 2 9 4 9 5 4 11 6 2 4 2 11 0 5 0 4 4 7 5 6 3 0 6 9 8 0 5 0 2 4 1 7 2 6 2 0 6 4 7 1 5 6 0 6 2 7 1 7 9 3 4 0 7 10 9 8 7 3 8 8 6 9 0 7 10 3 3 8 4 5 9 0 12 5 1 3 6 0 4 1 6 0 4 2 3 7 3 8 0 1 7 6 7 6 5 5 4 7 8 10 0 6 3 4 9 3 7 14 3 3 8 0 6 8 5 1 5 11 7 1 9 2 6 6 5 7 6 7 5 2 2 8 1 0 11 7 3 5 2 3 5 6 6 4 3 4 1 5 5 5 2 7
6 10 5 6 0 4 8 6 0 9 5 0 10 4 6 2 5 10 5 5 5 5 5 5 5 11 6 10 7 4 11 2 5 5 1 5 4 2 9 7 4 5 0 7 9 4 7 3 8 7 1 4 6 4 5 6 1 2 5 4 5 4 2 8 7 8 3 4 3 9 1 8 7 7 3 1 5 7 1 1 4 5 1 1 3 1 2 7 1 5 7 1 5 11 7 2 6 7 7 8 0 3 5 7 6 2 2 8 7 5 2 4 3 3 4 3 12 2 1 12 0 6 0 9 8 7 3 0 2 1 4 4 5 4 7 6 3 2 3 8 4 6 8 0 5 2 2 6 4 7 7 4 6 0 2 3 2 1 5 6 5 1 4 4 6 7 7 9 2 6 9 9 8 3 6 0 3 9 2 5 5 4 7 0 6 5 12 6 1 2 7 0 6 3 5 5 5 6 3 5
6 5 2 4 9 4 3 6 5 7 6 4 0 1 5 2 9 4 1 5 4 5 9 3 2 0 4 3 7 2 0 4 7 9 9 5 3 8 7 6 3 9 5 2 5 8 2 4 3 6 4 5 2 6 4 6 7 2 5 5 11 7 7 0 5 10 2 8 6 8 9 5 9 3 5 1 0 3 7 3 5 8 5 8 4 7 5 6 6 0 3 2 8 11 0 12 8 3 8 9 5 10 11 2 5 7 5 6 0 4 3 4 4 0 4 5 6 5 6 5 6 0 9 6 7 6 6 5 6 6 0 5 4 4 4 4 5 6 4 5 0 5 6 8 9 4 4 2 3 11 8 10 7 3 0 5 2 3 8 11 6 5 5 8 5 6 5 5 6 2 8 10 5 2 3 3 2 4 0 5 5 3 1 8 1 4 5 4 9 6 3 5 1 4 8 5 7 9 6 6
6 4 1 5 2 7 4 1 5 4 4 5 0 9 0 1 4 4 3 0 6 7 2 7 4 9 2 0 4 0 5 5 3 9 4 0 5 3 3 1 10 10 5 3 3 1 3 8 7 3 7 3 0 8 5 5 5 11 2 9 7 4 7 3 6 2 5 5 8 2 5 5 5 5 3 8 5 7 4 0 9 9 0 7 8 0 4 5 1 3 3 4 0 7 7 4 2 1 2 5 2 1 5 2 5 4 3 1 4 2 3 3 9 4 8 4 6 3 4 1 0 9 0 12 2 0 10 4 6 4 5 10 1 10 2 6 0 7 1 4 8 8 9 7 8 1 6 5 7 12 3 8 5 6 5 10 6 2 3 1 8 10 11 9 4 5 2 6 2 4 2 3 6 1 2 5 5 3 4 2 2 1 6 9 2 9 3 4 3 5 5 5 2 1 10 7 9 5 4 7
4 3 6 0 5 3 1 4 2 7 1 8 5 0 6 4 4 3 0 7 6 4 4 4 6 1 1 1 3 7 2 0 6 3 3 3 5 3 7 6 5 0 2 0 6 2 6 7 3 3 5 4 0 3 8 5 1 6 5 5 6 3 3 6 4 5 4 5 4 5 1 3 6 6 8 2 3 6 8 2 6 5 5 6 5 3 6 0 3 1 7 2 2 10 8 4 4 4 1 5 7 4 2 11 3 6 5 2 5 4 6 5 2 7 14 2 10 3 9 3 9 6 12 0 12 3 4 2 4 9 2 6 0 1 6 2 9 13 0 6 4 6 5 6 6 8 0 5 3 5 11 6 1 6 1 7 5 1 3 7 0 5 2 4 6 8 5 9 0 3 0 2 4 7 2 4 4 2 0 3 0 7 7 8 7 1 6 1 5 10 3 8 3 4 9 4 11 7 5 8
3 1 10 7 0 7 6 1 4 1 3 5 4 4 10 6 0 4 2 6 6 5 12 2 9 6 3 9 2 4 3 4 7 6 4 8 2 3 0 10 0 4 3 3 7 4 5 5 7 6 2 3 6 1 5 0 4 3 4 0 3 5 4 0 11 5 3 2 8 2 5 8 7 4 7 3 6 8 3 7 0 7 4 1 4 4 2 6 8 11 5 5 7 8 6 7 5 6 3 4 6 2 6 4 6 9 3 6 9 8 6 3 6 9 3 7 4 4 0 6 8 7 2 12 0 4 9 3 2 6 7 8 6 9 0 10 1 0 8 5 4 6 5 5 10 8 2 1 9 4 1 3 3 0 9 3 5 5 4 0 3 1 4 7 3 4 3 0 0 3 2 7 8 5 8 0 6 1 8 5 8 1 0 7 3 0 7 3 6 4 4 5 7 4 5 5 7 8 5 5
12 5 5 5 6 6 6 3 4 10 4 11 3 7 8 6 6 8 1 1 6 3 2 4 6 7 7 2 8 6 6 8 10 3 8 0 3 1 1 4 6 2 5 0 2 5 2 6 4 3 5 5 5 6 4 2 12 3 6 7 8 5 4 0 3 8 4 5 11 1 0 5 3 6 4 8 8 6 10 0 2 6 7 6 4 9 3 3 6 4 8 2 3 4 6 7 6 9 4 1 6 8 6 5 0 3 2 6 3 14 1 1 6 9 5 5 4 4 4 0 7 6 0 3 4 0 8 3 2 2 4 5 9 3 3 2 4 7 6 5 9 8 8 5 5 5 5 2 5 1 1 7 4 7 1 5 6 4 3 6 13 0 4 3 6 7 6 4 3 7 8 0 3 1 6 5 9 7 3 12 4 6 5 2 10 5 4 7 8 1 1 4 2 3 1 1 4 1 4 8
7 0 2 5 6 3 5 11 7 4 3 6 7 2 6 8 3 7 6 5 5 4 6 1 9 0 5 7 5 10 3 7 2 0 2 9 6 12 1 5 11 6 1 9 6 7 6 5 5 9 7 1 6 9 1 5 7 4 7 5 10 4 5 1 3 7 6 0 7 3 1 6 5 10 7 2 6 1 9 4 2 5 8 3 3 4 4 5 6 7 7 2 0 6 2 6 0 2 3 1 4 6 5 0 6 9 3 5 6 4 3 0 1 3 0 6 4 6 4 4 3 6 10 4 9 8 0 10 3 4 6 4 4 2 14 9 3 3 6 4 7 3 5 0 0 5 4 0 2 11 4 1 9 3 7 0 7 6 0 4 4 5 4 7 3 0 1 7 2 5 4 5 6 10 5 9 4 5 4 4 6 0 1 7 3 6 9 2 0 2 5 0 6 8 9 1 8 8 5 2
6 5 7 2 4 6 4 4 9 5 3 7 5 4 7 8 0 1 0 6 3 6 0 5 11 6 1 1 12 4 2 0 1 2 6 4 4 7 4 7 0 1 3 5 8 1 4 1 5 1 6 5 0 0 2 2 1 0 2 5 4 6 7 1 1 2 7 6 5 4 1 6 0 7 4 4 9 10 2 2 8 0 2 9 5 3 4 8 1 2 5 4 5 5 2 1 7 1 0 7 8 3 2 3 6 5 8 4 2 4 8 7 3 0 6 0 5 1 5 1 0 5 4 2 3 3 10 0 12 0 5 6 4 7 0 3 8 1 5 3 9 8 0 4 7 1 6 6 7 2 3 4 4 0 6 4 7 5 0 4 7 2 8 7 2 2 3 1 3 6 5 3 4 7 5 2 4 10 1 7 2 3 0 5 5 8 3 7 5 0 6 3 5 10 1 3 8 5 2 7
3 6 3 7 6 6 7 9 8 8 2 3 3 0 4 3 7 4 6 3 0 10 3 2 7 6 0 6 7 6 8 2 2 6 3 6 5 10 6 5 1 5 6 6 2 3 0 4 8 1 5 3 6 7 9 3 8 6 3 5 0 0 5 4 10 7 0 3 0 6 2 8 7 6 9 8 10 8 5 6 6 2 2 3 4 4 2 11 6 3 2 8 6 4 1 1 3 4 5 4 0 11 7 4 1 5 3 6 1 5 2 8 6 4 8 0 2 6 6 6 2 6 6 4 2 2 3 12 0 6 5 5 7 4 6 0 3 4 5 6 5 6 4 0 4 3 3 7 0 5 6 7 3 5 2 0 7 7 8 13 7 8 9 6 12 9 0 6 3 4 9 8 4 8 7 10 8 6 6 4 3 4 6 2 5 9 7 4 8 3 5 5 7 7 2 6 6 0 1 4
0 2 6 4 1 4 4 6 1 2 1 2 3 10 5 5 1 0 3 5 4 3 6 0 1 8 7 3 8 4 7 9 9 2 10 9 12 9 2 8 5 4 8 9 7 6 8 12 14 5 9 6 0 4 9 10 5 5 5 8 6 0 6 2 6 8 4 3 0 4 5 3 10 5 5 4 1 13 1 6 4 5 4 0 2 7 3 8 2 6 6 3 5 6 5 6 6 6 2 7 3 3 10 8 7 5 7 10 5 0 2 5 3 6 2 1 2 9 7 0 1 6 4 9 6 2 4 0 6 0 9 5 3 0 3 7 4 10 4 7 3 4 9 3 0 0 0 9 4 3 7 7 4 5 7 6 5 3 5 0 11 9 6 3 8 2 3 2 4 5 4 3 4 5 8 2 4 7 7 9 6 5 5 0 9 12 5 2 6 7 0 2 4 3 7 4 1 2 2 3
7 3 3 6 2 6 4 10 10 6 5 0 12 2 2 4 14 6 3 6 10 4 0 8 9 3 8 5 5 5 8 3 6 4 9 6 8 5 10 8 10 7 4 10 8 2 2 2 2 5 1 6 2 2 5 3 3 8 3 1 5 9 4 6 5 4 0 11 9 2 8 8 8 3 7 4 7 3 1 7 5 1 7 4 12 3 9 5 4 6 4 2 4 5 0 4 0 4 8 0 0 7 6 4 0 4 5 6 0 7 6 2 6 3 7 6 3 6 2 4 4 0 5 2 7 4 6 5 5 9 0 11 9 0 3 9 12 5 2 9 3 6 5 11 4 7 1 2 2 0 6 3 5 4 10 3 4 3 7 1 6 0 1 6 11 1 5 6 8 0 0 5 6 0 5 5 2 6 7 7 5 5 8 6 4 7 6 10 10 3 2 6 9 3 2 4 6 6 7 7
2 0 6 4 2 9 4 3 7 5 2 3 2 3 2 3 8 3 6 9 8 6 1 7 8 0 5 8 3 4 5 4 4 0 4 4 6 5 2 6 3 7 2 6 2 6 5 2 3 3 5 1 7 7 9 5 5 6 4 0 0 7 6 8 9 5 3 3 7 2 1 6 0 0 3 1 0 9 12 5 5 7 2 6 7 5 5 6 2 4 5 1 9 8 7 4 5 1 3 2 3 7 12 6 4 6 9 10 8 2 0 8 2 9 5 6 3 0 1 2 4 5 10 6 8 5 4 6 5 5 11 0 4 6 1 7 6 2 5 4 4 4 1 7 1 7 5 8 0 7 3 4 1 1 1 5 5 7 7 0 5 4 3 0 7 3 7 5 4 1 5 0 8 3 6 5 5 1 6 5 6 0 9 5 3 6 2 5 8 3 4 4 7 3 6 11 7 9 5 15
2 7 6 4 5 3 5 6 5 5 4 2 7 2 7 5 1 8 4 4 9 5 6 8 3 4 10 6 7 6 3 3 11 4 2 0 2 8 5 0 0 10 4 3 4 3 6 7 5 3 7 3 2 6 2 6 1 0 7 5 4 4 6 9 6 5 1 2 5 5 2 7 7 6 7 5 1 8 4 6 11 8 5 6 2 7 5 5 1 5 4 10 2 6 4 2 1 7 4 0 10 3 0 7 2 5 4 4 5 7 5 4 2 8 10 1 1 7 6 3 5 4 1 0 6 9 4 4 7 3 9 4 0 7 2 1 7 6 4 2 5 3 0 2 1 3 6 0 7 1 4 3 2 4 1 4 6 6 4 5 2 2 10 5 8 0 1 4 0 9 2 6 8 3 6 4 5 8 0 0 4 3 4 0 6 9 4 5 3 10 1 5 0 10 5 7 8 3 10 4
6 4 3 7 2 9 1 3 10 7 2 5 3 5 6 5 4 7 5 12 9 7 1 0 8 4 3 4 5 3 0 8 5 9 2 7 2 7 7 1 2 10 9 4 6 4 4 3 3 5 5 5 4 7 2 1 7 3 9 11 4 1 4 5 6 6 4 11 7 2 8 0 6 4 6 1 0 4 11 0 5 5 2 7 5 1 4 5 3 4 3 5 4 6 5 8 7 7 2 6 7 7 6 4 5 7 1 3 3 5 2 3 4 8 2 2 6 7 9 7 4 4 10 1 9 3 2 7 4 0 0 6 7 0 5 1 5 6 2 1 4 5 2 3 0 1 5 1 7 9 0 4 3 10 9 3 6 6 2 7 5 5 3 8 7 6 8 6 5 9 2 8 2 10 8 2 5 7 4 9 6 6 8 2 11 4 4 2 0 11 4 7 0 5 0 2 2 2 7 5
6 7 4 7 8 2 3 3 3 5 6 0 6 3 1 3 0 5 4 3 7 6 3 4 2 4 4 7 4 5 3 6 7 10 4 0 12 2 5 11 2 0 0 4 7 4 7 7 4 4 2 6 0 9 7 4 3 3 5 6 3 6 3 4 5 0 4 2 4 5 3 5 10 2 5 2 10 2 4 6 7 5 6 8 5 6 0 4 6 11 10 7 0 3 4 2 0 7 6 5 5 5 2 6 6 7 5 2 2 2 3 2 4 7 0 2 0 4 5 3 7 4 2 6 0 3 14 0 6 3 3 1 2 5 0 8 11 3 5 5 8 2 5 7 1 4 0 9 7 9 6 7 5 2 1 9 4 6 5 3 4 0 4 7 1 6 2 1 4 3 1 5 1 4 6 4 0 9 9 6 4 6 6 0 4 5 4 6 5 2 5 7 6 1 1 2 7 8 5 2
0 0 0 5 5 8 8 1 3 0 5 6 8 9 1 1 0 10 5 9 1 7 3 8 5 11 5 7 8 12 8 5 6 0 2 7 2 4 6 3 1 2 6 6 3 2 2 3 5 5 5 6 7 7 9 0 6 3 4 7 4 2 6 7 4 6 0 5 15 6 3 4 3 4 0 8 7 6 6 5 0 0 7 2 9 0 9 3 10 6 2 1 7 4 7 6 7 5 5 3 4 9 6 3 5 5 1 5 4 1 8 2 5 5 2 0 10 5 8 8 6 4 6 2 10 2 9 3 0 7 9 7 1 1 8 0 8 2 7 4 1 8 5 5 0 5 9 8 7 6 4 9 10 2 4 9 10 11 0 2 0 5 3 1 0 2 2 10 1 3 7 3 4 4 3 8 6 5 5 1 6 8 6 8 2 0 4 9 5 2 5 0 3 13 5 0 3 5 5 8
3 9 1 7 9 7 7 6 4 4 8 10 4 2 4 7 2 4 0 0 2 4 2 0 7 0 4 3 9 12 3 5 0 5 2 4 5 5 1 13 3 5 4 4 5 4 5 0 2 6 1 4 11 6 9 0 10 7 7 3 0 3 8 4 2 3 6 6 7 3 3 3 2 0 0 4 3 2 6 0 4 7 6 3 7 0 5 9 1 4 9 1 7 8 0 4 3 3 5 6 1 3 8 6 3 8 0 2 5 6 5 9 1 9 2 2 9 1 5 0 3 5 0 9 1 4 3 8 3 4 12 6 7 5 11 8 0 12 7 0 2 6 8 4 6 6 3 6 2 1 8 7 5 5 9 5 4 7 6 4 1 4 4 10 5 4 0 5 7 5 5 7 7 9 7 8 9 9 3 8 5 6 5 4 0 1 9 10 12 7 1 8 5 9 6 1 4 1 0 1
9 5 8 2 7 5 5 2 2 8 6 7 1 8 4 6 9 2 5 8 6 2 4 5 1 6 9 8 8 5 6 4 6 5 5 3 0 5 8 4 5 1 8 5 10 1 8 4 13 6 7 8 8 6 7 3 9 6 4 1 2 1 5 8 1 7 7 9 2 7 0 5 0 3 0 9 2 3 4 4 3 9 2 8 1 1 4 9 0 4 6 6 0 9 1 6 6 7 1 5 0 9 8 11 4 3 4 5 4 1 4 4 4 6 0 10 0 3 3 1 2 6 7 13 0 7 3 1 4 10 5 2 6 6 3 2 12 0 4 0 6 5 0 7 0 8 6 6 1 6 2 8 2 0 1 4 4 10 3 2 3 4 2 6 5 3 6 6 1 7 4 3 5 5 0 0 0 3 2 0 7 5 6 3 3 7 6 2 3 2 9 4 2 10 7 6 5 1 1 8
9 7 0 7 7 4 6 10 0 5 5 2 8 0 6 4 7 0 7 9 7 7 6 5 1 6 0 4 10 6 3 2 13 3 6 6 4 5 8 7 4 6 0 5 4 4 4 3 7 1 5 3 3 3 3 1 7 1 6 9 7 6 7 10 6 0 4 3 9 9 8 6 7 5 3 4 1 6 3 3 8 4 11 8 3 10 7 12 2 5 4 5 6 0 4 5 8 10 7 11 4 2 0 7 9 0 4 5 6 7 10 3 5 8 7 2 4 3 1 7 3 4 1 0 8 6 6 5 5 4 2 5 4 2 5 7 7 4 0 11 0 0 7 8 2 0 8 8 9 3 1 4 8 0 3 5 5 2 9 2 1 4 0 6 0 5 0 1 0 3 4 5 2 7 1 6 10 6 6 2 1 8 3 0 5 2 2 8 6 4 4 8 1 6 9 4 5 3 6 5
8 2 0 4 1 5 4 5 5 0 2 2 8 6 7 6 7 10 0 1 7 5 5 0 5 0 4 0 4 0 11 7 4 4 0 8 2 4 6 14 3 6 7 5 7 5 6 0 8 3 11 5 6 3 5 3 3 4 11 6 3 0 8 6 5 8 1 2 4 4 7 3 4 3 4 5 0 1 8 5 4 5 8 6 2 6 3 5 3 5 0 7 5 4 3 5 1 8 6 4 5 4 7 6 2 6 3 3 0 3 6 1 5 7 11 7 6 5 6 6 8 5 4 6 5 5 4 3 6 7 9 4 2 1 5 4 0 0 11 0 10 1 9 6 5 3 1 1 4 0 0 9 3 4 0 3 5 2 11 4 3 5 2 6 0 6 3 0 5 6 4 0 1 4 6 2 2 0 3 8 4 0 7 6 7 4 7 5 3 2 4 10 0 8 6 0 0 2 9 4
2 7 6 9 7 7 8 8 5 0 3 3 5 4 11 6 8 6 6 3 8 3 11 4 1 3 6 2 8 1 2 5 4 8 2 6 2 10 7 5 0 5 3 7 11 9 8 1 10 7 12 4 6 10 2 0 7 8 6 5 2 1 6 0 11 5 5 3 5 3 3 5 6 3 5 3 2 7 8 3 4 6 4 1 6 1 5 0 7 10 6 4 10 4 10 4 12 6 11 7 6 4 5 1 1 2 5 8 5 2 11 4 6 6 4 7 2 0 8 7 4 0 8 4 4 9 7 9 5 3 3 4 5 4 8 1 2 6 0 10 0 10 0 6 4 3 7 6 5 0 4 6 9 6 8 4 0 6 4 2 3 5 5 3 6 6 2 6 5 6 3 5 3 3 3 6 3 6 5 3 5 0 8 2 4 6 3 4 11 2 0 3 4 2 3 8 3 4 3 2
4 5 4 7 3 4 2 4 4 6 4 3 4 0 8 3 4 7 5 3 4 12 8 8 0 5 9 0 5 3 4 8 7 6 8 9 6 2 5 0 6 8 4 9 7 0 7 5 7 7 1 7 6 1 10 7 4 8 1 4 0 4 0 4 7 2 3 9 8 8 6 0 3 8 5 6 5 4 9 8 7 4 3 6 0 7 6 5 0 6 6 9 5 6 6 0 6 6 2 4 2 4 5 2 5 9 7 7 5 6 10 6 2 0 5 6 7 3 4 6 6 5 8 6 6 8 3 8 6 4 6 4 3 5 2 8 6 5 0 1 10 0 11 3 1 2 0 5 6 4 7 3 7 1 6 5 2 9 3 3 0 5 8 6 6 1 4 2 0 5 4 8 6 0 6 2 6 6 8 9 4 5 1 4 6 3 3 3 0 6 5 4 5 3 2 9 4 5 5 1
1 1 5 4 8 6 0 9 6 2 0 3 5 6 4 5 4 9 1 5 3 3 9 5 6 5 4 0 0 2 1 3 1 5 7 3 2 7 1 4 2 5 4 3 9 10 5 8 6 3 4 1 3 3 0 1 1 5 5 6 6 6 0 10 0 8 7 0 4 3 4 4 9 4 9 3 6 5 9 2 7 10 8 4 8 6 5 3 0 5 2 4 11 3 7 5 5 4 6 6 1 5 5 7 2 5 1 3 4 3 5 5 0 3 9 4 6 2 7 5 8 6 9 5 5 8 5 0 4 9 5 1 0 2 5 5 8 0 7 9 0 11 0 8 10 7 8 8 9 9 0 0 4 8 0 0 4 0 0 2 4 6 9 8 15 1 4 0 10 5 7 9 2 8 8 12 1 5 3 11 2 11 7 6 6 5 5 7 2 4 9 13 8 7 7 5 10 5 8 6
8 5 4 2 4 3 3 6 6 5 4 1 9 7 5 7 2 4 8 6 8 6 6 3 2 5 5 6 4 2 2 9 2 5 3 3 4 7 5 9 8 8 6 2 0 0 4 2 3 3 2 4 3 2 6 4 7 6 7 6 6 1 9 0 1 4 0 3 6 8 1 0 3 11 10 0 3 1 6 3 6 7 3 3 3 0 7 4 7 0 6 3 5 2 8 3 7 4 4 3 2 5 0 3 2 0 5 5 3 7 0 6 2 11 4 3 8 7 5 5 0 8 7 6 5 5 0 4 0 3 11 7 2 3 7 5 4 7 8 6 6 3 8 0 5 11 8 7 7 4 6 10 1 5 1 8 0 0 2 3 11 7 8 9 10 11 7 6 4 5 6 4 6 11 6 7 4 8 9 7 2 6 6 5 4 5 1 6 8 4 5 1 5 4 2 6 6 7 5 3
4 10 3 8 1 11 6 7 4 3 0 10 7 8 9 1 9 7 4 11 0 1 7 1 2 5 6 8 2 8 6 3 3 5 7 3 4 4 9 1 8 0 5 3 4 4 10 1 8 8 4 2 6 0 7 4 7 9 6 6 5 1 8 6 6 2 4 5 4 3 4 6 3 2 6 5 8 4 8 0 5 3 12 1 9 1 6 4 7 9 5 10 3 7 6 12 8 2 6 5 12 8 0 4 4 5 2 5 5 6 11 2 1 5 3 4 3 6 3 4 5 9 8 6 10 5 0 7 4 0 4 1 1 0 1 0 6 0 2 5 4 1 10 5 0 5 11 2 7 10 5 4 6 5 10 7 7 5 9 2 10 5 5 8 11 3 7 4 7 6 3 5 2 3 4 4 2 0 6 2 7 0 7 0 1 12 10 7 7 7 7 6 2 5 2 8 2 6 6 3
10 5 6 2 7 6 7 6 5 7 1 0 8 0 1 5 7 7 3 4 5 5 1 5 2 0 2 5 4 8 3 2 7 4 7 10 7 6 2 2 6 6 8 6 3 5 2 5 5 4 4 8 7 4 2 0 4 12 7 4 3 6 4 0 9 9 10 8 2 5 6 5 10 2 7 1 2 6 8 5 6 1 7 3 5 4 5 6 4 0 5 3 5 2 4 5 5 6 2 1 9 4 3 6 0 9 0 3 6 0 9 8 5 10 0 4 7 6 6 7 2 4 1 8 8 5 5 1 3 0 7 7 3 1 4 5 6 8 0 3 3 2 7 11 5 0 4 1 5 5 7 5 0 4 4 6 0 4 6 10 5 2 11 6 8 12 2 3 8 0 2 5 7 5 9 0 5 6 3 10 3 5 2 10 6 7 6 5 3 9 2 0 0 4 1 1 5 6 5 7
1 0 0 2 9 3 9 7 4 3 3 3 5 2 5 8 4 5 0 6 6 6 4 6 4 2 7 7 3 6 8 5 2 0 3 3 4 6 8 4 2 4 8 5 10 3 1 4 3 7 0 8 8 5 5 4 4 3 7 2 2 7 1 6 7 5 5 5 4 6 8 0 1 4 6 6 7 0 1 0 1 9 1 4 4 1 4 8 4 5 5 3 0 12 5 5 9 6 1 7 4 4 7 7 7 0 2 11 2 8 3 3 7 4 4 7 7 0 7 8 2 4 6 0 2 5 4 6 3 0 1 5 6 5 0 9 3 6 8 1 7 0 8 8 11 4 0 11 5 5 7 7 6 5 2 6 7 7 8 3 7 6 6 4 1 1 1 4 3 1 9 5 6 7 4 2 2 7 4 0 9 0 1 6 3 5 10 7 6 7 1 9 6 8 10 14 4 0 7 7
4 7 5 4 4 2 11 2 6 8 1 6 8 11 9 3 4 6 6 3 3 3 8 7 1 8 0 5 3 6 8 5 3 6 6 7 1 5 6 2 4 7 3 4 7 5 1 7 6 9 0 9 1 4 8 0 1 2 2 3 8 0 2 9 0 7 7 8 0 1 3 7 6 9 3 4 3 8 0 3 3 5 1 1 3 5 3 6 7 7 6 5 4 1 5 3 0 1 5 1 9 9 6 7 1 1 2 2 3 5 6 3 5 5 1 9 2 6 11 10 6 2 5 5 1 2 0 6 7 9 2 8 0 1 9 8 6 6 8 1 6 5 8 7 2 1 11 0 9 2 4 5 3 8 5 4 3 8 7 3 8 7 7 7 10 0 0 4 5 7 4 3 4 7 2 11 2 4 8 0 1 11 3 2 5 8 6 3 1 3 0 5 5 7 5 6 3 6 3 2
6 3 5 6 8 7 2 7 2 0 5 3 7 4 9 6 9 4 9 2 9 4 6 4 2 6 6 0 4 9 7 4 6 5 4 7 4 10 6 3 4 0 1 7 9 3 2 8 0 10 0 1 7 0 1 9 2 4 5 11 3 4 9 2 2 4 4 5 8 5 4 0 1 3 4 5 6 6 1 6 0 9 5 8 7 3 3 4 7 7 8 1 4 1 4 2 1 2 0 0 0 0 2 6 7 5 3 5 3 3 4 4 12 8 1 1 2 6 0 0 4 3 7 3 9 5 2 7 0 4 2 0 7 7 7 7 2 1 9 4 5 6 9 7 7 5 5 9 0 4 6 1 2 7 5 0 4 12 5 0 6 3 8 10 4 1 1 0 7 5 6 5 4 0 3 7 3 7 1 2 5 4 2 9 6 10 0 6 5 1 4 0 3 6 1 6 1 4 4 1
6 3 3 4 2 9 3 4 1 6 2 8 8 6 1 0 0 2 4 9 5 6 5 7 6 3 7 3 4 4 7 1 5 4 4 6 2 10 2 4 9 0 1 6 10 3 0 7 5 7 1 0 0 4 5 2 5 5 5 2 5 6 8 3 6 5 6 2 0 4 9 9 8 7 8 3 14 2 6 11 0 6 6 6 0 2 4 7 3 2 5 3 4 8 3 4 2 5 5 4 5 6 4 3 2 1 2 2 5 4 0 11 6 4 4 3 8 5 1 6 7 11 12 5 4 1 11 2 5 3 0 7 1 9 9 6 1 6 3 0 0 4 9 4 10 5 5 2 4 0 6 4 2 5 7 3 0 2 4 3 6 3 8 1 6 6 7 2 5 1 6 1 7 5 9 2 3 6 7 3 4 3 10 2 10 4 3 4 5 1 0 3 8 1 5 1 9 0 5 3
7 2 6 5 0 9 5 8 7 4 4 5 6 3 4 1 2 12 1 7 5 6 10 6 5 4 10 4 11 11 0 5 5 2 3 6 6 6 3 1 5 0 1 5 4 2 3 5 8 4 11 7 1 5 8 2 9 4 7 6 7 0 4 6 4 4 7 9 1 10 7 2 9 6 3 6 4 3 5 0 8 7 6 3 6 4 0 6 3 3 4 3 2 0 5 7 5 5 7 0 4 0 1 9 3 2 1 0 1 8 9 0 3 7 7 0 6 5 5 3 7 8 3 11 1 1 4 3 6 7 6 3 4 0 6 4 8 2 1 0 4 7 0 6 5 7 7 4 6 6 0 10 3 1 6 7 3 0 3 11 5 6 1 2 4 4 6 8 1 0 6 2 11 5 7 6 7 0 5 10 9 6 5 4 7 5 3 8 6 8 5 5 5 7 4 5 8 7 4 7
7 4 0 7 5 0 2 3 0 4 4 9 6 5 2 0 1 5 6 5 1 6 2 4 5 2 9 6 4 2 5 4 9 3 2 9 5 10 2 6 5 10 2 9 0 4 5 10 2 4 3 1 4 6 3 7 2 0 1 4 3 8 0 5 9 0 8 4 7 11 6 1 4 7 4 5 6 8 9 7 1 10 8 4 6 0 7 7 7 7 9 4 2 3 7 4 5 5 6 4 4 5 3 7 5 4 0 4 2 5 7 5 7 4 5 7 6 5 5 4 4 10 8 6 3 7 1 4 7 7 3 4 3 4 7 9 7 8 4 9 6 3 0 10 4 5 7 5 1 4 10 0 13 6 4 6 6 0 7 7 3 3 6 4 0 3 5 6 9 3 1 5 12 2 0 9 0 5 4 9 5 1 1 3 0 5 5 8 5 1 3 8 7 0 3 3 2 5 3 2
5 0 6 8 0 5 6 4 2 6 3 2 5 1 7 4 9 7 9 3 7 6 6 4 4 0 7 4 6 1 7 3 6 5 4 4 2 11 1 5 4 2 2 6 4 6 3 7 5 3 5 9 3 8 7 2 10 8 8 3 9 7 3 4 4 6 3 10 9 5 6 6 2 8 2 9 3 2 3 4 7 7 2 7 8 2 3 1 6 3 1 8 2 3 0 4 5 4 0 9 6 8 9 2 6 1 0 9 4 4 8 7 4 2 2 8 0 8 2 9 6 7 5 1 3 4 9 4 3 4 5 1 2 3 5 10 5 2 8 3 9 7 4 1 6 0 6 3 2 2 3 13 0 5 8 8 6 6 0 1 4 3 6 4 2 3 9 7 6 4 5 3 1 8 6 8 3 6 4 2 4 5 5 2 2 5 9 7 5 8 2 2 1 7 0 3 10 3 0 4
1 2 1 8 5 0 4 4 6 6 7 8 6 8 6 2 4 1 7 6 0 8 10 6 9 4 4 3 6 4 0 1 8 4 6 2 8 2 6 5 5 1 1 5 2 5 5 1 6 6 7 0 4 2 3 4 4 3 7 5 6 3 3 8 9 5 6 4 10 4 6 2 4 0 2 7 10 3 3 8 7 3 2 0 4 3 0 5 0 3 5 9 3 1 4 4 2 4 4 3 1 7 7 7 2 10 5 5 7 8 7 5 2 0 6 4 9 3 6 3 0 3 6 6 0 7 3 0 5 5 4 1 4 10 2 2 5 0 0 4 6 1 8 5 5 4 5 8 7 5 1 6 5 0 9 0 7 4 5 5 3 10 1 4 3 7 0 8 6 0 4 3 7 2 5 2 13 6 7 2 4 1 0 5 1 0 4 0 2 10 3 6 1 6 1 4 5 0 4 6
3 3 4 1 4 7 0 8 3 8 1 4 7 9 4 9 4 7 6 4 7 4 1 2 3 1 2 5 1 4 0 3 8 7 10 7 3 11 8 5 3 2 4 0 8 6 6 7 6 7 0 4 1 6 6 6 6 4 7 0 5 10 0 6 3 9 7 6 6 7 4 6 3 5 7 8 9 8 5 8 8 5 1 12 4 6 8 6 4 4 3 5 5 7 4 2 5 2 4 0 4 4 3 0 4 9 5 2 9 7 3 5 6 6 6 0 9 0 0 7 2 0 5 1 9 1 7 6 2 7 10 1 1 9 1 4 9 1 3 0 8 6 0 1 10 4 2 5 5 7 6 4 8 9 0 7 3 4 2 7 6 7 4 2 3 2 4 5 6 3 5 5 4 6 5 7 6 7 0 4 10 8 6 2 5 2 3 9 2 4 7 7 11 3 0 3 5 2 3 10
5 4 5 8 0 7 4 6 9 5 7 0 3 4 4 3 7 9 7 5 0 4 7 6 8 5 8 3 1 4 6 2 2 6 2 9 1 1 9 5 5 2 4 1 4 0 5 6 6 7 6 7 6 7 4 5 4 7 7 3 2 2 3 7 4 7 7 7 8 4 6 1 7 9 0 9 9 6 6 3 4 3 1 2 0 9 2 8 6 4 3 4 5 3 8 3 2 0 4 6 0 8 7 2 0 4 4 5 8 0 8 7 9 5 4 5 6 5 4 14 3 5 10 7 3 5 0 4 0 6 3 5 4 3 9 9 5 4 5 3 4 5 0 8 7 6 6 4 0 3 7 6 8 0 7 0 13 0 5 2 8 8 6 5 7 1 8 6 7 6 8 2 4 5 3 6 3 3 9 5 4 8 1 4 3 5 4 1 0 5 4 3 7 9 5 8 3 2 6 8
5 0 7 0 4 1 4 2 5 4 6 6 6 9 3 3 3 3 4 3 5 7 1 4 2 4 3 7 9 5 1 6 6 7 5 4 5 8 5 3 8 5 6 6 2 5 1 0 11 3 2 6 3 2 6 6 8 6 4 3 2 2 8 4 1 4 6 6 5 5 4 3 8 11 7 6 4 7 6 7 7 5 4 10 8 2 5 3 0 2 12 5 7 0 4 3 2 7 6 3 1 6 0 5 6 6 2 8 4 6 6 7 7 0 8 4 0 2 3 3 2 2 6 5 5 6 7 7 7 5 4 5 6 6 4 10 4 4 5 5 0 2 4 0 7 0 7 3 4 0 3 6 6 7 3 13 0 11 5 3 6 1 2 4 8 1 0 0 7 6 2 2 8 4 8 3 1 6 10 5 1 4 8 9 1 6 4 2 7 0 7 4 10 6 2 9 6 5 5 5
6 4 3 6 7 6 8 8 1 4 7 7 2 4 7 12 0 11 2 2 1 4 0 2 5 1 10 4 4 2 4 7 7 7 0 4 4 0 4 4 3 0 4 5 6 6 5 6 7 6 4 4 8 4 6 0 8 6 6 3 2 12 7 8 7 10 7 7 8 3 4 6 3 7 8 8 0 6 4 0 8 2 0 1 6 0 4 2 0 3 5 7 1 3 3 7 3 3 5 1 4 1 9 5 5 2 1 3 8 6 11 9 8 7 3 10 8 6 0 3 1 3 2 1 5 4 6 5 7 3 3 7 6 6 6 11 7 10 2 2 6 9 0 0 5 4 7 8 12 2 0 0 6 4 4 0 11 0 9 3 0 5 8 2 1 4 5 3 9 4 4 0 7 7 3 9 3 4 3 7 6 6 8 10 6 4 5 1 7 2 3 5 5 9 3 10 8 0 5 3
4 4 10 2 1 7 1 2 3 3 5 0 6 1 0 7 10 4 6 1 3 0 7 4 11 6 2 3 5 5 8 6 5 1 0 1 7 6 5 3 4 3 5 6 5 4 6 6 6 5 10 7 4 1 10 8 6 2 1 3 7 5 4 8 5 7 7 8 9 3 2 4 6 3 0 4 0 8 6 1 1 3 3 3 1 7 3 5 8 8 6 4 0 3 6 3 6 2 0 0 10 6 4 4 1 5 5 3 5 3 2 7 3 11 0 8 4 6 0 8 5 8 3 3 4 3 0 0 8 5 7 7 4 2 5 0 6 3 9 11 4 3 0 2 9 6 8 7 5 4 3 7 0 5 2 5 5 9 0 11 5 4 9 0 8 4 8 8 5 5 6 2 8 1 1 5 0 5 2 0 0 7 3 4 3 10 2 4 10 5 7 2 5 3 2 9 5 5 6 1
8 5 8 6 5 8 2 10 6 6 2 4 4 0 4 1 2 3 6 4 0 4 8 3 1 1 1 6 2 2 0 9 10 2 5 2 4 7 6 3 5 7 9 9 6 1 1 3 0 0 6 8 9 6 4 3 1 0 5 4 4 8 4 7 5 2 10 10 0 3 0 5 7 2 4 3 1 1 6 5 2 2 4 6 3 2 0 6 8 3 6 6 4 3 4 8 7 5 0 5 5 6 5 2 1 6 6 6 3 5 5 3 10 0 2 7 5 3 2 0 6 11 1 7 0 6 4 4 13 0 1 0 5 7 3 2 4 2 2 4 2 3 2 3 2 10 3 3 0 3 11 7 1 5 7 2 3 3 11 0 9 4 11 2 4 2 1 7 2 3 1 15 5 3 4 9 2 6 4 0 6 8 4 6 9 3 0 4 1 7 3 4 2 5 5 5 4 1 4 5
4 6 4 5 0 7 3 1 2 0 5 0 3 3 8 5 9 0 6 1 0 4 3 8 4 6 12 0 7 2 7 0 1 5 3 1 4 7 8 7 3 4 5 6 6 8 2 5 6 8 2 4 5 6 8 7 9 5 6 9 1 5 5 1 7 0 12 6 0 4 2 2 6 1 3 9 0 6 7 9 5 0 3 5 4 7 8 3 1 5 4 9 7 0 6 7 8 10 5 5 7 5 9 6 4 3 7 5 3 0 3 0 8 4 3 3 7 2 1 6 5 6 8 0 3 13 4 7 7 11 6 5 2 5 4 0 1 3 1 3 3 0 4 11 10 5 7 8 6 6 5 3 4 3 6 8 6 0 5 9 0 11 4 2 5 3 7 5 1 1 4 3 4 5 5 6 4 0 3 1 1 0 11 1 5 4 13 6 2 3 3 13 2 6 5 9 6 3 7 1
2 8 6 2 3 1 12 7 2 6 3 8 6 9 4 3 7 3 5 5 0 7 9 6 5 1 2 4 13 5 6 11 2 4 5 5 4 3 6 3 0 7 4 4 3 8 5 6 5 4 5 1 3 4 0 0 8 9 8 0 7 4 9 7 1 2 2 5 3 5 6 7 8 7 1 0 10 4 2 2 6 3 4 0 0 7 3 5 7 0 0 1 5 5 9 0 9 3 5 4 1 4 2 7 4 6 0 2 4 5 4 7 0 7 6 4 2 15 5 8 1 5 10 5 1 0 5 2 8 9 0 4 2 5 0 5 4 4 4 5 5 5 6 7 5 2 6 7 3 3 6 3 3 10 7 8 1 5 4 4 11 0 4 4 4 0 12 7 2 8 6 6 3 1 6 5 4 3 1 4 8 8 1 4 8 5 2 1 0 1 11 3 10 2 9 7 5 5 8 4
9 4 5 7 7 8 6 0 4 3 1 5 2 8 1 3 7 4 3 8 1 4 7 5 5 8 0 7 3 4 6 6 6 2 1 6 12 5 5 5 5 4 6 3 12 0 3 3 3 3 10 1 2 0 6 11 5 8 0 5 4 6 6 3 8 8 5 4 7 4 1 5 4 2 4 9 2 6 3 2 7 3 6 5 11 1 4 5 4 1 5 10 7 2 3 7 8 7 6 2 0 1 5 5 5 5 2 2 7 3 9 4 11 0 1 6 4 1 2 5 4 5 11 2 4 4 4 8 9 6 1 3 10 3 4 3 4 2 0 2 5 8 9 8 5 11 6 7 8 8 1 6 6 1 4 6 2 8 9 11 4 4 0 9 4 4 5 3 2 8 7 5 9 5 5 4 7 8 5 3 3 4 0 4 9 0 4 6 5 3 7 0 9 6 6 7 0 5 3 6
1 6 6 1 0 12 2 8 6 3 0 8 2 6 1 7 6 3 6 4 3 5 5 13 4 8 3 5 11 4 6 2 6 2 5 8 2 0 8 5 7 11 7 8 3 3 1 10 6 0 0 11 8 3 4 6 0 2 0 10 4 3 7 7 8 2 1 3 5 1 5 0 3 0 5 5 5 8 6 3 8 1 0 6 5 2 5 9 6 2 9 8 4 7 10 8 6 3 3 4 0 4 7 4 3 1 5 3 6 10 12 6 0 4 7 3 8 5 0 1 4 8 9 4 7 3 7 7 6 3 6 0 5 8 7 1 10 6 6 6 3 6 8 9 8 6 4 7 10 1 2 4 4 4 2 5 4 2 0 2 2 4 9 0 8 10 7 9 2 3 2 3 3 2 6 3 5 6 4 0 1 0 5 4 9 2 8 2 5 7 4 6 3 2 9 3 2 5 4 5
6 0 5 3 3 7 9 6 8 9 7 4 11 8 5 8 12 6 2 10 8 0 2 2 2 3 11 9 6 0 5 7 7 4 8 5 0 7 3 10 2 8 3 3 4 3 5 7 6 5 3 0 4 7 12 4 2 9 5 7 4 3 5 3 4 4 7 10 6 7 2 2 0 5 0 5 8 2 9 14 10 5 7 0 3 6 4 8 0 1 5 7 6 4 3 5 3 11 6 1 6 5 7 7 10 9 0 7 7 3 0 2 7 6 0 7 5 8 7 5 6 5 4 6 3 6 3 2 12 8 11 7 8 7 1 0 5 5 0 0 6 6 15 10 11 8 1 10 4 6 4 0 2 3 3 7 8 1 8 4 5 4 4 8 0 6 3 7 1 6 7 6 3 7 2 8 7 5 13 1 6 7 8 6 7 3 1 1 4 5 7 5 3 7 7 3 10 3 0 8
2 0 1 7 1 8 5 6 4 5 4 5 0 1 6 0 6 9 6 10 2 6 6 5 2 3 3 6 6 7 0 7 6 10 3 2 4 0 0 8 1 2 1 1 7 4 0 4 1 4 4 6 1 4 4 0 1 6 4 4 3 3 2 6 7 0 6 3 2 4 3 5 3 5 4 2 2 11 4 4 6 2 11 5 2 6 10 5 7 2 7 2 1 2 3 4 6 5 8 4 6 4 9 4 2 6 8 0 1 4 5 8 7 3 2 0 3 7 5 11 7 6 5 8 4 7 0 2 9 2 1 3 0 6 6 2 4 3 5 6 6 1 1 11 3 12 1 0 1 6 4 3 3 7 2 1 1 4 4 2 3 0 4 10 6 0 5 8 3 2 5 5 3 2 10 1 9 6 6 1 8 4 5 5 2 2 1 5 9 8 6 5 11 0 5 6 5 4 5 10
0 4 5 1 2 3 5 1 8 5 7 7 4 4 2 1 6 2 2 1 4 4 4 5 9 2 6 3 0 3 3 9 1 2 6 0 6 5 8 3 3 7 5 6 5 4 5 0 2 1 4 5 4 3 1 4 1 7 5 5 2 7 2 2 6 9 8 0 5 1 7 3 10 7 5 5 4 2 6 4 3 0 12 2 10 2 9 8 5 5 10 6 4 4 4 5 3 9 6 4 6 0 4 5 2 2 5 7 0 6 0 9 3 3 4 3 6 3 7 7 7 5 2 5 3 6 1 3 0 3 5 7 1 8 2 2 0 6 0 3 2 4 4 7 7 2 1 0 1 7 6 5 9 0 4 8 0 5 8 1 7 12 5 7 3 5 0 8 0 6 0 2 4 1 2 2 0 0 7 3 1 7 7 4 4 8 3 2 3 9 7 0 4 3 7 7 7 2 7 7
1 2 9 5 3 4 9 1 9 4 6 0 3 4 6 5 4 6 9 4 7 4 4 9 10 1 2 2 5 7 7 0 7 0 7 3 9 2 5 7 3 2 1 4 8 3 8 8 9 5 8 2 1 4 8 1 2 2 2 4 7 2 6 8 6 0 6 7 4 8 7 5 6 8 8 6 7 3 5 5 7 7 5 7 5 3 4 3 4 3 5 0 2 6 1 10 4 8 1 5 7 4 7 0 7 7 5 3 7 6 3 3 6 9 2 0 1 6 3 1 9 5 6 9 0 4 7 1 6 2 6 5 4 6 1 10 5 6 1 0 6 2 0 6 4 3 4 4 0 2 8 6 7 8 5 6 0 3 8 7 5 7 3 9 7 8 8 0 7 6 4 5 3 2 1 6 7 9 11 8 6 2 9 3 1 0 9 3 9 9 1 6 6 1 1 9 9 3 0 0
11 2 5 2 5 1 1 4 9 8 7 3 2 8 7 2 1 0 5 0 8 1 2 1 3 7 3 3 11 9 2 12 7 9 7 7 3 2 7 5 5 5 4 3 7 4 5 4 0 10 3 7 4 5 1 4 4 7 6 7 3 7 4 7 7 4 2 2 5 10 5 7 3 13 8 10 5 4 9 6 6 8 0 5 2 2 3 3 3 5 3 1 3 6 5 7 4 2 1 8 2 3 2 7 4 3 5 0 6 5 5 9 7 11 4 5 4 8 6 9 2 6 2 0 0 3 2 3 3 4 8 4 0 5 4 1 7 1 0 5 5 0 10 4 7 8 3 5 7 5 1 9 6 6 6 7 7 9 5 2 1 2 2 2 1 3 0 7 0 8 2 4 10 5 6 4 7 3 0 0 10 9 2 2 0 8 5 12 5 9 1 11 8 0 10 2 6 7 8 4
4 0 0 0 4 4 0 0 0 10 2 7 12 5 7 8 9 3 4 6 8 8 6 8 5 2 10 4 2 2 6 2 2 2 4 3 7 0 9 3 8 9 6 2 0 6 6 3 2 2 4 3 4 3 8 6 6 7 3 6 4 1 5 3 8 1 3 6 3 6 4 10 8 0 6 9 9 2 7 3 7 7 9 4 5 10 0 3 9 3 0 5 8 0 0 4 2 1 2 7 1 6 12 9 8 8 5 3 7 3 2 6 1 0 4 1 6 5 4 2 6 2 4 3 3 7 5 6 4 5 0 1 9 9 3 3 5 7 3 6 6 5 5 5 6 0 1 7 5 1 0 3 4 0 3 6 6 4 5 3 1 8 8 3 6 2 6 6 8 0 8 3 4 6 1 0 8 6 4 6 3 0 3 3 3 7 6 6 3 8 2 4 4 3 5 2 5 8 0 7
4 4 1 9 3 4 7 3 7 6 4 2 5 4 5 7 0 7 10 6 6 1 2 6 5 3 4 6 7 4 0 6 6 4 8 9 2 10 0 6 4 6 2 4 7 4 1 5 3 10 3 6 0 6 9 6 6 6 7 2 6 6 6 6 5 4 6 3 1 3 3 2 5 5 8 5 3 7 8 0 9 3 5 5 3 6 1 6 7 4 5 7 3 6 1 1 7 15 3 3 2 3 4 5 3 2 9 7 4 7 10 6 8 3 2 0 5 2 0 6 9 8 2 0 2 8 4 5 9 4 0 5 2 2 1 7 5 4 4 4 3 4 7 6 3 2 9 4 6 6 6 1 5 4 5 8 2 4 6 1 4 6 7 2 7 5 0 4 2 8 0 7 3 9 3 3 8 8 0 2 4 5 6 1 7 1 7 9 5 5 5 7 13 4 6 1 0 5 0 6
5 9 2 7 6 2 5 2 0 0 2 3 4 8 2 4 3 4 5 5 0 6 1 5 4 2 3 1 3 7 4 11 4 2 8 4 12 4 8 1 2 4 2 7 1 0 3 0 6 3 9 5 3 6 5 5 6 5 6 11 4 3 11 2 4 5 3 0 2 3 5 3 5 4 1 5 5 10 4 0 5 8 5 5 4 4 6 1 9 9 11 7 1 9 2 3 1 2 2 0 3 1 6 3 3 5 8 6 2 2 5 3 0 2 4 0 1 5 5 6 9 10 3 2 7 0 5 3 8 3 5 0 6 8 5 3 7 3 5 0 5 8 9 4 5 5 5 3 5 1 2 5 3 3 5 2 2 0 2 15 3 6 5 3 6 5 2 5 4 3 7 0 12 1 2 3 9 2 2 1 3 7 4 5 7 4 9 6 4 0 2 0 6 1 5 6 3 5 3 6
3 3 1 3 10 7 5 8 4 6 6 7 9 4 2 6 9 9 4 6 5 8 0 7 6 4 3 1 1 2 2 3 0 2 1 3 4 3 1 8 3 7 5 6 11 3 4 5 6 6 2 2 10 2 4 7 10 4 4 7 4 3 2 4 2 5 8 10 3 0 4 8 5 0 8 6 9 10 4 7 4 5 10 8 1 5 2 4 5 1 6 4 6 3 8 3 7 0 3 7 3 7 3 0 11 7 1 4 0 6 6 2 2 3 7 6 2 6 7 5 8 5 6 4 8 3 6 4 4 4 6 8 8 2 1 4 7 5 2 1 3 6 2 6 2 7 6 4 4 7 11 12 1 7 4 4 8 7 8 5 4 3 9 3 3 3 4 3 10 4 3 12 0 11 0 3 5 3 3 6 6 3 8 10 5 6 0 3 0 7 0 2 2 11 10 0 4 3 4 2
7 9 5 7 1 8 6 3 3 0 3 4 7 12 5 8 6 0 0 8 4 4 5 9 12 0 9 8 4 3 6 7 5 2 7 3 1 11 4 6 3 5 7 8 5 5 5 0 4 6 5 5 6 5 5 8 2 1 6 6 3 8 6 7 10 2 3 2 4 3 0 5 0 3 1 3 3 4 7 9 2 4 0 3 7 7 3 0 5 6 4 7 3 6 6 7 1 3 3 3 2 1 1 5 8 4 5 3 2 3 5 6 9 4 3 2 9 3 6 7 3 2 1 7 5 1 10 7 8 5 0 3 3 10 4 4 9 5 7 4 3 0 8 11 3 5 7 7 0 5 5 2 8 2 6 5 4 7 1 3 5 1 5 2 7 2 1 2 5 6 9 1 11 0 11 5 2 3 4 5 3 6 11 5 7 0 6 5 4 3 1 9 1 7 1 4 5 1 7 7
6 4 4 9 3 3 7 5 8 6 0 9 7 4 2 0 5 8 5 5 1 6 2 3 7 4 3 5 12 10 2 13 6 5 1 5 3 0 5 0 3 5 7 11 4 5 9 4 8 11 5 5 3 3 7 8 4 7 0 1 0 9 5 3 6 8 4 0 2 9 1 1 4 9 8 3 7 6 7 2 7 3 6 7 4 2 6 2 3 2 2 9 5 11 9 5 8 7 5 6 5 0 0 0 5 5 8 6 9 0 5 10 3 3 4 7 9 0 3 6 6 3 2 2 8 6 5 5 7 8 5 6 6 8 6 3 7 0 1 6 3 6 8 6 4 9 4 2 3 9 7 0 6 5 5 3 8 3 1 4 5 6 5 6 2 10 2 1 6 1 3 2 0 11 0 11 4 9 0 8 3 4 2 7 2 6 6 8 4 2 2 0 4 0 4 4 4 5 0 4
8 4 9 4 4 3 1 6 7 4 1 5 7 4 9 0 0 6 6 1 3 5 1 5 7 6 6 5 4 4 6 1 5 6 6 5 1 3 6 8 8 4 1 5 1 7 0 5 3 5 6 6 0 5 10 5 10 0 4 3 5 3 4 12 2 4 1 6 3 0 5 3 4 8 10 6 3 2 6 1 4 5 4 3 3 4 4 7 7 8 1 4 1 8 2 6 5 7 8 6 11 7 3 2 3 0 0 4 4 9 1 4 1 10 7 1 2 0 7 7 0 3 5 4 0 5 9 2 10 2 5 5 4 2 4 8 8 0 6 2 6 2 12 7 4 0 2 11 7 2 6 9 8 2 7 6 3 9 5 9 6 5 4 3 8 1 2 6 4 0 3 3 3 5 11 0 8 9 0 3 3 5 5 3 4 3 8 6 2 7 6 1 4 3 7 4 0 4 0 10
5 5 8 5 6 8 0 5 3 8 0 5 0 0 1 5 1 2 6 10 15 8 3 3 1 5 8 0 3 8 2 5 0 5 5 3 4 0 6 6 2 8 1 8 0 4 10 6 1 12 7 4 3 7 6 0 4 1 6 2 7 6 11 9 3 6 8 10 8 7 3 0 5 3 2 5 4 4 5 4 7 5 7 4 6 5 7 1 9 8 3 8 7 10 10 10 1 1 2 9 8 10 8 9 3 1 1 9 3 4 4 1 5 5 4 2 4 4 9 5 3 2 5 4 6 9 4 4 8 4 2 5 5 5 0 6 9 0 10 2 3 6 1 4 2 5 2 2 3 3 7 0 3 13 6 3 1 3 0 2 4 4 7 5 7 9 0 7 7 8 8 9 5 2 4 8 0 4 0 1 7 9 6 7 6 8 2 0 2 5 2 7 0 9 1 5 2 7 3 5
3 3 5 5 4 6 4 6 0 2 6 6 0 7 5 0 5 9 0 6 7 6 6 9 6 0 6 8 3 9 3 8 4 8 6 7 5 4 2 5 6 8 6 1 3 4 7 13 2 10 14 0 11 2 3 3 6 5 4 2 3 7 10 0 4 10 4 2 1 2 0 8 1 2 6 3 4 2 7 8 0 5 4 3 6 6 4 6 6 6 9 6 3 4 3 4 2 2 7 3 4 4 0 7 7 4 9 4 4 4 1 7 5 4 3 3 5 2 10 2 9 4 3 2 1 7 5 10 6 7 6 1 8 7 9 5 9 3 6 0 6 6 5 8 0 6 7 4 7 6 0 5 6 6 7 3 6 4 5 6 0 3 8 6 5 6 0 9 3 6 8 2 3 3 9 9 4 0 5 2 4 7 3 4 4 5 9 3 1 2 0 3 7 1 3 10 5 1 2 0
2 10 6 7 9 2 0 1 5 3 0 0 8 5 6 8 5 8 6 0 8 8 2 2 7 7 8 8 5 3 2 8 4 7 0 0 1 4 3 4 3 4 7 1 5 5 10 2 3 5 5 7 2 4 8 8 3 7 5 7 5 0 6 2 8 10 7 0 3 7 3 3 5 6 5 3 0 2 4 0 0 2 0 2 4 7 4 5 2 8 5 6 4 4 2 3 1 12 10 0 6 1 0 2 2 3 0 4 7 4 8 5 0 2 2 0 4 8 4 2 2 0 4 0 8 3 4 1 6 7 7 6 0 4 9 5 3 2 6 3 5 8 3 9 6 3 4 8 1 7 5 4 4 7 0 9 10 3 2 4 3 1 5 4 13 6 7 11 0 4 0 2 3 4 0 0 0 5 0 8 0 10 10 7 0 0 4 7 9 4 5 6 0 1 5 9 1 4 5 2
2 0 1 2 0 4 2 10 4 7 6 5 9 6 3 5 7 4 4 4 5 3 2 5 5 4 1 2 8 0 2 5 9 6 3 4 6 4 4 5 6 7 6 3 6 2 2 1 0 8 10 4 11 4 2 3 7 4 1 7 2 1 4 0 5 7 9 5 4 3 6 7 1 6 4 7 3 9 3 9 6 8 7 7 11 4 5 6 10 5 9 2 6 9 0 1 2 6 11 7 2 8 4 4 5 4 2 4 6 0 6 5 6 8 5 8 7 7 4 8 5 5 2 3 5 12 4 7 4 9 7 5 0 9 6 1 8 0 2 8 3 9 11 7 2 10 0 0 2 3 10 9 2 2 4 5 5 7 0 0 1 4 3 0 1 1 3 8 0 6 2 1 6 5 8 3 1 2 8 0 11 5 2 4 4 3 0 3 7 0 5 11 9 2 5 1 2 3 4 0
5 4 1 3 6 2 6 4 5 4 5 8 10 5 5 3 6 4 3 2 2 5 4 2 6 0 6 7 5 5 6 6 0 8 9 6 4 7 0 5 0 2 3 7 3 2 6 1 6 0 7 0 11 0 0 10 4 1 3 9 7 4 5 4 6 4 10 6 10 5 6 7 4 0 9 6 7 11 0 9 6 1 1 7 8 4 6 5 3 0 5 3 3 4 10 2 1 11 4 9 3 2 0 4 6 8 3 5 3 5 5 6 5 0 6 4 2 6 7 1 5 5 2 0 8 4 6 2 3 6 5 6 4 6 4 6 5 7 1 4 5 4 2 2 7 3 9 1 5 4 9 5 4 4 10 4 1 6 0 6 1 8 3 1 6 8 1 6 10 3 4 3 6 3 3 3 7 4 0 11 0 12 6 0 1 0 6 6 5 2 6 1 10 4 0 7 10 0 4 1
4 3 7 3 1 4 10 3 5 4 7 7 3 9 5 0 4 7 6 0 5 0 3 6 7 0 8 2 2 4 9 10 5 5 12 1 5 3 8 7 7 3 3 11 4 0 2 4 0 7 6 4 1 2 2 2 5 0 3 9 2 1 0 6 11 7 10 7 2 4 5 6 7 6 4 3 10 6 0 2 4 3 3 7 5 4 11 3 2 0 6 1 6 2 3 0 5 8 6 0 3 2 1 4 2 1 9 2 4 0 5 4 3 11 5 5 0 3 5 0 4 3 1 7 1 6 0 3 4 5 5 0 3 6 6 8 6 5 8 0 0 5 11 6 0 5 0 11 4 3 6 1 5 1 8 8 4 6 7 8 0 8 4 0 7 4 7 2 9 0 5 7 3 6 4 5 9 7 10 5 12 0 9 8 5 4 5 3 4 7 1 5 0 7 3 0 5 3 1 11
6 5 6 7 4 4 3 8 3 0 6 0 4 3 3 5 5 7 5 8 1 0 9 3 6 4 4 6 5 5 0 0 3 2 6 1 5 6 2 12 5 7 6 3 7 0 8 1 3 3 3 3 4 7 1 7 4 8 10 8 7 2 5 3 1 3 3 12 5 3 5 4 7 6 8 0 0 4 3 0 8 6 0 10 0 3 3 0 12 7 5 5 6 3 8 5 9 0 5 8 4 4 8 5 4 0 5 8 1 1 4 4 5 2 2 6 5 7 6 11 7 1 6 7 0 5 1 0 6 5 8 9 4 8 6 6 5 6 3 7 8 1 7 6 7 2 1 3 2 10 5 1 5 0 6 1 8 8 3 4 11 1 0 5 8 5 7 9 2 3 6 4 8 11 2 5 6 3 10 2 6 9 0 14 3 6 6 3 1 4 5 4 4 7 4 5 3 4 3 5
2 6 2 8 0 7 5 7 4 6 7 5 9 2 4 9 2 6 6 6 2 7 6 6 1 1 3 8 6 4 5 1 2 4 5 2 5 7 4 3 5 5 5 5 2 6 2 3 5 5 5 6 4 6 2 1 8 9 3 5 9 6 6 2 4 8 0 4 4 3 7 6 1 7 0 6 3 4 3 3 7 4 7 8 0 6 8 7 9 4 3 13 4 4 2 3 4 6 0 2 3 3 5 6 4 6 9 6 4 5 8 7 8 9 0 5 3 4 1 7 0 8 9 8 7 2 7 5 2 0 6 5 0 2 0 8 4 3 0 6 2 4 6 5 0 10 6 2 9 2 4 3 2 5 2 4 9 10 4 6 1 4 4 4 6 5 4 3 2 3 1 5 10 5 7 3 7 4 7 4 0 8 14 0 8 8 4 6 3 3 3 8 8 1 3 8 6 4 0 7
4 2 11 8 7 7 9 6 4 4 1 9 3 4 16 4 3 6 8 5 4 6 10 0 8 9 6 0 5 7 6 11 9 5 7 6 3 4 10 2 4 4 3 0 6 4 0 5 1 6 8 5 3 3 6 0 1 6 2 4 8 4 3 5 3 0 2 6 6 3 10 4 5 6 6 5 2 1 6 5 2 1 4 6 0 8 5 11 0 1 6 4 8 5 4 0 5 5 3 5 0 7 2 8 6 3 7 4 5 12 2 6 10 4 7 3 0 3 7 3 6 1 2 7 3 10 3 5 5 9 4 3 6 11 4 2 0 3 5 7 4 6 6 4 1 6 3 5 6 10 7 0 2 1 5 3 1 6 3 9 5 8 9 9 7 2 4 1 0 3 7 7 5 7 2 4 6 4 0 4 1 5 3 8 0 11 2 2 2 2 1 4 4 7 12 2 6 4 3 3
8 2 7 6 7 5 4 5 4 4 5 5 2 1 5 4 3 1 7 9 9 4 1 1 3 4 5 6 7 0 2 7 4 6 4 4 7 7 1 1 4 13 2 2 4 2 7 0 0 7 0 8 5 3 4 2 7 8 10 7 5 4 5 4 6 8 4 3 6 4 0 9 6 8 4 3 4 8 2 1 4 6 2 8 4 3 8 4 4 6 5 5 7 5 3 5 4 9 2 5 6 7 6 0 3 2 1 4 9 3 3 5 3 8 6 8 3 6 6 5 5 4 9 1 0 5 6 8 9 12 7 6 9 4 5 0 1 7 2 4 6 3 5 5 12 7 5 8 10 4 5 5 5 0 2 5 6 4 10 3 4 5 0 2 3 2 8 0 8 7 1 4 6 0 6 3 8 5 0 3 0 4 6 8 11 0 7 5 7 3 2 6 5 5 4 6 2 5 6 2
2 5 11 5 9 6 5 7 9 5 3 8 0 8 6 0 5 3 4 2 1 5 8 0 1 2 6 0 5 8 3 7 7 0 0 0 7 3 3 2 0 1 7 0 6 3 2 5 1 1 0 8 6 4 2 3 9 3 5 4 1 3 8 4 7 2 1 4 8 9 1 2 8 1 5 0 7 5 5 6 0 4 4 4 10 4 8 0 6 5 3 2 8 0 5 4 5 5 7 6 5 2 3 0 5 7 5 6 10 7 3 7 6 5 7 9 6 0 9 2 12 5 3 6 7 4 9 3 7 5 6 2 4 4 4 4 9 6 2 7 3 3 5 1 10 6 10 6 0 3 3 5 9 4 3 4 4 5 2 0 13 2 4 8 1 1 3 9 5 6 7 9 0 6 6 8 2 9 4 0 6 5 6 4 2 7 0 13 0 10 3 0 13 8 1 3 8 4 7 9
3 4 4 0 4 9 2 7 5 3 2 7 5 6 8 6 8 2 7 0 8 4 4 8 5 4 4 5 5 11 4 6 7 0 9 6 4 4 8 6 8 3 6 10 6 10 2 2 12 13 1 4 8 5 4 5 4 7 4 6 6 2 0 2 5 3 4 4 2 7 3 6 6 8 6 5 4 6 7 1 2 2 8 11 7 1 6 9 9 10 9 4 0 2 2 3 1 11 2 4 4 8 2 4 4 9 6 2 4 4 3 5 10 5 5 7 5 8 0 3 6 4 4 1 3 7 2 7 4 2 10 5 5 2 6 9 10 2 8 5 4 3 7 6 7 5 7 3 6 4 8 8 7 0 9 1 2 1 4 4 6 1 6 2 1 5 2 3 12 6 9 6 3 5 8 6 0 3 7 3 6 3 3 6 2 5 13 0 14 11 5 3 6 10 7 1 4 4 5 3
6 2 4 5 7 12 7 5 1 1 2 7 12 5 4 0 3 7 5 5 8 1 6 6 5 9 6 5 7 13 0 7 4 4 5 2 4 4 8 8 6 0 5 6 3 7 9 4 7 3 4 3 3 5 6 6 4 6 4 1 9 6 1 6 4 5 6 3 6 6 3 4 3 2 11 5 5 0 2 5 6 10 6 6 0 7 6 4 6 2 4 0 6 0 7 6 7 6 6 8 4 3 1 1 0 7 0 4 6 0 5 8 6 0 6 3 2 7 0 5 1 9 3 5 6 8 0 5 8 6 10 8 3 0 5 5 12 3 6 3 11 0 2 8 7 3 6 1 5 5 6 5 5 2 2 0 7 7 10 1 2 0 5 5 4 9 3 9 5 3 5 4 0 4 4 2 2 1 9 7 5 4 1 3 2 7 0 14 0 8 1 3 4 5 3 5 3 11 7 0
9 0 3 3 0 8 9 4 6 6 0 0 4 7 3 8 7 3 6 6 3 2 8 8 4 8 0 7 7 10 4 5 7 8 7 1 0 6 7 6 9 1 4 7 4 7 2 9 3 4 3 2 6 7 5 5 8 10 2 7 7 6 5 0 3 4 6 5 2 0 0 0 1 4 0 7 2 6 4 1 0 6 4 9 2 4 6 0 8 7 7 10 7 7 2 0 3 4 6 5 3 7 0 5 6 4 3 2 6 9 3 5 1 6 9 6 9 6 3 6 2 6 5 10 4 1 2 0 3 7 3 3 10 11 2 2 7 2 4 2 2 6 4 4 7 9 7 3 1 1 8 1 8 10 4 5 0 2 5 7 3 1 3 7 5 8 9 9 9 8 5 0 7 3 2 7 5 2 4 0 2 7 4 3 2 3 10 11 8 0 7 5 2 3 0 8 5 4 7 6
6 9 1 6 5 9 7 4 9 6 5 4 9 9 6 5 7 0 7 2 1 2 7 3 8 3 3 6 3 5 5 10 8 3 0 4 2 6 5 11 2 6 2 7 8 4 2 3 3 7 4 8 1 5 0 5 4 5 4 4 5 4 2 7 0 3 5 1 3 7 5 0 7 0 5 7 5 10 0 3 4 9 4 14 3 0 4 7 3 7 0 2 7 6 1 4 6 3 7 6 3 1 3 3 7 7 10 3 6 2 5 3 6 4 4 0 2 2 3 6 7 3 5 3 4 1 5 6 5 0 2 4 1 4 5 5 1 9 4 4 0 5 9 5 7 2 1 0 4 0 5 3 2 3 7 4 7 3 7 3 3 11 7 4 7 6 7 1 1 2 5 2 0 1 2 6 2 0 5 5 6 1 5 3 1 2 3 5 1 7 0 10 4 4 0 7 3 3 4 7
8 5 9 3 1 5 6 4 9 4 10 3 5 6 6 4 6 3 0 6 7 0 5 4 1 4 6 4 6 10 5 0 5 6 9 5 7 2 7 6 8 5 5 11 11 3 4 3 6 6 7 2 11 1 6 2 3 0 7 5 5 4 1 6 4 9 7 5 4 1 2 7 3 1 1 9 3 3 3 2 4 6 12 4 4 6 8 2 7 10 1 0 0 7 9 4 5 3 2 2 8 0 3 0 4 0 7 3 2 3 4 7 5 5 3 11 1 0 5 4 0 5 5 8 5 4 0 3 5 2 6 4 5 7 7 0 8 4 8 10 3 4 13 1 6 0 9 5 0 3 5 8 2 6 7 3 4 5 2 4 13 3 0 6 5 5 0 6 11 4 7 0 2 9 0 1 7 3 6 11 1 5 4 8 4 6 0 3 3 5 10 0 4 3 4 1 6 3 5 11
7 3 6 3 2 5 8 7 0 0 4 9 2 5 8 6 7 0 6 6 7 2 3 3 4 8 4 4 5 9 10 3 2 1 3 7 9 0 5 2 7 2 5 3 2 1 0 9 5 4 6 2 7 0 4 8 2 3 6 3 6 4 8 4 0 1 0 7 4 8 10 6 8 6 9 7 10 9 11 5 4 9 8 11 8 5 6 0 1 4 11 3 2 7 4 0 4 4 2 5 3 2 4 5 5 5 0 7 3 4 6 7 8 3 4 7 6 1 7 3 6 1 2 3 7 2 6 5 7 4 9 7 0 0 6 3 5 2 1 0 4 5 8 5 2 0 6 5 3 8 5 7 1 1 11 7 10 5 5 2 2 10 9 3 3 11 4 6 8 4 13 6 2 1 4 4 0 7 0 9 10 0 4 8 4 5 13 6 4 2 4 4 0 8 8 0 0 2 7 6
8 5 9 4 9 5 3 4 2 3 8 0 4 3 6 5 5 4 6 3 4 8 5 7 7 2 7 4 7 5 3 7 1 5 6 0 7 5 2 7 2 6 8 0 7 10 4 5 0 2 7 2 1 2 7 6 3 0 7 4 9 1 7 2 5 0 3 7 7 4 13 6 8 0 9 7 8 2 7 4 6 1 3 7 3 3 3 9 5 3 2 5 4 0 10 4 10 4 4 0 5 5 0 7 10 7 7 2 7 7 9 6 8 7 0 5 10 5 5 4 3 4 1 4 4 3 8 10 7 3 3 3 10 5 1 13 9 10 6 8 2 3 7 4 5 4 8 7 6 1 7 0 7 6 3 9 6 9 3 5 6 2 6 2 7 0 3 1 0 3 4 1 11 7 0 3 9 1 1 2 4 7 7 1 7 5 8 10 5 3 4 3 8 0 9 6 4 4 8 1
4 5 1 3 5 10 1 9 4 7 6 6 2 4 7 8 8 13 8 7 5 6 5 7 0 5 3 8 11 7 6 6 7 6 5 9 6 4 1 2 9 0 2 1 0 6 4 8 0 5 9 1 7 4 2 6 7 10 4 4 3 5 3 5 3 4 5 3 6 6 6 7 10 3 0 5 5 2 4 7 3 4 1 7 0 5 5 7 1 7 5 3 2 5 7 3 7 11 0 6 10 5 1 3 6 9 1 5 5 10 5 2 5 2 6 0 6 10 8 1 5 8 10 9 5 1 9 1 2 7 2 6 5 0 1 5 6 7 9 6 3 2 7 2 2 1 10 5 1 5 4 3 0 1 0 5 2 3 2 5 5 9 6 9 7 5 7 1 10 5 6 5 10 1 4 7 1 3 5 5 0 3 4 3 12 4 1 7 3 0 0 4 8 9 0 7 6 2 5 9
6 6 6 0 1 0 1 8 4 4 3 6 10 13 7 1 8 0 9 4 5 8 5 7 0 8 1 0 6 8 9 6 8 5 8 1 0 5 3 0 7 5 8 0 5 1 5 1 7 6 6 3 6 10 4 5 2 0 6 0 0 1 5 8 3 7 3 1 4 3 6 8 3 4 6 3 5 3 2 7 6 5 7 4 11 4 2 0 0 5 2 7 4 3 0 2 10 0 5 9 5 9 6 9 0 3 4 2 3 1 6 5 2 0 5 10 0 2 6 5 5 5 7 4 5 1 1 3 6 4 4 11 7 2 2 0 1 6 4 0 8 9 5 6 8 1 14 6 6 1 5 3 3 4 3 8 9 10 9 5 9 7 7 3 3 6 7 9 2 2 1 6 0 4 4 4 5 10 9 1 7 0 5 8 2 6 3 1 5 8 7 1 0 6 7 0 5 2 6 8
4 2 0 2 9 1 7 9 9 3 6 0 4 11 5 3 8 5 3 5 5 6 8 6 6 6 2 6 4 4 11 3 1 3 2 6 4 6 8 9 2 2 2 2 3 6 3 9 1 10 3 4 2 3 3 3 14 4 6 9 4 11 5 6 8 6 0 4 7 5 6 6 6 1 2 3 1 4 6 4 2 11 4 1 3 5 6 10 1 6 2 0 6 4 4 9 8 7 9 8 7 7 4 12 5 5 6 2 7 6 6 10 7 1 5 1 4 4 5 5 5 7 9 11 7 4 8 8 6 1 6 7 8 2 7 3 4 5 5 0 3 4 10 6 2 5 4 3 1 9 8 2 10 5 5 3 6 8 5 4 6 5 0 2 10 5 7 9 6 5 0 3 4 5 4 0 2 5 1 2 10 5 3 6 6 2 8 4 3 5 3 6 0 4 6 5 0 9 6 6
4 7 3 9 7 8 6 4 6 5 2 4 0 2 8 7 6 10 4 4 1 10 6 4 5 8 4 9 4 12 7 3 3 6 2 8 8 5 11 5 5 3 7 7 6 5 2 7 5 2 0 6 2 6 10 5 3 7 6 8 12 7 8 0 2 5 5 5 4 5 0 4 3 2 1 2 1 8 3 3 5 7 0 6 9 4 10 1 7 3 6 8 2 0 5 3 4 2 6 5 7 2 3 4 10 2 2 2 0 5 8 1 5 8 1 9 4 4 3 5 6 9 5 7 8 1 8 5 0 2 6 9 3 2 8 5 1 1 3 2 4 5 5 7 6 6 0 6 4 0 7 5 3 0 2 2 5 0 5 1 3 5 5 5 3 4 2 3 7 8 5 5 3 1 5 4 7 1 4 3 0 3 4 4 4 5 4 4 11 4 3 3 2 4 2 2 9 0 14 6
5 4 7 0 5 3 4 0 5 8 7 4 0 4 3 4 8 5 0 4 7 4 7 2 1 2 6 2 3 8 6 7 1 10 6 8 7 7 6 0 2 6 1 5 5 8 3 5 6 8 2 8 7 10 6 3 7 6 7 2 5 8 2 10 2 6 0 5 10 7 6 7 2 6 7 7 0 0 1 5 3 3 0 5 6 4 3 11 11 5 0 8 2 7 3 2 12 2 10 4 0 11 1 0 2 9 2 11 0 5 10 4 4 8 2 4 3 7 7 2 3 6 4 5 5 4 5 2 1 2 7 5 10 7 5 5 0 1 6 9 3 5 8 5 6 5 7 3 4 5 4 3 0 4 3 6 5 5 6 4 7 8 3 4 0 5 7 0 8 0 0 3 4 7 0 0 3 2 5 4 4 1 3 0 3 6 7 5 7 7 4 5 7 8 5 6 6 14 0 5
5 7 5 6 4 1 9 8 0 6 4 6 9 6 5 5 3 0 7 6 3 6 5 10 7 2 4 9 1 8 3 10 0 1 4 5 6 9 3 0 7 2 3 11 8 0 3 2 2 5 2 3 7 4 1 0 7 0 2 4 6 9 4 1 4 1 5 3 0 4 3 4 3 4 6 0 6 5 8 7 0 6 3 4 6 1 1 6 0 8 4 7 7 5 4 4 3 7 7 1 2 5 5 8 1 0 2 7 3 0 9 0 2 5 6 7 6 3 4 7 5 6 7 8 5 8 2 7 4 3 7 15 4 5 2 8 1 8 5 4 2 1 6 3 3 7 7 2 1 3 7 2 4 6 10 8 5 3 1 5 1 4 6 5 8 10 7 0 4 7 6 6 2 7 4 10 5 0 2 0 1 11 5 7 3 2 9 3 0 6 7 11 6 1 9 8 6 6 5 0
