100
12 4 120
24 3 75
18 3 82
10 1 126
19 5 73
11 6 76
14 3 75
21 4 109
13 1 129
22 4 91
27 205 321
20 202 287
21 201 296
16 206 305
22 205 281
14 204 306
21 202 326
14 204 329
21 205 272
26 203 278
11 401 503
15 404 501
29 405 509
19 406 488
13 406 521
11 403 499
19 406 504
19 405 501
28 406 521
14 403 515
29 604 704
22 605 717
29 602 724
13 602 707
28 603 670
23 601 694
22 603 671
25 603 710
17 603 695
16 602 684
28 806 894
28 805 913
11 805 902
29 806 901
20 801 882
18 805 929
28 803 915
20 803 916
18 804 885
22 801 892
18 1001 1070
25 1003 1125
13 1003 1117
22 1002 1077
27 1005 1076
13 1003 1094
27 1006 1075
25 1004 1085
10 1006 1070
15 1005 1107
17 1206 1278
23 1202 1325
24 1204 1287
24 1204 1316
18 1202 1289
16 1203 1273
25 1204 1270
29 1203 1320
20 1204 1277
14 1205 1302
28 1403 1512
19 1404 1486
28 1405 1520
28 1402 1483
23 1405 1487
13 1402 1474
17 1402 1519
25 1406 1526
29 1403 1526
21 1404 1506
10 1602 1715
19 1603 1722
14 1606 1728
24 1601 1720
13 1604 1687
19 1604 1707
19 1604 1684
21 1602 1676
16 1602 1688
14 1601 1720
25 1805 1918
20 1805 1893
24 1805 1878
11 1801 1903
28 1802 1910
15 1802 1887
15 1801 1877
28 1803 1893
19 1804 1871
29 1802 1923
0 3 1 3 4 3 3 4 4 4 1 3 4 3 2 1 4 2 4 1 2 2 4 2 1 2 2 2 3 1 1 2 2 2 2 2 3 4 3 2 2 3 4 2 2 2 3 2 4 1 4 2 4 3 1 3 3 1 3 3 4 3 3 4 2 3 4 2 2 2 4 1 4 1 3 4 3 2 3 4 1 2 1 2 2 2 1 2 1 3 3 4 2 2 1 3 2 4 4 1
4 0 2 1 4 2 2 2 1 1 2 1 4 1 3 4 4 4 4 3 2 4 2 1 2 2 2 4 2 3 1 4 1 1 2 2 3 1 3 3 4 2 1 1 2 1 4 3 2 1 1 4 2 3 2 4 3 4 3 1 2 2 1 3 3 1 3 1 3 2 2 2 3 3 3 2 2 3 3 4 1 2 4 3 2 1 3 1 1 2 3 1 2 1 4 2 3 3 1 4
4 4 0 2 4 3 1 1 4 4 3 1 4 2 2 1 4 4 3 1 3 3 2 3 4 3 3 1 2 1 4 3 1 4 2 4 2 4 1 3 3 1 2 2 2 3 4 4 4 3 4 4 4 2 2 1 4 4 2 2 3 4 4 2 4 4 2 3 4 4 1 1 2 2 2 1 2 4 3 2 1 3 4 4 2 2 4 1 2 3 2 1 4 1 2 3 4 4 3 1
1 2 4 0 1 1 2 3 3 3 1 2 3 4 4 4 4 1 3 4 1 1 3 2 4 4 2 3 4 3 1 2 3 2 3 2 3 2 1 3 4 2 4 2 4 3 4 1 4 2 4 2 4 4 1 2 2 4 3 4 4 1 4 1 4 4 2 1 2 4 2 2 1 3 2 1 2 3 4 3 1 3 4 4 2 2 2 4 2 1 4 1 1 1 4 3 2 2 1 3
3 1 4 2 0 2 3 1 4 2 2 1 4 1 4 4 4 1 3 4 1 4 2 2 1 1 2 4 1 3 3 4 3 2 4 4 1 2 4 2 3 2 4 1 1 4 4 2 3 1 1 1 3 3 2 1 3 3 2 3 3 2 2 1 1 4 3 4 4 1 3 1 2 4 4 3 3 1 4 1 2 1 4 4 4 2 4 2 3 2 4 1 4 3 2 1 3 4 3 4
1 1 1 1 4 0 3 3 3 3 3 3 3 2 4 1 1 4 2 4 2 2 4 1 2 1 2 3 2 3 3 4 3 4 2 4 3 3 2 2 1 3 3 2 1 4 4 4 4 2 3 1 4 2 1 4 2 2 4 1 4 1 4 4 2 3 1 3 4 4 4 4 1 1 3 2 3 3 3 4 4 4 2 4 2 1 1 1 2 2 1 1 4 2 4 4 1 2 2 1
1 3 3 4 3 4 0 2 3 1 1 2 4 1 1 1 4 2 3 3 4 3 4 1 4 2 3 4 4 3 4 4 2 4 4 3 1 1 4 2 4 2 4 2 3 4 4 1 2 4 2 1 4 1 4 1 2 1 2 4 2 4 2 3 3 4 3 3 1 3 1 3 3 4 1 4 2 2 2 1 2 1 3 1 3 2 1 4 2 3 2 3 1 2 1 3 3 4 4 2
1 1 1 3 3 4 1 0 4 2 1 4 2 2 2 1 3 1 4 1 4 3 4 2 2 4 1 4 1 1 2 3 4 2 3 1 3 4 4 1 1 3 2 3 3 4 1 4 2 1 4 3 2 2 4 4 2 3 2 3 1 1 1 4 3 2 1 2 4 4 1 2 3 4 1 1 3 1 3 2 2 3 3 3 1 1 4 3 2 4 2 3 4 4 1 2 1 2 3 2
2 1 4 1 4 4 3 1 0 1 3 2 3 2 3 2 3 4 4 2 2 2 1 1 1 2 2 3 2 3 4 2 4 4 4 2 2 3 1 3 2 2 1 2 3 4 3 3 2 2 2 3 1 4 1 1 3 3 4 1 2 3 4 2 3 2 2 4 2 3 3 2 4 2 2 4 4 2 1 4 1 2 3 3 3 1 4 2 1 1 2 2 4 3 1 4 1 2 3 2
2 2 3 1 1 3 4 1 4 0 4 3 1 3 1 2 3 2 1 3 3 1 3 3 3 2 3 4 1 4 2 1 2 4 4 3 4 1 3 3 2 4 1 3 2 1 2 3 3 2 2 4 4 2 4 2 4 3 3 2 1 2 2 2 4 3 3 2 2 4 2 3 4 1 1 4 2 3 3 4 2 4 1 3 2 3 4 4 4 1 4 4 4 4 1 2 1 4 4 4
3 2 3 1 1 4 2 4 4 3 0 1 1 1 4 2 3 4 2 3 2 1 1 4 3 3 4 3 3 3 2 1 3 1 3 2 2 3 2 3 4 2 3 1 1 3 1 4 3 4 1 2 3 2 2 3 1 1 2 2 2 1 2 1 3 3 3 4 2 1 3 3 2 3 4 1 3 1 3 3 3 4 4 3 2 4 1 4 4 3 1 2 3 4 1 4 4 2 1 2
1 1 2 1 4 3 3 1 3 3 3 0 1 3 1 3 3 2 1 1 2 1 1 4 2 4 2 3 1 1 1 3 1 3 2 1 1 3 3 1 2 4 2 4 2 2 3 3 3 1 3 3 2 1 4 1 4 2 3 4 2 3 2 4 2 1 3 4 1 2 3 2 1 4 3 1 3 3 2 2 1 3 3 2 1 2 3 3 1 1 3 3 1 1 2 4 1 2 1 1
2 3 4 3 4 3 1 2 2 2 2 3 0 2 3 2 3 2 1 3 2 4 1 2 1 2 4 2 3 3 1 3 4 1 4 4 3 3 3 2 3 1 4 3 4 1 1 4 3 3 1 1 2 1 4 2 2 1 3 1 4 1 3 1 3 3 1 4 4 2 3 2 4 2 3 2 2 3 2 2 3 1 3 1 3 3 1 4 1 4 4 4 3 2 1 1 1 3 4 4
2 2 4 1 2 2 1 3 2 2 1 2 2 0 1 2 2 2 3 2 4 1 1 3 2 3 1 1 4 2 3 4 4 1 4 2 4 1 2 4 2 1 4 2 2 2 1 3 1 2 2 1 1 3 4 3 1 4 2 4 3 4 4 4 1 4 3 2 4 1 3 1 1 2 2 3 2 2 2 1 1 4 1 2 2 3 1 1 2 1 4 1 3 1 3 3 1 4 1 3
4 3 2 3 1 1 4 4 1 1 4 1 1 2 0 1 4 3 3 3 3 3 1 4 4 4 4 2 3 2 3 3 4 2 3 2 4 1 3 2 4 3 4 3 2 4 2 1 4 1 4 2 2 3 2 3 2 2 1 3 3 2 3 4 2 1 2 4 3 1 4 4 2 3 3 3 1 2 4 1 3 4 1 2 1 2 3 3 3 3 4 3 4 2 3 4 2 1 2 1
1 1 4 4 1 2 3 3 4 4 3 1 1 2 1 0 4 4 2 1 4 4 3 3 4 1 1 3 3 1 3 4 4 4 3 3 3 4 1 1 3 1 1 1 1 3 4 3 4 1 1 4 2 3 3 4 3 4 1 4 3 4 3 4 1 2 3 4 3 4 1 2 2 1 2 4 2 2 2 2 3 1 1 2 3 4 1 4 3 3 1 1 3 4 2 4 4 3 1 3
1 2 1 3 4 3 2 2 1 3 2 3 3 4 3 1 0 2 1 2 2 3 3 2 1 1 2 2 1 1 3 2 1 3 3 4 4 2 2 2 1 3 2 4 3 4 2 1 2 2 3 2 4 3 3 2 2 1 1 2 3 3 2 1 4 4 1 1 4 3 2 1 1 3 3 2 1 2 3 2 2 4 2 4 3 2 1 3 2 1 2 2 4 1 4 2 1 1 4 4
1 2 2 3 2 1 2 1 1 4 1 1 4 4 4 2 4 0 4 1 1 3 3 4 2 2 4 1 1 1 1 2 3 4 1 4 2 1 3 4 4 3 2 4 1 4 2 2 4 4 4 1 4 3 3 4 4 3 1 4 4 4 1 1 3 3 4 3 1 4 4 2 1 4 3 1 3 2 3 3 2 3 2 1 3 2 4 3 2 3 1 4 1 2 2 1 1 1 3 4
1 4 3 1 1 4 4 2 2 3 3 2 2 3 1 1 3 3 0 1 2 4 3 1 1 2 1 3 1 1 1 2 2 3 2 2 1 1 1 3 4 3 2 3 4 1 3 2 1 4 2 3 3 2 4 3 1 3 2 2 4 2 3 2 3 4 2 1 2 2 1 3 3 3 2 4 3 1 4 1 3 1 4 1 1 2 3 1 3 1 2 2 3 4 3 4 4 3 3 3
3 3 3 2 1 3 4 1 3 2 1 4 4 4 4 1 1 1 2 0 3 3 1 4 1 3 2 1 2 3 3 3 3 2 2 1 4 4 2 3 2 4 2 2 1 2 3 1 3 3 3 2 2 4 3 1 3 1 4 1 1 4 3 1 2 4 3 2 2 1 3 1 3 2 2 4 2 3 3 2 2 4 3 4 3 2 2 4 1 2 2 4 4 4 1 3 4 2 4 1
4 1 4 2 3 4 1 2 4 3 4 1 4 1 4 3 2 2 2 1 0 3 2 4 4 4 1 3 2 1 3 4 1 2 2 3 3 4 2 4 2 1 4 1 4 2 3 2 2 4 4 1 2 3 2 1 4 4 4 4 2 4 2 1 3 3 1 3 1 2 2 3 4 2 4 3 4 1 2 1 2 4 2 1 1 1 2 1 2 1 4 1 3 1 3 2 1 1 4 2
2 2 4 1 3 4 2 1 1 1 3 3 1 2 4 4 2 1 4 1 2 0 4 1 1 1 3 3 3 3 4 3 2 1 4 1 1 2 1 2 2 1 4 4 1 1 1 1 2 2 1 4 1 1 2 4 2 2 4 1 4 4 3 1 1 2 1 4 3 1 4 3 3 4 1 4 2 4 1 3 4 2 1 2 2 1 2 4 1 4 4 3 3 4 4 4 4 2 2 2
4 4 3 4 3 1 2 4 3 4 3 2 4 1 3 4 1 3 3 2 3 1 0 3 3 1 3 3 4 4 2 2 2 1 3 3 4 4 3 4 3 3 1 1 3 2 2 3 3 1 2 2 1 4 2 4 3 3 3 4 2 1 1 1 1 4 1 4 4 2 3 2 3 3 3 3 1 4 2 3 3 4 1 3 4 2 2 3 3 4 2 2 4 4 2 3 1 2 1 3
1 4 1 2 3 3 3 3 4 4 4 4 2 3 2 3 4 2 3 3 1 4 1 0 4 4 2 3 2 3 4 4 4 1 1 1 2 3 1 2 3 1 3 2 4 4 2 2 4 2 2 3 2 1 1 3 3 2 1 2 1 3 1 3 4 4 3 3 2 2 3 4 2 3 3 1 2 2 4 3 4 4 2 3 1 2 2 4 4 4 1 2 2 4 4 2 3 2 4 2
2 4 3 4 4 2 3 2 1 1 2 1 2 1 4 3 1 1 1 4 2 3 4 3 0 2 1 2 4 1 2 4 2 3 4 2 4 3 4 3 2 4 3 1 1 3 3 1 4 1 2 3 2 1 4 3 3 2 1 4 1 1 4 3 3 4 3 3 1 3 1 1 1 4 2 2 4 1 4 3 1 3 3 3 4 3 1 2 4 1 3 2 2 2 3 4 4 1 1 4
4 4 4 2 4 4 3 3 2 4 1 1 3 1 1 4 2 2 2 4 2 3 4 4 4 0 1 1 4 1 1 4 3 1 4 2 1 1 3 2 3 3 4 1 1 4 2 4 2 3 4 2 4 4 3 1 3 3 4 3 3 4 2 4 3 2 1 4 2 3 1 3 1 3 4 3 4 2 3 3 3 4 2 2 2 2 4 3 2 2 2 3 4 3 2 2 4 4 2 3
3 2 3 1 2 3 1 4 3 2 1 3 4 2 4 1 3 2 3 3 4 2 3 1 4 3 0 1 2 4 2 1 1 4 4 1 2 1 1 3 3 4 3 1 2 3 2 2 1 2 3 2 4 4 4 1 1 1 4 1 3 4 3 1 2 4 4 2 4 2 2 3 1 3 1 4 2 3 1 2 2 4 3 1 4 2 2 2 4 4 2 2 2 2 1 3 3 2 1 2
3 3 1 4 3 4 3 1 2 3 1 1 3 1 4 3 1 3 2 1 1 1 3 4 1 3 3 0 2 2 3 2 2 2 2 3 2 3 3 4 4 2 3 1 3 3 3 2 1 3 1 2 1 2 4 2 4 4 3 4 2 1 2 4 2 3 4 1 1 4 2 3 3 2 2 1 2 3 1 4 3 1 3 4 3 4 2 4 4 1 4 4 3 3 1 2 4 1 4 2
1 2 4 4 2 3 3 1 1 2 4 2 1 4 3 4 3 3 1 2 2 4 3 3 4 3 1 1 0 2 3 4 1 1 1 3 2 3 2 4 3 3 4 1 1 1 2 3 4 2 4 2 4 1 2 1 1 2 3 1 2 2 4 4 3 4 1 2 3 1 2 3 2 2 4 3 2 1 3 4 1 3 2 3 4 4 4 3 3 2 4 2 2 2 1 3 4 1 3 3
4 1 1 2 4 1 4 1 3 1 4 1 3 2 4 4 4 4 4 2 1 2 2 2 4 3 4 1 2 0 2 3 4 1 1 3 1 2 4 4 3 2 1 4 2 4 1 1 1 1 1 3 4 2 3 4 1 1 2 3 2 2 4 1 2 3 4 4 4 3 2 3 4 2 4 3 1 4 2 2 1 4 2 3 2 1 2 3 2 2 2 4 3 3 3 2 1 4 2 1
4 4 1 3 3 2 3 1 4 2 2 2 3 2 2 1 2 1 1 1 3 2 2 1 4 1 1 4 3 4 0 2 2 4 2 2 1 2 3 1 1 4 2 1 2 3 1 2 1 3 2 1 1 1 3 3 4 3 3 1 1 4 3 4 2 1 1 2 4 2 1 3 3 1 1 3 1 2 3 4 1 1 3 4 2 1 4 2 3 3 3 1 3 3 1 2 4 4 1 4
2 1 2 4 2 3 1 4 2 4 4 2 4 2 2 1 4 2 2 1 2 1 3 4 4 2 2 2 2 1 4 0 3 4 2 4 2 1 1 1 2 4 4 4 3 1 2 3 1 2 4 4 1 4 3 3 4 3 1 4 4 4 2 2 2 1 2 4 4 1 4 4 2 2 2 4 4 4 1 2 1 3 2 1 2 3 4 4 2 1 2 4 4 2 2 1 4 2 1 4
2 1 1 2 3 2 2 2 2 4 3 2 1 1 3 3 3 1 3 4 2 4 3 4 3 3 2 1 2 1 3 2 0 4 2 4 1 1 3 2 2 4 1 1 1 3 3 4 3 3 4 3 4 2 2 2 2 1 4 1 2 1 4 3 4 3 4 4 2 1 4 1 2 4 4 2 2 3 2 3 2 2 3 1 3 4 1 1 2 2 2 2 1 1 2 4 1 3 3 3
4 1 2 2 1 3 4 3 3 4 4 2 3 2 2 1 1 4 2 4 2 3 3 2 3 2 3 1 3 2 2 3 4 0 4 2 4 2 1 4 1 4 2 3 3 2 4 4 2 3 3 1 3 1 4 2 4 1 1 1 4 2 4 3 3 1 2 1 2 2 4 1 1 1 4 4 1 2 2 3 1 2 1 3 3 4 2 3 3 3 1 4 2 3 2 1 2 2 3 3
4 1 1 2 1 4 1 3 4 4 1 2 4 4 4 3 4 4 1 1 3 3 4 4 1 4 4 2 1 3 3 1 1 2 0 2 2 2 3 2 4 2 2 3 2 4 4 3 3 3 1 1 3 3 1 2 3 1 3 3 1 1 4 4 1 4 1 4 1 3 2 4 2 4 2 4 4 4 2 2 2 3 4 2 1 3 4 2 1 2 4 4 1 3 3 2 3 4 1 1
1 3 4 1 4 1 2 2 4 2 1 1 3 1 2 1 4 4 2 4 2 1 2 4 1 2 1 2 2 4 2 4 3 2 3 0 2 2 1 1 1 2 3 2 1 1 3 4 1 1 1 4 4 3 3 3 3 2 3 4 2 2 3 4 3 2 2 3 2 4 4 3 2 2 1 3 1 2 2 4 3 1 2 4 2 3 4 1 2 2 1 2 2 1 2 1 4 4 3 2
3 2 2 3 4 4 2 1 1 1 2 3 4 2 3 3 2 2 3 3 2 2 2 2 3 1 2 2 1 4 1 4 3 4 2 2 0 2 2 3 4 3 4 4 1 1 4 2 2 4 3 3 2 4 2 3 1 3 2 1 4 4 4 4 4 2 4 1 4 3 2 3 4 1 3 1 2 2 1 2 1 4 1 2 4 1 4 2 1 4 3 1 4 4 3 3 2 4 2 1
1 4 3 2 4 4 4 2 4 1 4 4 3 3 1 4 2 2 4 4 3 3 4 1 4 3 4 3 2 2 1 2 1 3 3 2 1 0 3 1 4 2 4 3 1 2 4 4 2 4 3 2 3 4 2 3 1 1 3 3 1 1 1 3 3 1 3 3 1 2 2 1 4 3 4 1 3 2 4 3 4 2 4 4 1 3 2 3 4 4 3 3 3 1 1 3 3 2 3 3
1 3 1 4 3 3 4 2 4 1 4 4 3 3 4 3 3 4 4 4 3 3 4 2 4 1 3 4 1 1 2 2 1 4 2 4 4 1 0 2 1 4 4 3 3 3 3 3 2 1 2 3 2 2 3 2 2 2 1 4 3 1 2 3 4 2 2 3 2 3 1 2 2 3 1 3 3 3 4 4 3 3 3 2 1 4 2 3 2 1 1 1 2 3 4 3 2 2 2 4
4 3 3 4 1 2 4 1 4 2 1 1 4 2 2 1 2 1 1 1 4 2 1 1 2 1 3 1 2 3 2 1 4 1 3 4 4 2 1 0 3 1 1 3 3 1 1 4 3 3 2 2 4 1 1 2 2 1 2 3 4 3 4 1 4 1 3 3 3 3 1 2 2 4 3 3 4 2 1 4 4 1 3 1 3 2 4 2 4 1 2 1 4 3 1 2 4 1 1 2
2 3 3 3 3 3 1 1 3 2 2 4 2 3 1 4 4 4 2 2 1 3 1 3 2 1 1 2 3 3 4 2 1 1 1 4 4 3 1 2 0 1 3 2 1 3 1 2 4 3 3 1 4 4 1 3 3 1 1 1 1 1 2 4 4 4 1 3 2 1 2 4 4 1 2 2 2 3 4 2 1 1 1 1 4 3 1 2 3 1 2 2 3 3 2 2 1 2 4 1
2 1 2 1 1 3 1 2 3 1 2 2 2 2 2 1 1 1 2 4 3 4 2 1 3 3 3 4 4 1 3 2 1 1 3 4 4 3 1 4 2 0 4 2 1 2 3 2 1 1 2 2 3 2 3 3 3 2 3 1 3 1 2 2 1 1 2 2 3 4 3 2 1 2 3 3 3 3 3 1 3 4 1 4 4 2 4 1 4 3 3 3 4 3 4 4 1 3 2 3
4 1 1 1 3 2 3 3 2 2 1 3 3 4 3 2 3 1 4 3 1 1 4 1 2 2 4 4 4 2 1 1 2 3 3 2 4 4 3 2 3 4 0 3 4 1 2 1 3 2 1 2 2 1 4 4 3 3 1 4 2 4 3 1 4 3 1 2 4 3 2 4 2 3 4 3 3 2 2 3 1 4 3 2 1 2 2 1 1 4 3 1 2 4 4 4 4 1 3 4
2 3 2 1 1 4 4 4 4 1 4 2 2 3 1 2 1 1 4 2 2 1 4 2 3 1 1 4 2 1 4 2 2 4 4 3 2 4 3 4 3 1 2 0 1 4 4 1 4 1 1 3 4 4 3 3 4 3 1 3 4 1 3 4 3 2 2 4 4 1 3 3 2 1 4 4 3 2 1 4 1 3 1 2 1 1 3 1 2 2 2 4 1 2 1 2 1 3 1 4
3 3 4 2 3 1 4 3 4 2 2 4 3 2 3 4 4 3 1 1 4 1 3 1 2 1 2 4 2 3 1 2 1 2 3 3 4 2 2 1 3 4 4 1 0 4 3 2 1 1 2 2 3 4 4 2 2 3 3 2 2 3 4 2 1 4 1 1 4 4 4 1 1 4 1 2 1 2 4 1 1 3 4 2 2 2 1 4 3 3 3 1 3 1 1 3 4 1 3 2
2 3 2 1 3 2 4 2 2 4 2 1 3 2 2 2 3 4 2 4 3 4 1 1 4 2 3 1 4 4 4 1 4 1 3 1 2 4 2 2 2 2 2 3 2 0 1 2 3 4 3 1 3 4 2 3 3 4 3 2 2 1 3 4 2 1 2 1 1 3 1 4 4 4 2 2 1 2 4 2 3 3 1 2 1 2 1 3 1 1 4 3 4 3 3 4 4 4 3 4
1 3 4 2 3 4 3 2 4 2 2 1 2 1 3 3 1 3 4 3 2 1 3 4 4 1 1 3 3 4 1 4 1 3 2 4 4 3 1 2 1 2 4 3 2 4 0 1 3 1 4 1 4 2 4 2 1 4 4 1 4 2 1 1 3 4 1 4 2 3 3 1 2 1 2 1 2 1 3 2 1 3 1 1 1 4 1 4 3 4 1 4 2 1 1 4 2 1 1 1
2 3 2 4 1 4 4 4 2 3 4 3 1 2 3 2 1 2 2 4 3 1 2 4 4 4 4 4 3 2 2 1 4 4 4 2 4 2 1 2 2 4 4 1 2 4 4 0 2 1 2 1 4 3 3 4 1 2 2 4 3 4 2 4 3 3 2 3 4 4 2 2 4 3 3 2 4 2 4 2 4 3 2 4 1 3 3 4 3 3 4 2 4 2 1 2 3 1 1 4
4 2 2 1 1 4 4 1 4 3 3 1 2 4 4 3 4 2 1 1 2 1 4 3 4 4 2 1 3 4 2 3 2 3 3 3 4 3 2 2 2 3 4 4 4 2 4 1 0 1 1 3 1 1 2 3 1 1 3 4 2 2 4 4 1 4 2 3 4 1 4 2 1 4 4 4 3 2 4 3 2 3 3 1 2 3 4 1 1 4 1 1 2 1 3 3 3 2 3 1
2 3 4 3 3 4 1 2 2 1 4 2 2 4 3 2 4 4 4 4 1 2 3 1 4 4 4 3 1 3 4 3 2 2 3 2 2 3 2 3 2 1 2 4 3 2 2 1 3 0 2 3 4 1 4 4 3 3 1 2 4 4 3 2 3 1 2 4 1 2 1 2 4 3 2 2 4 4 1 1 3 1 3 3 3 1 2 1 3 4 4 2 2 4 2 4 4 3 3 4
1 1 1 4 4 1 2 4 2 1 4 4 4 1 4 3 4 1 1 1 4 1 3 2 1 1 4 1 4 4 3 3 3 3 1 3 4 2 3 1 4 2 3 1 1 1 4 3 1 2 0 1 3 3 2 2 3 3 2 4 1 2 3 3 1 2 4 4 2 4 2 3 1 4 4 1 3 1 1 4 3 4 1 4 4 1 4 2 2 2 3 3 3 2 4 4 2 3 1 2
4 2 3 1 4 3 1 4 4 4 4 1 1 3 1 4 2 2 4 2 2 4 2 4 3 3 1 2 4 2 4 4 3 3 3 4 3 1 4 2 3 1 2 4 1 3 3 4 1 4 4 0 1 4 3 3 4 3 2 2 3 2 4 2 3 4 4 3 3 3 4 2 1 2 1 1 1 1 2 3 2 3 1 2 4 3 2 3 4 4 2 3 3 2 2 2 1 2 1 2
1 2 2 4 2 3 3 1 3 3 1 3 4 3 1 3 3 4 2 3 3 1 4 3 1 2 4 3 4 2 2 1 1 2 1 2 1 3 2 3 4 2 2 4 2 1 4 2 1 2 1 4 0 4 4 2 3 3 1 2 3 3 4 2 3 2 2 2 4 4 1 3 2 4 4 3 3 1 1 2 3 3 4 1 4 2 1 2 2 4 3 4 4 3 3 1 2 1 1 2
3 3 4 2 2 4 1 2 2 4 1 2 2 1 2 3 2 2 1 4 3 4 1 1 2 2 4 3 4 3 1 4 2 2 4 4 2 3 1 4 2 3 3 2 2 1 3 1 4 1 3 2 1 0 3 1 2 3 1 2 2 1 3 2 3 1 3 2 4 3 4 1 2 3 2 1 2 4 3 3 3 1 2 2 4 3 3 1 2 4 4 2 1 4 3 3 3 4 2 2
4 1 1 1 3 2 2 1 4 3 1 2 4 4 4 2 1 4 4 1 2 2 2 4 4 1 3 4 1 4 4 1 1 1 4 4 1 3 2 3 2 2 2 4 3 2 3 2 1 3 2 4 1 3 0 1 3 3 4 3 3 4 2 4 2 2 4 3 1 4 2 4 4 1 3 1 4 2 2 3 4 2 4 3 4 4 3 1 1 1 4 2 3 4 1 2 4 1 3 2
3 4 2 3 2 2 3 1 1 2 2 4 1 4 1 3 3 3 3 2 3 1 4 2 4 2 3 2 1 2 4 2 2 2 3 3 1 1 1 3 4 2 2 1 1 3 2 4 2 1 3 3 3 4 4 0 1 3 1 2 4 3 4 3 4 3 3 4 2 4 3 3 4 4 2 1 4 4 2 3 1 4 1 1 1 2 3 1 2 3 1 4 3 3 1 1 2 3 4 1
4 1 1 2 1 4 3 3 3 1 3 4 3 3 1 3 2 2 1 2 4 4 1 1 3 2 1 4 4 4 1 2 1 2 1 3 4 2 1 1 1 3 1 3 3 4 2 2 4 1 1 1 4 3 1 4 0 4 3 2 1 3 1 2 4 1 2 1 4 4 3 4 3 2 1 3 1 4 4 1 1 2 2 1 3 4 1 3 3 3 4 2 3 1 1 4 4 2 3 4
2 4 1 2 3 4 3 1 4 3 3 1 2 3 2 1 4 3 1 2 1 4 1 3 4 3 2 4 4 3 3 2 4 4 4 3 2 2 1 4 1 1 3 1 2 3 4 3 2 1 1 3 4 4 4 4 3 0 2 2 2 1 4 3 1 4 2 1 3 2 3 2 4 4 1 3 3 3 3 3 1 3 2 3 4 4 1 2 4 3 4 4 1 1 1 4 3 4 3 2
3 4 2 2 1 1 2 1 3 2 2 2 1 4 4 4 1 2 3 3 3 4 2 2 1 1 1 4 1 1 4 3 4 1 4 1 1 2 4 4 2 4 3 3 2 4 3 1 1 1 3 3 3 4 1 1 1 1 0 2 2 1 4 3 4 1 2 2 3 2 3 4 1 2 1 3 1 1 4 3 3 2 4 4 3 4 4 1 2 4 3 4 2 1 3 2 3 3 1 3
4 2 3 1 2 2 3 2 1 4 3 1 1 3 4 3 2 3 1 4 2 2 2 3 4 1 4 2 4 2 3 1 3 4 2 2 4 3 3 1 2 4 4 3 4 2 3 3 4 3 4 2 4 2 1 2 1 3 2 0 2 4 3 4 1 2 1 1 4 1 3 2 1 3 3 2 4 2 3 2 1 2 1 3 1 1 2 2 4 1 4 3 1 1 4 2 2 2 3 3
1 2 1 4 1 2 2 2 4 4 2 4 4 2 4 1 2 2 3 4 1 2 3 3 3 3 1 1 1 3 4 4 1 1 3 1 3 4 1 2 4 3 4 1 2 4 4 1 4 4 4 2 4 2 2 1 1 3 2 1 0 4 3 3 3 4 3 1 3 2 3 2 1 3 1 1 4 2 3 2 2 1 3 3 3 4 3 2 4 2 3 4 3 1 1 1 2 4 4 2
1 3 1 1 1 3 2 2 1 2 4 4 3 2 3 4 4 4 2 1 2 4 4 2 3 1 2 4 3 4 3 1 1 3 3 1 4 1 3 1 2 2 2 4 4 1 3 4 4 3 4 1 2 3 3 4 3 1 1 2 4 0 3 2 2 3 2 3 1 4 2 3 1 3 4 4 4 4 1 1 4 2 2 1 3 3 3 4 3 4 1 4 4 1 4 2 1 3 1 1
4 1 2 1 2 4 2 3 3 2 3 3 3 3 4 1 4 2 1 3 2 3 4 4 3 2 1 4 2 4 4 3 3 2 4 4 1 1 3 2 3 4 1 1 4 3 1 3 1 4 1 1 3 3 2 3 4 1 2 1 3 2 0 3 3 1 2 2 4 1 3 1 4 1 4 1 4 3 4 1 3 3 1 3 1 2 2 4 1 3 1 3 1 3 3 3 3 2 1 3
3 1 3 3 3 1 3 4 3 2 2 3 2 3 3 3 2 1 2 1 4 2 2 2 4 1 1 3 3 4 3 4 4 3 1 3 4 3 4 4 3 2 2 2 4 2 3 4 3 2 2 4 2 1 3 2 1 2 4 4 4 3 2 0 4 4 2 2 4 4 1 4 1 2 1 1 1 2 3 4 1 2 1 2 4 3 3 1 1 2 2 4 3 2 4 3 4 4 4 4
4 3 1 4 1 2 4 3 4 4 3 2 2 4 1 4 3 1 4 3 4 2 1 3 3 4 3 1 2 1 3 3 4 1 3 4 4 3 2 4 1 1 2 1 3 2 4 1 2 3 4 1 3 3 1 4 1 1 1 2 1 2 4 3 0 3 4 3 3 1 3 3 1 1 4 1 2 3 3 2 1 2 1 1 3 2 4 1 1 4 3 3 4 4 1 1 4 3 3 1
4 2 2 2 1 2 1 2 3 3 3 4 2 4 2 1 2 2 3 1 2 2 3 2 1 1 2 2 3 3 1 3 2 2 3 4 2 1 4 3 2 4 2 1 3 3 1 2 1 4 1 1 1 1 1 4 2 1 1 3 3 3 2 4 4 0 4 2 1 2 2 4 4 4 2 4 1 3 3 1 3 2 3 3 1 4 3 2 4 4 2 3 2 4 3 1 2 3 1 2
4 3 1 3 4 3 3 4 1 3 2 3 1 2 1 3 4 2 4 4 3 4 2 2 2 4 4 1 4 2 4 1 2 3 3 4 4 3 4 2 1 2 2 4 4 3 2 4 2 4 3 3 3 1 1 2 1 1 3 2 1 1 4 3 4 2 0 1 4 4 4 3 4 1 1 2 3 2 4 2 1 4 4 3 4 3 2 3 1 1 1 3 4 2 4 4 1 3 3 4
1 1 1 1 3 3 2 4 1 1 4 1 2 3 4 4 4 1 3 2 1 4 2 2 2 3 4 1 3 3 1 1 1 4 4 1 3 1 1 4 3 1 2 3 4 4 4 3 1 3 3 2 1 2 4 1 3 2 4 2 4 4 3 3 3 4 1 0 2 4 4 3 4 3 2 3 1 3 4 2 2 2 4 4 1 3 1 3 4 4 3 2 2 1 2 1 4 3 2 4
3 3 4 4 2 1 1 1 1 4 1 1 4 1 3 4 4 2 2 2 2 2 1 2 4 4 2 3 2 2 2 2 3 2 3 1 1 3 4 1 2 1 2 4 4 4 1 2 4 1 2 2 3 3 1 4 2 1 3 2 3 1 4 3 2 3 3 2 0 4 1 1 2 4 2 4 1 3 4 2 2 1 1 3 1 2 2 3 2 4 1 2 3 1 3 1 3 4 1 1
3 4 1 1 2 4 4 1 2 3 4 2 3 2 2 3 3 4 2 3 2 1 3 4 3 2 3 1 3 2 4 1 1 2 2 4 2 3 3 2 2 4 1 4 4 2 2 2 2 3 4 3 4 3 4 2 1 3 2 1 2 4 1 3 2 4 4 4 1 0 4 2 2 2 2 2 2 1 1 2 2 1 2 3 4 3 4 2 1 1 4 3 3 3 3 3 3 1 4 3
2 1 1 3 3 1 3 4 1 2 4 3 4 1 3 2 3 4 4 3 2 4 2 4 4 3 1 4 2 1 4 2 1 2 2 2 1 1 2 3 2 2 1 3 3 2 4 4 1 4 3 4 4 1 2 3 4 1 4 2 4 2 1 4 1 3 4 4 4 4 0 1 4 4 2 4 2 2 4 2 1 2 4 4 3 4 2 2 3 2 4 3 3 2 3 4 2 4 1 2
3 4 3 3 4 1 1 2 4 2 3 4 3 4 1 2 4 2 4 1 4 3 1 4 2 4 2 3 1 1 1 4 4 2 4 1 3 4 3 4 3 1 3 2 3 3 4 3 4 2 4 3 1 1 1 2 1 3 1 1 3 4 4 4 3 3 4 2 4 3 2 0 2 1 1 2 2 2 3 3 2 3 2 4 4 1 4 1 2 3 2 4 4 1 2 2 2 1 3 2
2 1 3 3 3 4 1 1 2 4 2 3 1 1 2 1 3 4 2 3 3 4 4 3 2 3 2 2 4 2 3 3 3 4 2 1 1 1 4 4 1 2 4 4 1 2 1 1 1 4 3 4 3 4 2 2 1 1 1 4 1 4 4 1 4 1 4 2 3 2 2 4 0 4 1 3 3 3 1 4 1 3 4 4 4 4 2 3 3 3 3 3 4 3 3 2 2 2 4 1
1 1 1 1 4 3 3 4 4 4 1 4 2 1 4 2 3 2 4 2 1 4 3 3 4 2 3 2 4 3 4 3 4 4 1 1 4 1 3 4 1 2 1 1 2 4 3 1 3 4 2 1 1 3 1 3 3 2 3 4 2 1 2 4 4 1 1 3 1 3 1 3 2 0 2 3 2 2 3 2 1 3 4 1 3 2 3 2 4 4 2 2 4 2 4 4 2 1 3 1
3 2 3 1 4 1 3 2 1 4 4 3 4 2 2 2 3 2 3 2 3 4 4 2 3 1 1 3 2 3 2 3 3 3 2 1 1 4 1 4 2 4 4 4 1 4 1 4 2 2 3 2 2 2 1 3 2 2 2 4 4 1 4 2 1 4 3 4 3 3 1 4 2 2 0 1 4 2 2 4 4 2 3 2 3 2 1 2 1 1 4 3 4 4 4 3 1 3 2 1
1 1 3 2 3 3 3 2 3 3 4 4 1 3 1 3 4 3 1 3 1 3 3 1 4 4 1 4 2 1 3 1 4 3 4 3 2 4 3 4 2 1 3 1 2 2 2 3 2 4 4 3 2 2 4 4 2 3 2 1 2 1 2 2 2 2 1 2 1 4 4 4 1 1 4 0 3 1 3 1 3 1 4 3 2 3 4 1 4 4 1 3 2 2 1 1 4 1 4 3
2 3 2 3 3 3 1 2 3 1 1 3 4 3 2 1 3 2 3 2 2 3 3 4 3 4 3 1 4 1 4 2 2 3 4 4 3 3 4 1 4 3 1 2 4 3 1 3 4 3 2 2 1 2 1 3 3 4 1 4 2 2 1 4 1 2 4 1 3 4 2 4 4 4 3 3 0 4 3 3 4 1 3 4 3 3 2 4 2 4 4 2 3 4 4 4 1 2 3 2
2 4 3 4 2 1 4 2 3 2 4 1 3 3 4 1 1 1 3 3 4 1 2 3 2 2 4 4 4 2 4 4 1 3 3 2 4 3 2 4 2 3 4 2 2 3 3 1 1 3 4 4 3 2 3 3 2 2 2 4 4 4 3 1 1 3 4 3 3 2 3 3 1 3 3 2 3 0 2 4 2 3 3 2 3 2 2 3 4 4 3 1 3 1 2 3 3 4 3 4
2 3 1 1 2 2 3 3 1 3 1 2 3 3 4 4 3 2 3 2 1 1 2 3 4 2 4 3 4 4 2 3 2 4 2 4 1 2 1 1 1 1 4 2 4 4 1 1 1 3 2 3 2 1 2 4 3 2 1 3 2 1 3 3 3 1 3 3 1 4 2 1 4 2 4 2 1 2 0 3 3 4 1 2 2 3 3 4 2 1 1 4 4 1 3 2 2 4 3 2
4 4 3 2 4 4 3 2 3 4 3 4 4 1 4 3 4 2 1 2 4 1 3 2 2 4 3 3 4 3 1 3 1 1 2 1 3 4 4 2 2 2 1 4 3 4 1 3 1 4 4 3 3 2 2 1 2 4 2 1 1 1 1 2 1 2 3 1 4 2 4 3 1 2 4 2 1 2 2 0 3 4 1 2 1 4 4 3 1 2 2 2 2 4 2 3 1 4 3 4
2 3 4 4 3 1 2 2 3 3 1 1 1 4 1 2 3 1 1 1 1 1 4 1 2 1 1 3 2 4 1 1 2 3 3 3 3 2 3 3 1 3 2 2 2 4 4 2 1 2 4 2 2 4 4 3 2 3 2 1 4 4 1 2 2 4 3 4 2 3 3 1 3 3 4 4 1 3 4 2 0 2 1 1 2 3 2 3 1 4 4 3 4 4 4 3 3 4 3 3
2 2 3 3 3 2 3 4 4 2 3 3 3 4 2 2 2 3 2 2 4 1 2 2 1 3 2 4 4 3 4 4 3 4 2 3 3 4 1 1 1 4 4 2 1 1 1 3 3 2 3 4 3 1 2 2 3 2 4 1 1 3 4 1 4 1 4 3 1 2 1 4 2 2 1 3 4 3 2 1 1 0 1 1 2 2 4 1 1 3 2 3 2 4 3 4 4 1 3 3
2 3 1 1 3 3 3 3 3 4 2 3 2 2 2 1 3 2 4 3 3 3 2 1 4 4 4 4 4 3 2 1 1 2 4 4 1 4 2 1 2 3 3 4 3 2 2 1 3 3 4 1 1 4 4 4 1 2 1 3 2 2 2 2 3 2 3 1 4 4 3 2 1 1 3 4 2 1 3 1 3 1 0 1 2 2 1 4 2 3 1 2 4 1 4 3 4 2 4 2
3 4 1 1 4 4 3 4 4 1 1 1 3 3 4 2 2 2 4 1 2 4 2 2 2 2 4 2 3 4 1 4 4 1 2 2 4 3 2 1 2 4 4 2 3 3 2 1 2 2 2 3 4 4 2 3 3 4 1 3 1 4 1 2 4 3 3 1 3 1 1 1 1 2 1 4 1 4 4 4 1 1 1 0 2 3 4 2 1 2 1 3 2 1 3 1 3 2 2 3
3 1 3 3 2 4 4 4 2 1 3 2 3 1 2 2 2 2 1 2 3 1 2 1 3 4 1 2 1 2 2 4 2 1 1 2 2 4 1 1 1 4 4 3 3 2 1 2 2 2 3 2 3 3 4 2 2 3 1 4 1 3 1 2 2 3 4 3 4 2 2 1 2 2 1 3 3 1 3 3 1 1 1 1 0 2 2 1 3 3 3 1 2 4 3 1 4 2 2 2
2 4 4 2 4 3 1 3 1 4 1 4 2 1 1 1 4 3 2 3 4 1 3 1 4 1 1 2 4 4 3 2 1 1 2 3 3 1 3 1 3 4 2 2 4 2 4 2 1 1 4 3 1 4 1 2 3 2 4 4 3 4 1 3 3 2 2 4 2 4 1 2 2 2 1 3 1 1 2 2 3 2 1 3 4 0 3 4 3 4 3 4 4 1 1 2 4 4 3 2
4 3 1 4 2 2 2 3 4 3 4 2 2 2 1 1 2 4 4 2 4 1 1 1 3 3 2 4 2 2 4 4 1 2 4 1 1 4 4 2 2 4 2 2 3 1 4 1 2 4 2 1 3 2 3 3 1 1 2 4 4 4 1 4 3 4 2 2 2 2 1 4 3 4 3 3 4 1 2 4 3 2 4 3 4 3 0 4 2 1 3 2 1 3 2 1 3 1 4 3
2 1 2 1 1 3 1 2 3 1 4 1 2 2 2 4 1 4 1 4 3 1 1 3 4 1 4 4 3 2 1 1 2 1 4 4 4 1 1 1 2 1 4 2 2 1 4 1 3 3 4 4 2 3 3 2 4 1 3 2 4 2 4 1 2 4 3 4 4 2 1 1 2 3 2 2 2 4 2 4 2 1 2 2 1 3 4 0 1 2 4 1 1 4 3 1 2 1 4 2
4 4 1 4 2 1 2 1 1 1 4 1 3 4 1 1 2 2 1 2 2 2 3 2 4 2 1 1 1 4 2 2 2 1 1 2 1 3 1 1 3 4 4 3 3 4 4 2 1 4 1 4 3 3 4 4 3 3 3 4 3 2 4 2 3 1 2 1 4 3 3 4 2 2 2 3 4 4 2 2 4 4 2 4 1 3 2 2 0 2 4 4 4 2 4 3 2 2 4 4
2 2 1 3 3 1 2 3 1 4 3 1 1 3 4 4 4 3 4 1 1 3 3 1 2 1 4 3 3 1 1 1 1 2 3 1 4 4 1 3 2 4 1 1 1 2 1 2 3 4 2 2 3 2 2 4 2 4 2 2 2 2 4 3 4 4 3 1 3 4 4 2 2 4 4 3 4 3 2 2 2 1 3 4 1 1 1 3 1 0 2 1 4 2 1 1 4 1 1 2
4 2 4 4 2 1 1 2 1 1 1 3 4 3 1 4 4 1 1 4 3 3 4 4 1 1 1 2 3 4 3 3 3 4 3 1 1 3 4 2 1 1 1 1 2 2 4 4 3 3 2 3 4 4 4 4 2 2 4 3 1 1 2 1 3 3 1 2 3 4 1 2 4 2 2 2 4 4 2 4 2 3 2 4 3 2 2 2 3 2 0 3 2 2 4 2 3 4 1 1
4 3 4 3 4 1 2 3 1 3 4 2 1 1 3 4 1 4 1 2 1 4 3 4 2 2 1 2 4 4 2 3 4 1 1 4 2 2 2 1 1 4 3 4 4 2 1 1 1 4 4 4 4 1 1 4 3 4 3 3 1 1 2 3 2 2 3 4 1 3 2 4 4 3 4 1 3 2 3 4 3 3 1 4 4 3 3 2 1 3 3 0 3 3 2 2 1 2 1 1
1 2 3 2 2 1 1 2 4 1 4 4 1 4 1 1 1 3 4 2 3 1 2 1 2 2 4 3 2 1 3 1 3 3 1 1 4 4 4 4 2 1 2 3 1 2 4 1 2 2 4 4 4 4 4 3 1 4 2 4 1 1 1 2 3 1 2 1 4 2 4 4 2 3 3 4 2 1 2 4 4 1 2 2 2 2 1 1 4 1 4 3 0 2 3 2 1 3 3 3
2 2 3 2 2 3 1 3 1 2 1 3 1 1 2 3 1 4 3 1 2 4 2 2 4 4 3 3 3 4 4 4 3 3 4 1 3 3 4 4 1 3 2 3 1 2 1 2 1 1 4 3 2 1 1 2 1 2 1 3 2 3 2 4 4 2 1 4 2 1 4 1 4 2 1 4 3 4 3 4 2 1 1 3 1 3 2 3 4 2 4 2 1 0 3 1 2 2 3 2
2 3 2 4 1 4 4 4 2 4 4 2 4 2 4 4 3 1 3 1 1 2 1 3 3 4 4 3 3 2 3 3 1 1 4 2 4 1 4 2 2 4 4 1 2 3 2 1 4 4 1 1 4 1 4 2 1 3 3 2 3 4 4 3 2 3 3 2 1 3 4 3 2 4 3 4 2 4 4 3 3 1 1 1 3 2 2 2 2 4 3 1 4 4 0 3 3 3 4 3
2 4 4 3 2 3 2 3 4 4 2 2 3 1 1 1 3 1 3 4 4 4 1 1 3 1 4 4 3 1 1 3 1 4 2 2 4 4 3 3 3 3 3 4 3 2 3 4 3 3 3 4 1 4 4 2 4 2 3 2 2 1 2 4 3 2 1 1 1 3 3 4 2 2 4 4 1 3 1 3 2 1 3 3 2 4 2 3 1 2 1 4 1 3 2 0 2 4 2 1
3 4 1 2 1 4 1 4 3 1 3 1 2 3 1 2 4 4 2 2 3 2 2 3 2 3 3 3 1 4 1 3 4 4 4 1 1 4 4 1 3 4 4 1 4 3 4 2 4 1 3 3 1 3 2 2 2 1 1 1 4 4 3 1 1 4 3 2 2 3 4 3 3 3 1 3 4 2 3 3 4 1 1 2 1 1 3 4 3 3 2 2 1 4 2 3 0 1 3 4
1 1 3 2 1 3 2 1 4 3 1 3 1 1 2 1 1 4 3 1 3 4 2 3 3 2 2 2 4 4 4 4 3 3 2 3 2 2 4 4 1 1 4 4 4 2 4 4 4 2 1 2 1 1 1 1 3 3 4 4 4 3 1 3 4 3 4 1 2 3 3 2 1 3 3 2 1 1 2 2 4 2 3 3 1 3 3 1 4 3 4 2 4 2 1 3 2 0 4 4
2 2 2 2 2 2 3 4 3 2 3 2 3 4 1 1 1 2 2 3 4 4 4 4 2 3 1 2 1 4 1 4 4 3 3 1 3 4 1 4 1 3 3 3 1 3 4 3 2 3 3 2 2 3 1 3 3 1 1 4 4 3 2 3 2 4 3 1 4 4 3 2 1 2 3 4 2 3 4 3 2 4 4 1 1 4 3 1 1 3 4 1 1 3 2 2 3 4 0 3
4 2 3 2 3 4 2 3 2 2 1 4 2 1 1 4 1 2 3 1 3 4 4 3 2 4 3 3 1 2 2 4 1 2 4 1 1 3 2 3 3 3 4 2 4 1 2 2 4 3 3 3 2 1 1 4 1 4 1 1 4 3 1 4 1 1 4 2 3 1 3 4 2 3 4 3 3 2 3 4 2 2 1 2 4 4 1 1 3 1 3 3 2 2 1 1 4 2 1 0