15
21 6 288
18 23 368
19 41 77
27 18 368
16 95 132
26 119 171
25 61 265
17 0 445
14 65 260
22 0 444
21 24 366
25 14 371
22 185 447
24 336 433
19 184 440
0 6 2 5 7 4 4 7 7 7 7 3 8 11 3
6 0 10 0 4 7 3 2 5 5 5 3 4 3 6
2 10 0 7 5 6 7 6 5 1 7 7 0 6 6
5 0 7 0 8 8 9 3 1 9 6 0 6 3 10
7 4 5 8 0 15 7 5 7 2 5 5 0 6 2
4 7 6 8 15 0 12 4 0 0 3 2 6 5 4
4 3 7 9 7 12 0 14 5 6 4 0 5 7 6
7 2 6 3 5 4 14 0 9 11 5 0 7 3 2
7 5 5 1 7 0 5 9 0 12 10 3 7 3 0
7 5 1 9 2 0 6 11 12 0 11 4 7 0 4
7 5 7 6 5 3 4 5 10 11 0 13 0 4 6
3 3 7 0 5 2 0 0 3 4 13 0 9 6 5
8 4 0 6 0 6 5 7 7 7 0 9 0 4 5
11 3 6 3 6 5 7 3 3 0 4 6 4 0 7
3 6 6 10 2 4 6 2 0 4 6 5 5 7 0
