50
789 21893 23922
230 4832 5499
727 5360 9109
178 5011 5639
749 20690 23373
481 14568 17872
678 21239 22928
738 17270 18169
531 6632 9093
808 7125 10721
352 20364 20892
803 14098 16937
953 22884 26621
871 4899 8576
188 23408 23826
122 3556 4171
719 13639 17111
945 5075 6425
792 8175 14396
982 5144 10050
765 6503 11510
800 18362 20242
602 23109 23767
733 12971 14688
483 19996 21132
134 9321 9578
421 26070 27647
669 2946 5460
661 6090 8655
887 2090 3146
554 421 1847
688 7593 11217
794 3006 5224
261 18666 19353
894 838 3217
962 17704 19760
862 453 2286
657 22986 23718
275 12545 13862
953 20642 23433
665 9105 13036
717 28114 29354
391 1724 3224
779 21840 24341
656 18852 20740
663 8690 12205
500 12031 15376
559 15545 17395
527 12630 14246
220 1338 1711
0 42 62 34 64 96 22 28 46 20 98 52 73 56 59 42 84 3 65 52 76 26 66 55 47 59 97 49 24 21 30 54 90 2 7 70 71 82 70 52 51 17 79 88 42 49 9 13 75 45
5 0 13 81 36 7 23 48 51 83 81 99 17 29 25 52 44 3 80 65 28 13 99 50 92 17 28 15 18 64 77 50 58 65 67 45 34 89 63 28 31 27 31 42 39 69 40 61 49 54
89 4 0 4 31 28 99 85 77 44 38 64 7 70 72 26 28 55 65 35 29 100 63 49 7 91 44 16 25 4 16 29 4 92 1 48 85 72 26 67 31 69 13 71 88 52 73 43 42 86
38 3 96 0 21 64 63 2 88 64 33 67 61 13 84 12 87 45 7 21 61 73 73 93 45 71 33 64 75 28 6 1 90 87 37 12 29 55 92 46 53 35 3 71 28 31 91 72 28 24
13 12 13 88 0 59 54 23 27 84 68 25 28 63 59 68 54 84 13 94 7 4 8 29 13 28 62 5 81 61 10 34 44 27 75 0 75 6 67 65 31 33 66 60 74 67 67 30 48 2
74 40 37 79 76 0 41 82 40 1 59 23 34 58 43 49 79 29 15 3 7 12 84 29 19 88 34 46 3 46 45 82 36 33 25 81 71 22 66 83 9 61 46 22 63 69 19 19 23 31
72 14 63 67 15 62 0 95 93 16 24 48 37 69 43 94 100 84 95 1 23 97 95 49 15 38 96 54 22 48 15 23 92 8 34 33 50 44 58 12 69 87 68 51 20 47 13 59 85 42
61 87 75 14 34 42 22 0 42 30 69 42 96 1 93 83 8 91 71 87 45 93 2 30 81 43 15 52 14 48 35 63 75 24 48 81 61 55 2 99 81 89 3 26 5 28 71 74 23 6
30 13 41 68 38 36 68 10 0 78 21 32 82 90 14 89 24 70 52 86 44 83 87 99 52 83 85 85 4 2 54 56 33 91 79 25 79 81 94 54 93 88 94 10 23 14 85 7 29 73
96 36 49 95 5 98 78 75 19 0 34 54 48 52 61 18 58 52 16 17 32 92 64 88 59 58 47 65 49 27 6 27 72 89 37 96 7 82 26 76 26 52 11 46 10 31 41 52 34 95
34 38 50 48 89 44 91 98 53 94 0 19 93 18 33 70 10 20 31 98 15 24 82 36 80 57 92 40 30 10 39 84 3 77 65 40 84 52 60 80 27 53 97 27 18 25 15 66 45 53
100 43 57 45 100 4 89 32 42 56 78 0 3 60 26 27 22 4 27 20 79 60 79 5 78 74 50 78 29 90 60 29 33 99 83 90 6 36 15 53 45 38 91 92 27 79 8 62 90 73
8 62 90 6 0 50 67 48 5 64 39 70 0 8 7 99 7 28 90 6 8 31 76 25 24 0 70 60 41 98 53 34 50 51 85 74 41 67 43 50 64 31 86 93 28 64 50 67 78 52
27 21 68 73 88 28 81 43 29 86 61 80 2 0 7 95 61 1 93 20 57 99 26 15 88 46 33 29 100 21 7 41 10 21 56 27 46 46 62 21 56 37 90 20 53 15 47 14 10 17
77 35 59 46 24 21 70 85 13 13 5 93 70 3 0 84 73 89 6 92 92 8 26 91 59 24 19 34 11 10 80 53 31 90 51 22 14 66 97 35 1 2 82 10 63 57 82 39 9 99
68 26 80 39 66 62 16 45 0 41 84 13 17 14 23 0 30 0 82 75 93 73 21 65 54 89 22 66 84 86 31 51 55 76 20 21 69 60 98 36 0 69 29 36 40 15 42 19 85 41
72 88 42 22 100 65 52 4 12 92 81 3 22 2 31 92 0 21 3 77 71 25 49 56 19 8 52 35 33 59 12 81 47 38 11 32 0 61 48 48 15 84 25 22 74 67 77 78 56 50
50 27 97 54 44 88 38 81 57 88 52 70 81 1 85 77 7 0 85 48 87 96 30 22 72 22 33 15 5 49 20 59 77 70 65 29 8 62 83 93 25 99 29 91 43 89 83 88 100 100
58 76 31 21 89 19 44 94 23 60 95 20 74 1 15 21 37 26 0 60 69 77 8 90 92 61 45 6 25 1 66 94 66 73 81 4 2 58 21 96 80 51 74 39 9 83 84 41 6 21
41 4 28 2 62 13 44 88 57 18 48 97 35 23 100 5 66 98 66 0 20 81 48 64 40 34 84 39 74 8 66 3 80 99 5 31 69 97 32 97 56 27 69 5 26 15 72 82 3 90
73 32 21 89 39 13 19 47 62 70 70 81 58 52 10 35 63 42 90 57 0 14 4 83 44 5 63 84 33 66 22 9 4 55 86 19 60 60 97 79 22 70 82 92 98 62 91 43 20 91
99 0 63 56 96 2 98 54 59 62 40 48 19 13 45 85 82 63 11 46 47 0 13 87 52 71 83 46 89 44 35 64 15 15 91 68 82 77 33 36 80 82 78 54 43 90 39 10 10 91
96 30 64 67 99 98 73 13 9 18 9 94 37 69 26 94 28 64 18 40 81 88 0 30 18 45 81 11 97 87 28 78 73 13 74 23 41 94 18 100 61 81 86 40 48 22 47 30 39 89
67 57 79 98 7 11 96 41 73 91 97 79 14 51 100 99 94 95 19 18 81 5 75 0 27 52 94 8 97 83 47 78 78 43 18 26 37 2 93 34 60 85 31 76 84 5 35 78 61 75
37 63 19 86 84 42 96 37 60 35 5 21 96 3 87 64 61 2 79 38 35 39 33 81 0 8 76 80 14 18 96 63 41 73 48 68 24 4 14 62 23 75 95 70 0 18 44 62 36 60
22 72 53 97 52 88 24 14 82 79 29 64 59 90 35 95 66 40 17 97 59 58 84 29 13 0 54 18 37 90 77 30 73 17 26 96 22 81 29 19 40 3 20 41 45 30 95 53 41 68
78 22 34 4 97 47 83 6 81 78 67 88 98 64 0 51 15 38 90 73 95 59 1 0 68 51 0 53 14 76 33 37 15 28 17 23 43 70 33 79 23 19 22 71 5 52 44 38 96 36
47 63 28 57 90 87 66 98 28 53 40 73 55 70 82 56 34 44 29 83 12 13 31 4 86 45 2 0 69 50 3 89 21 38 13 73 96 32 57 16 36 42 90 19 80 49 6 58 75 46
70 78 85 67 95 9 58 34 60 8 57 38 96 5 95 77 34 79 75 86 42 91 50 94 55 22 84 27 0 92 73 66 3 86 38 10 50 72 81 32 79 84 6 95 10 84 62 15 97 85
36 53 13 63 83 100 13 20 79 28 51 6 66 77 27 13 77 93 34 85 9 69 35 60 94 18 62 59 33 0 85 42 26 48 20 7 50 24 64 44 82 53 47 70 27 26 15 87 60 22
14 29 16 53 78 86 72 91 89 51 74 61 53 27 7 44 32 0 36 2 9 29 59 75 67 52 0 17 44 47 0 53 65 95 1 22 14 50 43 69 52 61 75 92 82 17 84 79 31 22
61 38 28 40 99 37 72 40 6 98 54 25 12 6 64 62 55 9 70 46 70 1 55 29 17 1 4 55 34 6 27 0 97 99 57 35 5 43 16 2 95 66 6 60 21 64 87 22 81 58
81 94 16 57 98 89 47 36 53 4 72 15 46 58 86 5 29 68 26 23 93 0 21 7 4 46 44 14 84 9 38 96 0 76 67 89 94 75 51 58 3 53 90 51 40 3 20 29 50 94
15 17 100 63 41 48 6 24 10 95 75 65 56 93 0 30 6 98 8 78 2 80 12 33 5 16 74 9 14 1 43 67 80 0 7 10 64 31 17 42 82 30 60 56 47 49 10 55 35 6
31 57 20 49 99 69 13 42 28 83 20 95 66 33 94 83 66 6 18 47 23 71 40 4 95 92 26 23 2 65 90 34 42 100 0 69 100 85 62 23 76 1 95 38 30 49 71 36 93 49
92 71 19 11 43 41 51 75 59 15 12 4 8 100 56 40 35 69 73 7 91 75 49 44 70 66 54 25 16 33 56 68 2 63 51 0 70 38 60 24 48 31 40 37 73 49 1 47 97 74
16 66 41 36 92 51 15 26 81 57 64 50 65 54 12 0 89 57 17 69 31 96 90 19 27 43 46 57 77 74 22 53 33 86 65 11 0 49 29 57 73 78 91 11 12 29 48 81 35 64
45 8 37 68 80 80 81 81 60 44 26 18 3 52 50 48 35 29 70 22 12 54 64 25 54 64 94 9 42 50 47 59 57 60 44 38 6 0 49 63 47 0 49 23 42 24 81 87 64 90
54 98 97 20 23 12 12 28 99 8 39 8 99 46 67 76 92 22 39 43 68 95 27 73 83 35 16 80 48 91 62 6 80 38 65 82 48 64 0 77 16 79 0 47 56 99 50 33 97 84
47 73 38 96 85 25 84 17 9 44 22 3 91 75 11 37 92 63 89 11 64 81 40 41 67 4 78 96 9 3 82 5 67 53 81 12 72 13 10 0 79 81 36 7 17 27 37 14 4 79
56 86 10 54 12 48 8 24 12 64 78 69 41 6 6 93 96 27 87 72 64 21 67 85 78 7 5 81 72 51 92 20 35 22 88 88 62 49 17 33 0 78 25 25 10 33 4 16 73 89
16 79 29 6 9 27 16 16 95 66 73 69 24 8 35 78 97 16 94 21 35 14 19 58 19 100 100 26 37 41 92 94 41 19 89 86 36 50 56 98 92 0 8 32 35 89 45 90 45 69
94 82 28 56 69 12 67 40 53 45 72 73 99 75 3 70 84 11 75 42 39 1 38 96 37 17 61 88 64 23 56 70 74 55 42 99 7 45 98 74 0 19 0 12 68 62 77 87 85 99
78 57 37 69 60 70 18 99 21 69 69 74 1 87 23 26 64 13 47 68 40 40 83 83 90 97 40 76 77 96 90 21 46 89 43 89 9 63 73 37 69 72 71 0 58 80 85 5 99 15
14 36 57 65 88 47 52 68 18 37 26 53 5 17 71 31 34 13 20 87 25 27 80 14 36 81 89 86 32 67 40 38 58 83 23 36 51 59 56 10 85 24 36 99 0 84 19 18 13 72
27 83 80 81 65 41 91 0 1 75 96 98 31 97 90 44 26 94 63 54 79 92 67 11 36 38 22 53 97 26 78 48 97 37 99 44 4 65 83 29 77 67 18 39 35 0 24 99 23 33
6 29 22 34 100 87 35 85 54 33 43 91 52 39 81 96 64 82 90 62 23 9 73 75 34 2 96 97 20 76 35 21 27 80 60 86 35 0 60 62 30 16 47 74 34 97 0 9 97 52
29 22 65 12 99 55 78 66 6 2 5 96 100 85 72 65 66 67 2 46 68 80 60 88 2 68 97 64 32 76 20 36 76 75 3 43 81 56 99 51 88 99 24 84 25 50 97 0 53 43
81 64 79 89 87 76 37 39 6 79 91 77 44 8 70 99 70 7 27 85 28 46 45 11 26 74 13 18 40 100 40 23 2 76 83 55 54 59 51 13 39 76 54 7 55 79 57 74 0 74
1 27 26 82 81 76 70 0 75 23 78 17 61 54 54 11 9 5 33 21 26 37 45 77 0 1 80 74 41 41 45 41 96 61 88 79 21 5 74 49 27 71 49 52 22 68 39 10 93 0