150
479 44317 47749
800 57934 59774
480 14519 18160
428 44112 47167
583 13413 15314
782 32832 35826
930 80718 84100
400 71505 72990
469 51249 52235
583 80716 82823
462 45425 46336
879 8459 10024
621 76401 80299
334 75187 76507
903 47956 49426
103 23543 23943
405 67027 69474
620 27963 30030
410 10465 11693
118 69507 69915
882 60846 62921
770 7333 13440
882 37733 44583
994 61252 62601
675 49764 51901
621 70612 75488
605 80277 81133
396 42974 43597
216 10502 10839
692 65958 68299
148 3641 4151
902 54800 59436
509 67476 68335
734 15398 21076
844 11144 15888
343 59882 60662
455 34670 35498
273 74042 74820
196 14672 15723
725 7600 8573
615 21031 23898
865 66238 71751
982 5738 9232
629 29518 31594
616 48491 50622
569 24149 25400
104 45242 45954
553 70588 71957
647 20227 21639
144 59753 59899
953 37270 39173
238 9094 9909
494 29372 31344
224 48191 48529
886 7011 13436
802 65746 68783
790 457 3689
641 69135 71498
470 31652 33826
118 62853 63181
521 18914 20050
156 37541 37852
590 73108 76807
990 42119 43907
178 21498 21916
900 20912 22206
579 63636 65549
571 31064 35220
272 12186 12964
825 34526 36523
924 31637 34249
409 53882 55178
206 52422 53036
322 76822 77703
876 66683 72983
163 75882 76469
211 23067 23452
407 7944 10144
335 69838 71478
921 54306 56115
858 51532 53065
319 29911 30422
635 23072 25037
455 45340 47079
542 7573 9291
277 5413 6033
848 55979 59667
681 44515 46103
174 41739 42088
452 74228 74962
131 46146 46559
236 28922 29612
707 47159 48622
673 21785 22921
986 31268 35083
399 23824 24253
366 67907 69419
726 29207 31578
502 79638 80904
739 25560 26790
740 74283 76465
577 39212 43716
860 12547 18339
107 64741 65113
418 27287 28278
890 42346 43663
708 40265 41783
701 66845 68495
724 54565 57120
318 30243 32242
727 4559 6875
997 56729 58399
262 27325 28013
451 80614 81281
415 71483 72506
149 7691 7941
349 42617 43423
852 13759 15016
504 38153 38855
991 1965 5805
137 65717 66611
475 11660 13170
706 64514 66467
399 27524 28790
343 24688 27056
974 61923 64275
357 37969 39183
819 8625 11746
396 63471 64277
763 58370 60284
589 22829 23698
940 34168 35537
315 21063 22094
712 9853 14118
125 16333 16773
327 22320 23259
106 25264 25453
757 56263 58588
820 1189 3028
188 74649 74917
224 66222 67776
418 33470 36277
307 78003 79427
384 62549 65583
628 31908 32649
207 52561 52939
426 39449 40046
419 54794 55619
101 75796 76059
786 38870 41851
0 65 11 33 70 99 48 39 57 62 99 0 37 12 19 63 80 8 77 33 50 54 91 89 32 89 79 61 15 54 68 66 55 78 93 91 42 98 36 81 39 89 85 26 20 25 97 8 83 38 61 83 84 24 29 71 73 100 64 100 88 16 59 98 23 70 32 79 89 29 11 42 95 31 77 61 6 100 98 44 82 84 2 41 8 33 83 63 3 94 37 92 55 58 32 86 75 43 100 24 92 79 20 84 58 14 41 10 24 84 70 17 18 32 5 98 8 27 95 32 16 37 6 96 63 60 84 99 2 36 70 3 39 27 64 87 6 74 59 27 24 29 12 96 35 41 30 81 49 14
98 0 59 69 10 11 74 77 92 35 46 73 45 2 9 97 56 33 75 97 74 10 77 62 57 69 13 30 90 57 13 17 35 29 88 55 44 34 65 24 78 64 64 39 58 8 65 30 86 68 52 19 88 34 35 25 69 58 74 34 47 9 25 50 42 39 78 5 6 33 91 28 25 19 66 79 16 47 34 92 94 21 81 22 83 90 79 80 94 57 51 39 69 52 77 65 69 35 60 87 1 70 9 74 15 9 22 12 83 43 51 37 90 36 19 36 75 22 29 54 9 11 22 34 60 80 39 94 71 25 7 27 14 62 89 52 63 63 71 27 76 45 48 94 76 36 56 79 99 5
64 91 0 76 5 63 37 59 11 43 48 40 82 48 97 18 87 49 95 39 70 29 79 10 75 26 37 84 24 2 71 60 26 25 80 34 76 4 29 100 71 49 43 21 37 31 36 60 54 31 10 70 56 13 93 58 6 25 87 8 13 57 100 40 65 69 47 13 86 12 63 2 75 71 19 70 12 55 81 38 77 85 96 39 68 33 76 67 17 93 34 85 92 20 4 80 47 60 23 8 61 3 79 95 29 13 83 85 99 43 69 73 75 99 78 72 43 73 68 25 84 25 33 90 17 34 50 26 6 13 91 94 24 64 77 83 32 72 58 30 58 19 15 37 81 98 94 11 28 37
77 12 0 0 9 63 91 75 58 14 68 38 12 67 69 25 64 25 32 51 9 70 81 50 47 50 89 54 91 78 37 16 20 6 3 55 15 3 2 66 23 93 81 24 70 49 18 99 83 15 42 58 84 27 56 78 74 36 91 40 88 66 79 57 69 17 26 16 8 5 98 31 26 85 8 91 42 94 41 92 19 57 24 54 35 95 38 98 100 82 86 48 12 31 64 33 87 17 95 22 79 53 30 36 13 30 6 2 32 97 6 92 71 91 10 68 74 76 87 25 8 98 80 50 57 49 9 19 81 2 32 45 13 84 95 19 34 81 51 53 38 38 77 12 7 31 76 77 95 83
6 45 100 3 0 7 36 61 70 95 88 82 10 60 38 91 7 100 67 98 47 75 68 72 5 71 30 54 97 21 15 83 84 62 50 67 80 79 85 38 92 9 60 77 6 13 9 84 93 7 67 65 77 41 8 38 57 42 97 67 99 27 90 68 70 87 23 51 63 73 8 96 46 66 88 27 33 78 2 1 74 84 26 82 38 29 90 23 14 70 65 27 59 54 71 24 94 71 37 16 75 76 27 5 8 99 65 96 90 77 13 32 90 47 38 66 65 52 74 24 14 36 12 22 82 11 75 70 69 35 42 72 51 15 21 30 45 69 71 59 69 71 93 41 27 65 8 38 31 42
23 85 96 22 99 0 70 66 72 25 23 87 24 2 58 84 72 79 26 84 20 13 65 44 13 55 18 20 38 12 10 1 29 47 56 58 18 65 44 32 30 85 88 44 3 40 22 28 71 53 67 97 89 73 83 5 86 32 86 54 79 1 95 34 31 32 1 27 56 40 12 0 81 0 62 13 23 60 28 96 33 31 36 61 52 97 3 61 79 81 43 33 29 48 20 21 82 95 10 91 91 50 22 100 16 32 55 90 62 23 28 69 97 63 81 96 100 3 80 88 92 79 18 55 80 74 9 100 57 22 10 53 38 7 75 18 65 19 11 31 52 64 58 70 25 60 20 100 39 41
23 94 65 84 38 74 0 30 63 26 60 75 82 42 45 1 57 19 24 27 10 45 50 91 12 28 20 94 54 64 82 10 28 59 16 9 19 47 73 4 23 33 77 99 65 91 42 10 18 99 87 49 53 75 86 84 87 65 27 77 9 75 89 47 29 91 19 83 33 52 53 3 76 58 2 50 38 11 7 18 25 82 97 20 54 82 97 38 82 74 81 62 33 17 82 22 4 35 68 8 77 68 43 63 3 34 6 90 82 90 7 24 33 53 90 6 15 71 48 33 34 10 29 27 97 30 56 96 69 66 3 88 9 76 48 12 48 57 48 42 55 61 35 45 29 97 51 78 78 59
54 36 39 99 79 23 94 0 57 43 14 2 20 19 78 69 31 46 100 7 21 43 29 10 71 94 90 28 8 14 74 72 53 55 72 72 42 68 30 87 58 27 85 39 64 13 65 52 0 17 58 52 20 72 65 84 77 82 34 13 72 61 50 94 15 7 82 45 89 54 50 0 55 55 39 91 88 2 14 37 29 27 91 94 48 53 73 47 13 2 21 76 95 61 38 79 3 6 29 44 65 46 52 76 92 7 21 35 89 79 53 26 43 28 74 100 10 89 64 66 27 26 92 47 14 39 19 11 100 20 90 81 11 85 67 48 31 94 12 70 73 76 27 95 90 45 7 18 30 61
97 61 95 56 86 17 83 67 0 98 70 90 89 55 63 0 15 16 84 98 59 9 41 59 5 28 35 63 37 58 42 9 56 4 37 14 76 100 12 71 95 100 30 80 9 91 17 47 87 87 60 64 73 65 90 67 66 15 90 53 5 7 70 22 15 42 57 36 59 58 77 22 97 42 95 34 29 18 23 47 63 30 47 90 7 27 0 67 31 26 18 85 71 38 34 57 25 42 40 52 16 52 95 89 8 93 19 41 84 88 93 26 74 19 84 16 55 66 35 95 27 76 75 51 70 94 12 55 33 47 17 60 98 65 27 90 75 4 46 71 41 84 82 56 37 43 36 73 28 21
48 67 46 22 76 95 44 95 12 0 27 36 17 55 80 17 15 50 70 2 4 59 86 29 70 17 100 99 53 29 23 74 6 49 26 49 82 82 49 74 9 11 56 26 35 61 90 43 64 66 14 49 86 31 40 38 6 63 10 35 36 65 52 36 16 57 16 15 27 83 27 14 70 46 14 5 3 56 63 89 52 69 56 46 69 58 77 39 17 96 79 46 65 21 72 75 56 16 44 70 53 11 18 46 64 35 58 62 92 92 70 49 71 43 44 31 75 50 23 18 12 53 67 92 3 53 76 24 27 87 48 31 40 62 35 17 36 26 64 97 35 57 25 32 100 5 52 17 75 15
59 45 11 58 7 97 56 66 42 78 0 28 76 77 91 1 0 96 75 79 70 61 85 47 3 12 35 28 41 3 90 20 9 21 23 82 100 24 80 31 86 67 46 39 16 28 49 95 68 76 47 99 45 12 55 82 70 11 90 71 100 100 88 19 37 20 96 19 58 52 27 39 55 80 87 0 40 93 51 56 42 9 94 35 32 40 42 48 44 91 83 57 64 16 97 4 70 58 65 79 12 23 68 76 47 31 96 19 88 8 85 29 92 6 54 20 84 72 91 91 19 10 47 21 61 38 15 57 54 90 36 36 76 3 48 64 81 64 23 48 42 49 59 83 2 44 38 24 36 71
43 29 45 75 60 18 70 41 89 23 26 0 44 26 18 52 20 91 60 28 33 97 84 75 59 92 79 69 74 63 48 35 14 69 26 24 8 67 93 57 16 75 13 72 88 59 69 11 88 81 25 92 80 73 74 39 61 14 92 57 64 89 62 58 16 16 47 56 45 26 64 63 80 32 66 58 36 91 39 91 86 79 87 10 61 45 69 65 77 99 31 89 39 60 75 64 47 68 69 21 100 37 10 34 24 23 44 81 12 95 0 38 17 40 56 48 94 94 89 28 67 8 21 55 51 74 46 21 0 18 79 91 9 38 66 100 100 57 5 87 53 30 31 75 88 41 93 1 94 2
28 48 89 86 11 96 99 37 46 96 40 93 0 97 51 28 67 11 39 32 30 38 94 66 67 46 76 44 97 12 0 59 83 8 69 40 12 100 43 13 93 10 36 28 36 83 15 92 27 33 94 12 41 24 3 95 23 84 90 51 74 90 91 78 33 87 33 6 15 51 94 91 68 28 30 18 14 18 53 72 31 45 41 71 41 83 24 67 61 9 98 27 63 76 85 80 2 63 8 28 8 4 26 36 45 17 19 75 31 62 53 0 94 2 34 86 48 56 18 56 67 57 86 76 50 29 78 38 88 43 26 33 35 87 0 50 62 96 10 86 51 74 77 72 35 26 68 24 24 55
52 41 74 55 98 4 77 25 92 52 44 92 91 0 15 15 68 38 2 39 72 27 63 33 19 93 67 90 43 7 25 93 3 67 90 88 67 21 45 47 5 37 30 58 31 91 3 2 69 93 96 23 39 40 35 26 67 4 57 86 16 67 79 100 7 72 35 7 1 57 4 85 82 21 17 83 73 99 83 51 97 81 17 32 78 69 50 24 57 52 31 100 26 4 98 85 97 77 15 18 82 19 88 10 84 0 21 23 50 82 25 83 31 31 37 72 30 68 41 36 68 58 0 18 90 87 68 17 76 49 58 18 19 98 2 31 88 38 82 14 4 82 73 19 12 92 71 78 27 24
13 10 52 17 23 58 38 71 65 17 82 53 63 8 0 10 23 22 13 1 67 89 36 39 44 91 64 83 69 68 36 68 53 90 41 59 97 71 39 5 2 40 5 64 5 8 72 87 23 85 10 6 97 76 80 5 59 33 88 63 22 49 47 52 64 18 48 16 30 7 73 3 50 45 100 0 30 20 59 2 55 50 17 25 40 45 85 22 22 0 71 15 79 71 87 33 82 34 39 47 39 64 30 67 47 34 93 26 20 6 78 17 71 44 69 80 59 5 26 43 96 23 77 83 33 61 32 29 3 39 11 36 54 32 79 3 75 32 5 8 82 60 51 23 14 63 11 34 62 87
40 9 82 88 5 13 100 5 34 59 23 83 94 42 48 0 56 75 3 36 31 66 78 46 92 79 52 2 27 62 64 58 46 64 13 82 46 76 55 74 77 13 34 28 16 2 59 46 85 81 14 9 15 48 17 31 81 33 11 80 89 76 70 83 70 75 66 54 73 28 39 18 55 22 66 44 87 38 23 49 28 72 29 11 42 93 6 44 22 12 40 70 91 29 62 11 41 53 47 8 2 57 87 6 44 88 75 7 69 18 51 92 1 68 9 45 1 61 65 14 6 81 39 64 33 6 10 44 15 40 10 85 4 73 2 74 45 20 61 34 89 35 25 83 73 43 23 77 15 1
76 84 58 84 3 11 86 38 17 65 88 64 37 95 14 17 0 91 81 67 32 71 26 23 98 53 89 35 3 35 42 60 7 90 8 66 35 5 8 5 42 37 94 92 2 8 49 50 28 85 71 45 0 52 88 12 11 31 20 92 99 8 73 39 70 69 50 53 69 36 65 25 77 79 52 68 7 43 59 84 86 92 6 11 30 5 1 65 27 96 1 76 19 6 90 54 99 89 74 36 11 80 67 45 69 84 46 93 80 83 38 100 67 9 20 91 47 17 73 73 93 100 37 81 74 59 0 87 14 63 19 39 23 5 90 0 18 99 100 10 22 15 76 37 85 14 76 22 84 55
11 77 76 44 15 35 6 74 22 100 98 62 44 56 25 98 94 0 47 88 31 34 77 77 50 96 73 31 12 66 87 87 11 7 98 19 69 67 67 39 42 0 44 66 28 92 30 72 45 81 5 10 95 68 57 47 52 89 24 42 56 66 13 33 71 0 100 11 74 19 30 55 11 74 98 25 55 42 6 94 88 28 34 28 90 37 60 19 77 85 39 31 54 42 12 9 99 16 46 71 61 38 73 42 84 7 48 71 59 69 69 18 53 84 57 29 58 58 80 56 43 90 19 52 12 79 28 26 11 23 42 12 4 66 86 40 84 47 41 95 20 53 59 17 77 23 65 14 62 31
73 98 47 33 34 55 0 26 4 48 45 98 31 27 3 5 93 10 0 47 45 87 11 47 0 62 90 3 68 85 54 58 49 59 68 56 95 90 9 65 14 21 35 91 57 89 95 76 74 93 34 51 23 35 30 91 67 53 37 18 76 91 53 2 38 67 39 86 22 43 80 14 63 100 64 2 80 51 46 22 1 98 22 33 83 54 94 70 42 63 56 48 49 87 97 62 49 38 7 20 36 57 10 51 87 49 57 97 29 19 44 45 18 89 90 90 37 24 98 82 95 26 49 71 9 38 53 1 99 27 99 61 86 9 9 33 50 45 82 55 82 10 74 40 21 31 67 81 24 89
30 39 48 16 58 17 36 64 11 22 80 90 34 41 4 16 27 23 27 0 16 23 13 13 24 58 76 86 73 47 81 10 19 27 64 71 16 28 23 74 2 36 28 100 46 2 72 86 55 81 100 92 78 37 47 64 26 52 10 3 14 19 92 62 80 8 47 83 23 40 57 23 94 75 43 67 25 4 49 62 41 52 0 75 48 11 33 82 63 42 20 1 68 22 63 53 38 51 48 15 40 7 78 18 32 28 41 85 61 84 59 26 7 82 30 41 30 84 48 76 32 0 65 84 60 68 11 55 32 39 90 75 23 82 52 9 83 2 36 62 60 86 53 54 2 18 22 44 98 43
80 54 52 67 60 70 26 2 37 100 100 90 41 89 30 56 39 70 56 25 0 27 2 29 21 36 14 4 65 43 12 63 83 73 15 46 33 47 9 88 33 75 80 42 7 54 72 77 75 59 17 42 9 2 59 49 17 37 39 65 72 95 62 65 33 29 86 59 33 5 76 28 71 40 88 60 95 22 40 19 73 78 1 46 57 50 70 7 15 37 87 8 53 19 32 97 84 96 5 98 36 7 59 53 54 54 25 86 66 5 65 20 79 93 36 78 63 85 9 87 78 26 83 68 43 68 80 31 4 78 27 82 0 81 91 36 91 13 58 75 36 24 57 33 50 77 46 7 93 18
17 20 34 54 91 54 63 76 15 9 2 54 52 78 62 31 60 36 31 80 34 0 45 15 65 48 78 83 42 8 76 7 12 36 73 78 64 64 0 81 73 45 71 39 2 34 67 3 72 36 61 96 8 43 30 96 5 17 11 32 77 22 26 24 34 98 65 42 94 71 38 19 7 96 63 86 83 4 72 71 87 44 77 90 17 5 84 45 63 17 52 7 12 41 57 100 98 19 17 80 34 84 13 23 26 7 5 43 92 98 12 68 17 36 5 90 32 16 5 50 48 1 50 5 95 34 2 91 39 44 81 96 66 32 88 51 12 4 100 11 82 50 71 58 0 29 70 77 56 26
36 60 33 66 65 83 22 83 69 100 79 28 89 98 71 7 40 54 15 31 85 84 0 18 53 87 84 40 7 2 89 34 52 43 30 10 79 6 36 24 45 41 16 43 91 53 37 42 69 25 15 17 56 7 26 61 100 94 40 53 63 37 35 74 16 4 81 37 98 76 58 3 59 51 89 45 40 3 54 96 34 58 53 22 43 47 69 26 13 94 100 55 92 99 24 3 2 42 79 12 70 29 32 82 7 32 42 7 22 24 21 22 15 96 64 39 52 30 4 39 86 12 20 73 65 19 35 78 69 20 27 98 57 44 34 54 21 4 9 41 97 17 12 62 98 88 26 47 11 10
27 9 20 1 63 69 39 65 98 12 75 72 17 68 12 23 69 78 66 64 44 81 94 0 31 26 98 50 62 75 47 33 76 74 68 59 90 61 91 6 1 12 98 1 93 77 23 90 81 92 25 16 39 19 60 76 9 18 55 41 37 99 93 27 72 85 68 84 86 34 20 4 56 91 69 66 0 47 30 8 9 20 44 96 35 29 80 42 5 90 56 57 12 7 91 19 65 99 7 47 25 19 29 34 92 72 35 70 35 49 45 56 85 7 38 20 59 59 64 54 79 42 98 67 16 73 19 61 16 2 50 20 88 20 38 1 98 81 66 96 30 89 53 38 7 38 44 15 39 75
4 26 52 36 75 77 65 98 21 55 44 81 85 9 12 55 36 100 55 92 25 80 22 90 0 44 91 88 73 81 78 7 7 1 85 42 68 65 49 50 24 5 61 91 31 34 95 71 35 58 6 22 35 8 15 27 16 55 71 8 64 10 74 5 10 82 7 58 80 98 77 52 30 57 83 99 82 6 72 49 75 99 85 58 10 11 49 83 32 76 21 61 17 78 94 86 61 69 41 47 94 37 29 85 41 83 68 56 14 44 14 77 30 39 23 10 27 80 93 64 88 42 53 84 55 58 46 18 10 41 90 97 3 49 50 38 10 85 75 49 14 83 56 20 62 64 24 47 6 40
64 31 87 1 10 48 33 10 69 16 23 72 82 86 7 16 57 95 53 83 62 73 88 28 50 0 4 2 9 57 52 55 59 53 34 61 47 62 40 32 28 32 77 11 7 88 68 7 33 29 30 12 22 6 54 24 68 67 47 56 42 61 70 78 59 95 29 19 61 84 41 83 44 7 53 12 55 89 9 2 80 100 20 18 3 25 38 38 37 82 7 84 46 92 82 50 65 84 51 0 61 6 75 95 76 61 77 19 26 96 36 14 48 96 32 10 95 42 10 64 39 4 88 34 83 7 43 28 20 75 99 67 51 62 63 33 87 80 55 56 25 15 22 50 20 52 26 15 71 45
29 42 88 35 82 87 8 54 53 60 30 4 36 36 92 72 21 73 96 28 40 25 7 96 87 46 0 53 50 47 59 5 10 85 53 82 75 91 10 55 16 25 7 61 59 54 90 44 41 36 83 26 34 65 62 38 19 51 22 8 44 87 25 50 17 3 4 29 89 58 78 95 52 87 15 11 72 2 78 32 14 3 80 71 36 15 62 67 59 68 67 95 82 99 97 71 68 40 66 29 70 77 33 68 77 10 12 57 37 95 9 95 47 54 86 12 28 28 100 11 70 1 94 14 99 8 84 61 84 65 53 71 16 97 85 39 70 79 72 49 69 49 65 80 91 31 91 65 51 86
53 74 50 16 43 53 14 15 47 75 85 96 18 19 49 16 23 5 75 5 61 22 74 92 28 34 4 0 63 67 63 91 74 47 8 10 83 98 60 19 96 97 13 6 10 36 13 92 62 3 47 36 75 25 18 52 21 57 56 22 89 93 13 64 20 86 73 63 70 1 52 43 42 80 77 12 11 42 3 58 47 74 41 34 62 32 27 10 16 46 17 12 0 44 80 67 27 10 0 1 73 72 50 24 22 37 53 76 74 53 0 8 87 98 92 17 14 43 1 83 7 13 33 10 34 15 74 25 31 64 73 43 52 57 76 67 51 93 69 2 48 33 3 35 88 32 47 58 4 88
49 61 10 66 5 95 83 44 87 88 90 9 1 78 96 100 53 88 98 61 64 51 30 80 48 3 48 7 0 48 47 50 61 34 53 68 47 38 10 34 40 95 54 33 17 35 72 72 17 24 51 65 8 95 49 83 66 83 75 1 71 52 56 92 73 85 1 36 79 70 90 68 39 87 37 45 37 71 48 30 33 79 40 58 44 1 29 37 27 35 99 40 97 85 38 64 94 30 60 50 80 80 29 35 12 64 70 57 13 10 50 29 96 89 63 83 81 5 72 14 2 73 55 86 56 10 12 58 35 18 1 66 32 29 48 70 44 80 33 50 56 36 4 95 18 100 55 12 39 70
99 10 42 4 22 4 64 43 93 23 48 87 74 27 93 68 48 95 91 56 53 32 99 77 41 20 80 49 82 0 22 58 75 94 27 98 81 85 55 26 10 78 16 60 77 18 55 45 70 3 73 76 9 26 50 23 7 38 50 21 5 99 9 78 58 45 33 35 55 77 63 52 50 13 85 38 35 100 20 4 13 41 81 74 25 69 41 69 74 82 86 81 77 42 71 26 25 68 78 44 50 86 4 54 88 75 47 36 31 68 62 81 47 76 19 44 36 33 2 67 48 82 9 5 41 7 10 88 31 87 45 69 71 86 21 43 29 53 93 44 58 46 82 40 78 29 32 57 32 44
5 43 77 94 12 53 43 97 86 23 78 54 20 85 39 40 73 26 13 45 45 11 35 76 39 2 70 63 39 58 0 89 54 96 0 0 27 1 24 28 20 64 96 63 44 53 61 42 80 42 55 19 9 76 80 23 0 83 34 27 58 95 48 0 98 13 60 19 40 96 44 63 73 67 30 3 56 53 26 78 26 8 17 33 4 44 17 74 65 45 0 14 97 11 41 43 48 2 14 57 10 17 43 41 99 10 55 59 15 94 85 72 100 64 94 28 28 69 21 47 18 59 14 3 34 81 91 68 55 31 44 98 25 65 2 15 99 99 83 18 5 2 32 40 36 38 19 63 56 47
54 94 29 49 87 9 96 99 94 50 23 14 68 43 81 40 21 23 47 85 76 93 26 39 72 99 79 39 32 30 44 0 55 5 24 18 70 80 79 10 84 67 33 11 12 38 71 40 80 19 45 11 70 98 29 8 16 77 30 83 51 79 79 57 76 38 51 28 41 55 58 33 97 71 70 22 18 78 38 78 17 84 71 39 61 81 53 68 0 7 97 93 86 39 35 5 70 92 30 78 73 74 39 10 48 64 3 84 76 98 36 45 59 20 95 75 94 6 69 5 79 71 37 60 68 91 93 50 90 40 17 17 12 71 5 26 32 20 71 89 56 15 15 62 69 1 84 28 100 75
40 78 61 62 79 87 20 23 97 22 54 49 59 100 91 57 4 38 58 64 87 75 93 22 75 12 91 92 86 86 66 69 0 36 54 46 15 75 94 6 35 3 89 8 2 62 10 59 14 23 82 56 73 97 84 77 36 91 18 38 75 73 40 29 65 27 27 41 52 42 70 79 3 100 63 25 21 8 13 9 99 31 64 83 54 42 43 68 72 68 72 78 67 62 74 98 23 95 93 46 88 43 35 19 40 58 75 19 6 96 38 79 48 35 26 12 96 96 93 62 41 40 73 86 95 22 22 92 35 32 72 8 5 85 56 79 88 34 59 38 26 45 47 12 93 23 40 14 87 20
92 22 83 30 39 18 81 45 31 59 55 39 16 43 44 29 19 74 49 45 82 52 93 65 45 5 23 31 80 37 6 92 71 0 6 69 48 81 32 57 96 79 91 12 8 47 34 19 47 20 58 12 18 68 17 30 45 8 45 78 16 29 42 69 22 66 96 78 30 94 93 32 92 68 75 1 4 74 57 16 23 41 37 89 74 30 89 84 13 82 97 82 10 98 92 31 9 37 89 15 57 78 67 69 19 99 70 68 65 21 52 46 45 27 32 67 55 58 61 73 23 6 68 97 45 32 37 33 68 70 72 25 13 64 25 25 54 44 74 51 34 35 95 89 69 68 61 91 15 92
23 34 5 6 82 14 30 100 8 77 20 54 90 44 5 70 89 99 73 77 90 77 32 41 84 68 86 27 3 65 82 88 89 4 0 51 29 36 93 94 67 46 8 55 57 88 44 4 25 54 83 89 87 86 72 50 76 87 92 47 96 93 23 85 17 61 26 77 7 21 100 8 100 57 45 88 86 21 96 78 100 48 4 93 42 10 23 100 74 10 62 44 78 57 83 89 59 62 30 88 21 97 88 18 80 56 76 9 54 36 99 37 59 35 7 86 87 89 33 15 62 99 2 31 99 57 38 44 55 91 1 66 13 90 49 11 99 0 7 44 12 85 6 55 96 40 55 79 55 4
55 22 78 93 96 37 36 34 25 52 100 38 33 66 100 38 45 1 92 41 43 83 77 41 13 62 37 74 63 82 17 72 79 51 14 0 65 54 90 55 10 12 94 97 39 97 54 44 60 63 0 41 71 24 93 65 81 11 100 11 83 87 14 87 35 81 58 65 34 81 60 1 58 4 9 94 85 84 86 24 56 46 11 14 88 83 69 8 36 67 75 41 66 22 31 26 90 19 28 77 14 96 20 59 22 87 93 5 48 70 10 30 90 54 94 74 87 58 58 62 84 91 18 78 99 54 94 63 17 30 76 24 5 40 46 49 84 31 23 69 28 70 31 63 17 36 86 69 76 94
67 47 24 88 18 3 71 69 12 49 52 28 45 4 32 2 33 79 98 29 21 61 21 30 10 65 32 36 38 59 11 75 3 42 82 10 0 65 65 64 59 79 21 97 37 82 98 63 81 8 9 55 86 53 7 2 35 36 50 88 5 74 72 94 18 94 44 36 20 69 84 29 23 13 73 9 12 32 84 55 47 37 27 11 55 74 39 26 61 24 40 47 68 4 35 5 98 85 27 79 93 88 23 55 5 14 90 93 51 46 46 60 35 15 79 33 25 20 81 47 20 26 80 37 35 4 18 72 38 54 93 31 75 46 87 57 85 26 62 51 66 40 70 90 48 35 20 73 77 33
36 49 93 56 100 49 62 76 35 56 57 24 89 68 2 98 67 85 90 85 3 38 3 88 43 16 91 36 92 90 9 62 89 84 27 37 64 0 93 99 62 3 89 10 33 18 54 24 32 2 92 36 98 38 37 59 7 44 26 97 32 55 34 100 8 39 93 93 77 4 38 42 15 29 66 11 17 15 22 100 79 28 45 36 10 100 24 9 6 5 16 72 93 19 7 16 78 71 69 19 62 82 0 69 58 22 48 44 83 5 78 33 41 92 4 61 92 29 85 59 12 84 96 96 29 94 29 46 43 80 82 23 6 11 40 99 27 81 77 30 34 86 81 93 76 5 88 68 91 67
9 79 1 69 6 61 39 32 52 35 73 57 61 10 67 4 5 19 21 95 95 35 92 15 51 47 54 43 99 25 38 26 72 86 80 41 27 17 0 59 87 37 71 65 63 14 31 41 85 35 98 74 51 12 81 88 78 83 1 73 22 96 82 7 66 96 82 80 24 40 89 34 27 1 63 90 42 4 30 60 96 94 24 13 60 52 13 0 66 34 75 100 83 2 55 75 17 17 43 58 39 53 17 24 60 87 43 72 33 99 40 13 70 70 85 77 90 87 24 89 37 22 98 55 13 19 90 11 37 67 29 89 3 43 44 79 91 57 21 65 7 1 98 85 41 57 100 15 5 64
68 90 86 29 70 68 78 74 27 19 63 34 74 25 59 78 94 41 85 6 41 97 88 65 4 8 62 45 9 23 80 15 6 48 61 21 9 4 95 0 46 85 22 71 29 97 39 96 21 23 67 47 83 3 55 0 90 98 11 36 10 47 85 75 84 94 41 45 11 94 27 16 46 36 37 6 63 94 6 43 40 42 29 57 6 37 99 16 64 71 72 1 2 54 45 89 45 45 47 26 39 32 22 66 99 79 41 23 31 44 52 10 47 53 34 4 91 47 5 31 82 87 6 82 56 52 44 17 6 13 95 0 69 84 58 85 49 1 88 55 73 82 33 49 88 89 67 21 96 21
24 77 86 55 80 83 98 7 76 42 19 30 97 67 23 82 7 9 92 10 65 5 29 32 8 80 54 32 91 72 42 79 32 87 57 6 26 18 96 2 0 27 82 82 9 64 25 37 24 46 7 45 6 11 24 38 25 85 4 27 2 58 92 84 6 95 30 68 47 74 53 50 12 88 3 39 65 6 2 71 88 89 23 27 22 99 76 44 7 57 67 66 20 59 18 23 65 44 58 33 98 55 0 23 31 20 99 77 46 95 15 31 9 53 68 88 8 64 60 13 21 7 70 93 8 50 49 96 16 34 46 66 62 96 16 70 40 36 15 12 15 67 38 53 95 99 22 43 36 64
23 34 86 44 75 97 95 48 0 72 82 40 63 11 15 75 50 74 38 40 37 56 100 5 53 18 82 65 68 73 5 10 49 68 6 44 14 48 72 38 45 0 39 85 13 10 46 73 22 69 12 76 46 86 41 94 3 28 89 37 24 26 98 93 40 46 52 16 87 29 29 31 80 84 21 91 95 53 8 52 0 74 60 0 46 47 28 32 74 57 83 62 55 50 0 18 100 44 33 92 0 38 8 78 81 30 50 8 19 75 10 8 93 66 69 53 87 11 19 48 66 46 21 81 85 57 60 96 42 56 3 97 93 70 94 10 17 89 8 61 3 79 37 16 36 11 23 7 87 91
59 88 6 11 2 27 3 44 92 17 7 55 54 10 5 24 97 21 79 68 97 61 54 47 33 39 21 65 5 56 81 50 25 56 18 30 15 69 73 74 61 99 0 46 12 18 56 48 76 9 45 21 13 28 92 94 40 26 46 100 17 65 15 20 57 73 58 47 1 30 94 99 47 87 35 5 87 97 94 54 58 77 12 42 13 62 91 45 57 64 15 84 16 47 13 88 93 47 16 22 49 38 51 6 94 18 16 59 83 49 10 71 34 10 29 82 75 3 5 78 59 35 96 37 69 41 9 49 31 94 23 87 11 87 29 44 65 100 97 16 8 10 91 76 56 57 97 55 57 41
81 5 35 64 94 14 5 6 74 42 69 79 77 94 93 7 86 77 57 75 71 7 82 38 38 41 70 98 30 84 39 9 98 67 73 0 5 63 89 26 46 62 4 0 69 89 33 78 88 73 93 92 18 89 42 42 92 53 60 62 51 23 34 21 73 65 73 53 86 70 72 39 96 81 31 74 13 65 18 36 97 72 70 23 11 57 47 97 27 54 61 37 44 81 68 82 97 90 64 40 57 30 34 75 47 42 22 81 4 21 37 22 24 2 84 99 83 82 35 100 97 11 2 80 78 24 79 49 62 29 0 43 54 6 55 21 65 90 44 92 26 51 53 21 46 47 22 32 45 28
7 14 53 12 48 46 84 41 11 7 62 24 56 16 42 14 12 100 46 37 48 100 70 32 78 24 82 58 96 76 46 44 27 90 40 50 85 57 57 49 12 48 24 61 0 83 75 63 68 5 52 26 50 30 64 70 24 39 75 1 57 67 35 20 68 68 14 42 1 97 48 26 39 42 54 82 36 53 13 10 45 59 100 38 3 60 97 76 56 70 49 44 2 53 10 99 72 79 49 45 100 96 65 18 68 2 55 14 71 32 54 85 43 24 80 42 22 76 42 78 41 11 30 69 64 47 19 33 11 82 75 23 28 5 80 79 98 85 26 80 36 77 48 8 18 70 3 95 31 23
66 5 13 91 89 65 69 55 77 93 91 76 92 96 86 73 91 23 8 19 98 96 76 11 6 15 29 81 10 33 36 4 6 14 47 84 80 99 26 35 20 65 38 67 85 0 43 61 26 2 22 34 80 80 8 82 52 64 42 70 80 93 76 46 44 5 1 46 19 37 57 97 29 16 71 5 86 10 11 69 41 41 32 84 69 21 10 84 34 67 20 29 8 45 20 7 66 70 4 14 18 50 62 0 72 45 74 44 63 6 72 74 5 62 29 8 5 51 34 75 6 16 94 56 77 50 77 92 6 14 9 19 49 54 65 36 57 19 63 35 62 6 66 73 55 49 36 31 85 89
100 76 49 60 4 0 92 30 48 72 50 37 65 78 68 39 99 81 38 0 79 63 62 0 69 36 85 4 10 11 31 17 24 5 10 51 67 22 36 50 19 7 46 55 68 100 0 56 1 38 38 63 56 63 40 44 42 36 16 58 41 82 27 86 53 16 51 1 47 79 20 87 75 41 45 3 39 65 30 88 52 44 99 87 52 4 88 82 48 61 25 52 44 72 95 18 28 63 35 76 37 72 99 97 68 13 38 62 66 79 84 71 55 61 31 80 39 91 65 44 32 94 63 93 74 5 56 92 91 66 74 95 0 44 81 53 34 9 60 10 36 82 95 21 27 0 9 86 58 35
17 100 32 20 55 90 9 20 99 50 32 25 85 49 30 85 31 81 12 27 71 30 10 14 57 72 53 50 44 37 82 83 10 57 44 63 67 70 78 73 30 96 13 32 84 9 59 0 100 42 16 30 39 60 46 84 67 61 93 89 58 11 54 95 93 76 39 45 77 76 20 25 97 60 96 72 97 4 75 31 31 2 56 54 68 80 88 38 100 36 73 83 81 33 21 98 82 48 80 18 39 71 53 7 57 11 83 74 96 6 15 84 27 24 85 73 96 81 85 44 74 66 73 51 19 45 16 22 93 75 44 61 73 43 61 54 12 71 76 93 14 99 57 65 36 96 2 84 97 53
36 56 78 35 69 36 17 30 5 45 86 58 8 4 86 3 85 51 44 4 76 81 54 44 99 34 27 58 37 31 73 25 85 61 37 90 80 79 51 97 36 33 83 77 2 12 71 66 0 82 63 16 53 66 28 62 60 61 4 76 46 5 56 48 92 100 86 8 51 38 32 78 58 92 93 95 98 3 20 36 45 36 62 28 94 21 97 61 40 6 67 23 63 19 17 97 14 24 81 46 38 44 1 72 13 7 75 58 79 57 11 87 37 75 33 25 43 64 24 15 50 3 53 24 46 2 0 90 4 20 95 43 96 97 31 66 100 31 91 49 63 76 92 14 85 75 40 100 21 0
38 99 66 87 54 95 25 63 100 7 30 52 69 84 76 58 64 61 42 29 22 48 67 82 64 16 48 79 67 94 49 69 19 0 94 37 55 40 53 32 89 54 97 82 63 93 82 46 91 0 73 57 63 59 18 53 39 38 51 26 53 27 92 80 44 99 43 45 42 39 0 35 81 13 42 34 90 90 90 10 18 48 48 3 18 28 98 14 80 50 44 13 94 58 67 85 82 60 42 3 35 34 53 57 93 91 96 43 61 36 87 61 49 9 68 57 22 36 41 16 21 20 9 64 36 3 42 86 7 80 12 2 50 33 47 12 9 59 28 98 92 28 10 28 13 52 24 29 72 51
48 8 5 32 1 61 24 1 100 23 61 67 36 19 19 62 47 94 94 56 11 73 65 71 71 12 28 33 82 44 55 82 95 41 72 11 32 24 25 63 25 14 97 24 37 32 73 48 63 69 0 82 5 98 30 7 33 58 12 100 10 16 13 79 35 40 45 42 12 0 56 13 60 48 63 99 28 91 73 25 46 34 90 20 46 29 13 44 23 41 7 100 75 59 12 70 5 65 55 16 89 66 89 18 100 42 20 93 21 14 19 92 2 97 76 9 4 43 36 70 13 42 96 51 63 28 79 61 69 11 47 13 59 71 61 100 94 73 82 0 35 54 78 16 1 54 7 90 40 58
23 59 39 68 58 24 42 24 8 50 87 4 50 93 59 52 60 65 97 35 51 18 72 35 68 99 34 20 1 10 87 9 93 1 42 81 44 57 98 81 87 41 13 18 81 84 34 44 30 80 1 0 14 58 58 92 59 11 42 34 28 97 99 56 75 45 63 34 27 92 33 98 62 4 58 82 82 19 19 9 97 26 8 58 55 69 23 59 36 4 96 25 85 71 99 20 6 12 16 22 40 42 78 88 71 67 42 37 71 6 16 42 18 36 22 70 31 4 23 48 16 89 17 96 71 99 31 39 5 78 18 1 79 35 23 13 7 10 6 76 11 63 90 71 14 50 59 58 0 32
3 47 80 95 14 11 50 70 70 99 96 29 44 40 28 48 8 27 27 62 18 76 5 67 78 76 55 77 20 68 6 15 39 16 53 44 29 85 80 18 66 31 29 11 35 34 20 14 73 94 51 29 0 29 24 55 92 31 63 36 67 13 3 93 68 66 91 17 31 61 12 53 2 71 57 42 25 86 8 11 39 88 35 75 73 75 39 41 41 3 74 21 93 73 79 50 49 90 45 56 29 2 7 88 99 54 82 9 12 53 92 36 93 3 33 55 85 16 21 88 38 87 72 80 16 16 8 51 40 16 42 60 82 51 49 34 97 62 62 54 88 3 62 65 10 4 61 43 32 87
94 100 21 81 53 28 53 98 44 72 81 94 16 58 32 7 46 76 88 1 46 62 42 82 51 92 11 51 94 46 45 46 88 11 33 4 58 49 75 62 51 4 13 40 63 90 83 21 23 22 41 15 9 0 71 93 68 38 80 4 1 79 85 74 100 54 80 98 96 61 5 69 31 55 61 56 40 48 23 23 62 83 70 44 38 100 87 35 90 48 73 70 10 46 61 46 12 3 93 1 30 31 46 100 39 23 33 56 26 45 71 48 25 92 4 4 19 21 38 42 65 83 81 73 71 59 17 88 94 45 67 18 39 15 59 96 72 74 24 53 83 67 77 18 100 19 8 86 34 29
15 64 71 47 26 95 57 26 47 18 80 81 68 76 47 10 70 62 42 53 49 89 96 94 30 8 44 60 3 26 6 78 48 39 40 42 17 71 67 40 66 8 52 46 66 71 46 77 97 84 23 58 54 95 0 61 87 30 100 75 96 94 46 19 71 87 71 50 97 31 100 74 68 41 53 71 27 87 9 61 53 23 17 50 67 85 54 96 55 95 46 54 14 74 9 1 96 5 92 34 99 27 47 6 53 46 88 48 91 49 15 91 58 55 4 66 96 24 51 62 95 15 40 30 58 39 51 32 29 57 71 28 43 55 89 73 80 48 99 24 6 96 33 18 80 66 88 69 81 18
91 87 23 82 56 98 59 51 49 80 46 52 82 87 32 19 15 21 46 20 50 7 90 90 59 30 18 81 89 24 99 53 85 20 25 0 81 6 52 90 41 67 83 17 36 63 85 12 33 94 31 56 76 29 97 0 30 16 58 10 83 45 67 96 42 39 64 95 62 32 90 4 5 6 89 3 25 45 67 58 93 9 63 77 81 38 0 43 53 82 24 25 93 59 85 67 30 0 37 48 83 74 29 31 23 0 46 66 92 85 45 25 42 92 58 94 96 30 56 42 9 7 33 73 85 40 50 78 95 64 11 66 19 64 23 2 8 18 85 15 68 94 55 79 59 56 38 53 94 5
90 41 80 31 16 14 75 13 61 3 57 63 23 93 15 40 32 91 96 1 25 17 77 50 61 53 30 34 30 1 11 28 64 16 27 65 98 86 31 69 88 33 78 29 31 76 82 63 93 25 90 21 43 76 0 35 0 9 83 4 10 43 96 4 19 99 51 11 54 40 59 71 25 42 93 63 11 60 21 4 88 14 42 78 21 75 43 54 89 40 44 19 50 58 3 93 20 69 78 67 13 61 86 8 65 72 66 58 76 55 35 53 64 99 63 97 19 82 23 62 81 55 79 2 75 6 41 38 55 26 66 71 77 19 36 56 90 49 38 57 45 29 84 0 8 46 11 2 24 21
49 63 60 67 55 22 75 74 61 97 20 46 28 84 11 54 96 72 85 71 17 84 77 65 87 31 82 65 43 68 64 93 90 79 16 82 32 95 83 31 95 59 4 9 94 69 96 32 64 48 17 57 72 83 0 63 73 0 67 57 73 30 46 33 3 78 0 59 32 25 82 44 33 47 59 54 38 59 1 13 49 98 71 95 1 40 37 20 58 60 66 14 99 23 64 21 61 81 71 23 3 36 88 40 29 97 87 23 59 23 67 38 49 64 95 92 40 63 19 60 97 46 98 88 67 10 61 45 97 32 97 79 77 96 58 38 87 96 7 63 86 24 77 31 66 94 77 38 18 93
53 48 80 2 76 96 59 47 21 4 3 54 48 51 0 59 32 69 50 39 34 18 77 46 85 4 43 47 47 95 82 48 88 92 56 37 65 19 2 46 95 69 64 6 55 65 33 21 20 94 14 31 60 62 9 11 84 69 0 18 77 63 95 51 70 12 34 1 15 57 10 93 8 60 44 97 74 50 15 85 91 35 11 61 13 49 92 8 43 62 32 44 92 7 86 39 35 69 5 80 24 42 20 35 70 46 63 42 9 55 6 18 96 73 98 75 67 17 67 87 56 3 89 2 13 46 64 77 71 20 25 45 86 94 89 78 99 14 39 58 48 92 31 45 41 71 81 26 29 40
36 55 83 70 59 23 77 87 81 16 80 38 79 87 91 35 66 47 3 73 92 36 14 78 75 49 66 50 29 98 74 59 63 19 8 58 52 24 12 78 65 14 51 63 87 4 86 83 66 10 77 64 53 6 1 72 50 24 89 0 54 2 67 54 13 76 60 24 21 11 99 98 12 48 39 75 19 94 33 17 84 63 61 41 94 95 46 54 56 98 89 15 40 11 25 21 96 54 1 87 12 59 3 19 19 69 10 33 87 89 74 85 7 60 40 10 29 90 59 8 39 1 74 3 18 33 88 17 66 82 44 75 100 26 21 65 42 49 82 34 4 51 10 89 4 66 24 4 17 92
100 64 58 41 70 69 67 37 79 15 6 85 36 85 78 44 46 51 79 11 90 63 85 58 56 35 98 40 74 17 6 94 81 39 76 53 34 60 41 18 40 93 71 10 35 73 78 97 2 72 80 26 35 56 26 16 69 59 2 48 0 62 24 9 32 2 13 64 42 64 69 98 36 56 9 80 53 48 82 57 60 82 41 44 64 3 6 11 34 24 56 44 31 9 22 62 10 38 36 47 16 37 21 75 9 77 1 66 52 53 29 5 56 79 29 90 78 56 7 73 92 26 62 31 30 75 97 68 68 8 12 44 41 18 50 95 39 80 94 33 11 54 41 56 82 50 37 79 79 74
4 25 97 0 5 94 50 50 46 82 23 40 95 27 7 96 28 5 19 79 90 91 94 28 32 66 27 57 44 71 74 20 68 85 54 60 84 61 56 10 25 2 47 58 82 98 1 90 16 77 55 34 86 10 66 2 2 74 99 99 2 0 13 6 34 71 31 19 27 21 93 90 22 18 71 87 37 71 14 8 89 0 61 29 38 77 45 19 60 49 86 73 97 93 64 40 41 84 62 30 83 5 49 12 54 97 42 50 32 14 4 16 97 20 77 59 5 48 89 86 65 59 9 13 0 3 64 80 85 40 28 42 40 3 41 59 34 17 30 92 70 28 30 42 44 60 12 89 95 62
47 96 53 81 60 82 43 61 44 3 100 10 44 57 45 39 79 90 16 60 21 5 59 5 68 63 81 89 36 88 9 48 45 30 49 72 75 52 97 16 76 53 47 73 65 72 44 27 75 89 79 56 73 49 70 5 9 60 73 30 97 9 0 74 88 97 15 27 42 87 24 92 34 95 42 71 21 2 6 82 96 72 76 13 15 5 88 13 96 61 37 62 54 93 80 99 46 52 81 43 28 99 44 74 29 82 76 53 92 53 46 10 21 65 79 91 20 86 86 36 61 44 98 2 60 35 26 9 17 28 11 80 58 76 25 25 72 55 45 15 67 15 85 41 96 0 58 29 14 76
2 4 85 74 67 72 8 28 84 77 39 44 55 11 38 85 43 49 5 47 38 62 94 71 60 84 93 37 28 95 87 39 9 27 65 63 54 22 4 8 54 38 19 45 61 50 93 66 5 23 31 7 32 48 75 38 35 57 9 84 27 36 67 0 15 82 23 43 59 89 96 85 36 89 38 39 48 59 78 75 40 94 69 24 43 50 72 83 98 54 40 93 97 48 84 12 63 94 58 24 79 18 48 10 88 97 57 68 93 36 85 16 53 13 4 60 32 100 56 97 2 70 75 64 80 56 4 73 95 99 53 50 50 45 75 91 20 38 23 82 90 96 15 94 93 36 60 82 10 36
65 11 63 26 1 71 80 11 30 75 79 27 27 95 4 34 19 58 40 69 22 87 69 83 17 81 43 62 63 52 83 56 46 64 28 22 12 23 14 72 56 87 43 63 0 14 24 53 60 75 69 72 35 97 57 11 85 40 4 28 48 10 58 52 0 46 87 85 58 55 35 9 14 22 94 0 70 84 78 43 100 84 93 63 21 68 89 61 75 98 65 64 76 48 14 33 12 18 62 85 37 5 32 29 10 62 67 74 38 64 96 7 85 68 28 11 43 87 44 27 49 96 58 34 32 48 16 53 4 19 38 74 72 87 62 9 67 86 58 54 99 82 100 33 42 78 82 96 76 18
89 40 81 63 13 16 73 79 61 57 86 34 67 58 86 6 25 14 66 69 94 26 28 100 21 27 43 81 32 82 68 74 0 81 95 89 0 29 15 19 43 48 77 95 75 76 72 53 30 26 4 38 34 41 22 76 19 2 22 55 38 93 37 10 82 0 5 32 34 0 59 51 49 52 32 26 87 17 63 46 14 95 19 46 87 36 35 28 72 4 78 53 57 5 65 21 41 48 52 61 88 26 61 97 8 15 20 48 37 98 26 11 68 44 45 35 41 97 42 98 57 3 90 43 5 89 64 83 47 60 64 7 44 35 11 25 31 43 65 54 30 3 60 24 94 24 78 11 62 88
12 91 59 1 86 97 78 71 64 41 79 36 32 56 24 52 15 6 24 76 54 86 70 76 27 55 81 54 64 24 53 64 12 52 57 45 37 1 35 14 16 90 84 100 82 10 56 13 52 5 3 83 27 9 12 55 100 54 70 27 70 88 34 42 4 77 0 74 33 72 2 78 68 10 93 62 55 86 34 36 1 5 5 51 74 26 28 48 55 18 46 37 21 51 18 52 51 90 88 38 62 36 59 55 83 7 92 42 69 67 96 33 62 78 94 14 43 21 74 70 8 7 82 54 85 3 64 62 55 62 70 9 42 15 2 6 21 77 56 13 31 51 24 42 9 48 56 7 15 67
25 70 6 39 99 6 12 57 69 56 55 80 45 36 65 98 68 15 64 76 48 4 9 80 85 19 80 30 76 30 19 22 54 72 57 59 52 17 64 51 68 73 77 93 81 59 70 91 5 57 54 41 88 61 68 2 45 97 72 0 97 20 52 33 7 24 51 0 85 30 55 92 41 41 86 25 66 94 39 76 5 35 91 54 30 94 20 55 86 27 22 25 46 93 7 46 42 8 31 40 53 91 51 76 67 97 16 60 24 54 10 5 11 25 71 44 69 71 34 96 71 34 9 58 46 66 60 98 57 45 24 73 71 61 27 76 88 46 50 30 53 19 23 42 100 30 35 27 12 65
25 90 47 40 31 7 48 87 43 51 67 22 79 81 57 10 0 54 96 16 8 29 81 3 35 90 83 41 87 51 89 58 38 53 15 28 95 42 53 83 74 4 33 51 85 33 44 22 50 22 73 86 35 22 59 100 54 18 89 81 30 19 37 63 82 18 97 21 0 59 7 92 15 22 8 87 36 96 77 87 96 28 11 67 74 15 74 41 40 35 52 27 55 2 21 4 35 45 74 93 68 0 85 62 63 45 16 86 87 28 3 80 3 5 32 24 64 44 98 21 91 79 34 36 7 99 79 50 87 6 39 31 63 13 85 24 72 17 62 89 51 86 22 65 65 21 18 44 75 57
0 59 21 87 24 77 88 72 31 89 83 39 71 88 25 81 71 51 13 56 77 82 41 57 77 0 49 39 66 4 88 97 79 80 73 45 20 87 52 84 48 28 0 36 27 35 52 55 4 79 10 62 41 33 80 88 11 2 81 61 32 13 54 25 1 57 50 63 26 0 28 41 74 41 97 46 34 34 99 70 89 99 99 26 93 28 60 35 85 70 80 58 49 38 30 73 29 95 57 98 6 15 93 55 12 48 1 95 21 9 12 82 42 48 96 31 84 34 99 61 9 22 3 71 3 43 22 83 53 93 97 59 95 89 25 61 31 70 51 53 62 63 44 59 62 38 54 87 41 28
56 30 51 59 99 18 11 67 12 46 57 33 86 44 51 17 41 30 68 96 67 92 88 64 43 86 63 89 8 3 64 61 84 17 9 45 12 86 88 89 13 85 89 50 72 82 41 46 12 14 39 87 35 35 51 34 96 70 16 18 66 50 41 27 74 48 67 56 97 46 0 81 67 50 35 28 52 55 39 2 34 84 60 35 61 31 70 75 50 69 90 85 16 74 15 77 25 93 67 62 43 99 84 28 37 72 55 95 65 11 41 17 72 41 12 68 0 100 30 59 12 27 22 51 52 24 48 49 70 5 66 44 76 7 32 12 51 61 32 36 48 41 88 89 97 92 8 34 69 93
53 35 8 20 10 62 85 32 23 37 55 79 20 55 75 72 79 80 82 57 20 35 91 6 94 99 85 92 99 88 6 91 58 34 87 62 83 7 57 48 44 78 87 54 96 28 39 72 80 84 7 72 74 18 22 42 84 7 74 0 99 49 100 42 43 9 73 44 40 31 62 0 96 3 49 90 31 64 7 15 36 81 0 25 74 83 22 46 29 83 43 65 58 82 15 68 34 100 39 39 51 15 89 3 37 46 25 19 10 25 70 1 5 0 17 54 12 35 74 43 59 2 21 77 44 0 59 31 59 21 74 54 48 23 53 8 97 4 0 66 28 49 81 70 67 14 82 18 42 9
49 58 62 83 58 2 99 92 31 72 18 9 43 69 58 53 58 59 78 86 72 43 70 63 71 66 93 47 10 34 35 55 82 70 84 69 43 14 56 76 32 83 62 26 38 92 28 42 53 96 16 57 3 75 20 49 70 41 34 94 99 52 88 86 71 78 95 33 18 94 6 88 0 28 5 72 2 40 63 93 19 93 1 34 64 57 25 34 33 50 11 20 96 15 96 94 85 34 17 94 0 57 13 48 22 1 39 2 56 45 92 89 25 84 72 97 6 93 25 19 97 14 43 30 20 39 94 28 60 77 5 0 4 66 52 11 27 43 63 13 42 7 46 38 41 61 100 48 2 10
57 84 43 99 16 89 68 92 51 45 19 15 85 1 71 11 34 41 34 25 56 72 43 14 88 32 4 33 97 16 33 81 98 68 86 23 63 66 83 38 46 96 78 89 98 28 64 92 58 19 36 13 49 13 26 3 73 33 98 17 94 77 72 21 24 56 62 77 96 96 79 98 45 0 99 37 15 74 93 58 15 69 5 85 98 43 61 17 5 14 58 4 75 48 35 32 82 4 93 4 5 81 89 70 62 12 63 70 45 15 55 45 65 7 20 83 70 85 61 50 78 94 29 86 64 4 50 18 33 25 66 11 54 55 93 16 79 24 62 17 29 76 38 6 76 78 9 6 21 25
27 53 34 54 73 97 74 11 7 96 94 64 18 13 15 40 97 68 81 2 96 6 49 44 14 67 61 80 86 81 86 6 95 46 25 5 96 31 9 30 30 98 78 55 11 68 4 8 29 85 17 34 45 14 66 64 62 35 61 27 35 33 16 50 51 56 59 24 98 47 37 97 44 29 0 6 31 13 68 0 15 41 55 89 96 9 78 63 63 50 96 64 44 93 29 63 31 73 93 64 73 96 99 82 17 37 66 60 95 65 82 66 75 40 25 7 93 29 58 24 10 90 87 65 28 38 70 61 83 57 46 61 86 58 74 10 12 20 66 62 0 63 49 97 66 99 62 20 38 54
11 0 92 30 67 85 12 57 18 51 19 29 50 59 71 37 62 12 55 38 83 7 56 57 6 32 53 7 0 66 61 96 98 47 11 43 19 23 5 91 16 76 27 95 35 11 73 73 59 47 77 81 98 93 81 93 58 6 24 1 65 26 13 84 62 31 14 23 85 65 44 51 73 67 52 0 71 60 71 48 52 39 85 28 66 37 20 51 55 95 14 17 76 63 87 3 37 78 62 98 83 57 62 39 98 46 18 3 21 90 95 12 88 27 64 9 30 42 32 53 2 26 29 37 95 79 43 57 47 18 86 69 46 0 100 71 16 59 92 16 53 9 9 30 64 15 96 8 3 21
52 62 22 60 10 56 9 60 25 4 95 52 34 81 91 59 92 61 78 85 99 34 47 85 37 27 18 62 25 43 67 75 68 17 78 47 30 40 92 100 87 53 97 86 25 70 98 53 3 68 13 93 63 40 44 28 65 16 6 97 59 13 58 1 88 42 48 55 66 2 28 73 16 84 6 32 0 57 76 18 4 30 37 24 85 53 83 3 18 100 30 43 16 24 34 85 82 47 62 8 100 70 93 77 25 99 39 94 62 97 47 3 85 9 78 71 85 71 78 67 92 95 52 71 25 47 91 35 69 86 100 43 12 7 4 9 34 58 20 87 18 94 92 100 77 81 52 71 25 70
77 61 59 80 40 13 76 83 30 58 24 85 51 92 11 67 84 49 27 17 15 80 35 40 33 1 72 56 71 94 16 65 53 47 16 100 26 98 9 43 65 81 89 73 22 68 35 0 46 80 7 86 26 39 21 18 60 0 90 44 9 71 62 66 34 87 32 32 39 16 100 32 85 68 23 49 63 0 82 25 87 68 56 8 67 83 89 64 91 0 66 31 51 37 51 7 55 74 33 5 67 20 33 74 22 92 63 95 9 11 82 58 99 49 24 15 70 28 47 79 21 69 3 79 93 92 82 31 76 80 11 85 48 4 40 35 55 53 10 25 35 100 48 93 2 86 49 32 16 26
57 65 10 98 9 54 14 15 100 90 80 97 76 92 77 22 20 75 11 18 20 0 37 46 10 69 41 33 32 11 88 46 77 70 96 68 83 53 52 63 7 99 74 9 7 60 11 72 88 49 98 89 0 30 11 33 88 50 70 1 95 70 7 92 0 55 14 96 42 91 46 22 28 41 90 83 98 76 0 90 19 50 52 2 95 5 70 73 4 98 97 9 84 10 55 16 51 84 86 19 27 43 53 42 60 56 61 70 53 5 49 78 45 41 72 12 0 36 65 34 58 58 86 5 27 17 71 78 40 95 6 51 35 29 100 82 31 60 18 55 13 89 52 40 73 54 45 73 26 41
52 29 94 19 44 98 44 80 83 65 64 80 15 46 12 67 3 33 90 97 64 0 44 14 40 93 73 87 59 63 92 94 24 70 38 58 62 52 60 97 29 21 99 44 52 81 92 31 8 98 99 72 34 46 71 2 56 9 33 28 5 12 15 41 68 55 68 87 23 72 27 61 68 47 22 54 15 39 85 0 60 68 46 79 7 9 8 91 15 45 13 87 28 14 53 20 6 74 0 97 63 21 30 65 80 41 19 57 44 68 80 0 68 30 68 96 92 41 47 61 70 58 38 58 98 2 78 1 73 17 29 37 7 97 32 80 46 98 9 72 18 44 52 72 92 27 97 56 49 19
89 16 60 81 63 28 23 53 44 74 66 88 66 25 65 91 36 18 91 75 58 43 21 96 13 67 88 48 15 60 79 23 69 75 39 31 5 16 33 56 67 72 0 62 84 63 29 55 42 61 88 19 81 91 100 85 87 55 72 81 55 15 56 30 28 16 36 71 63 52 78 95 70 7 65 18 54 32 82 66 0 15 11 8 82 63 82 93 15 7 26 46 8 20 94 37 41 86 20 40 71 36 23 46 91 38 67 52 72 61 8 2 16 63 36 33 36 15 14 54 24 60 48 32 35 25 98 32 32 94 22 46 81 50 41 44 9 99 84 79 35 9 32 8 3 45 20 34 93 44
20 2 70 11 35 46 80 41 22 78 36 93 34 30 23 65 15 82 52 79 9 100 12 11 45 67 61 6 56 75 75 85 15 59 99 99 8 25 69 41 10 24 64 71 41 25 3 5 57 56 97 24 97 21 38 96 57 4 91 20 73 27 7 63 16 70 77 54 10 0 70 23 35 45 93 24 41 98 3 30 34 0 89 7 43 66 27 57 24 52 59 80 19 48 0 64 79 86 83 5 99 39 93 63 69 71 19 8 46 94 88 34 0 84 22 61 14 18 14 94 93 91 99 16 55 14 78 13 22 76 90 96 20 71 32 75 61 50 67 10 13 91 55 89 43 52 21 69 41 63
45 39 70 12 82 59 86 60 78 89 62 80 1 79 78 64 60 6 83 22 46 49 11 29 61 53 57 4 38 52 26 88 54 19 50 12 92 91 60 15 38 11 13 19 24 36 46 40 85 22 98 17 25 7 52 90 19 39 25 62 90 46 16 16 64 74 45 32 1 40 66 65 91 98 87 49 66 30 18 31 42 56 0 34 70 29 11 29 7 24 20 23 11 89 83 89 42 54 1 94 31 19 89 60 42 47 80 42 65 5 96 54 77 27 30 82 44 61 72 63 77 4 29 27 72 53 9 93 81 75 72 11 84 12 63 16 38 12 68 10 55 7 18 60 37 31 46 88 61 64
64 44 96 73 99 51 71 68 64 2 25 96 55 100 43 27 30 59 64 32 96 32 16 37 42 74 67 53 73 52 32 59 11 96 5 89 61 64 68 80 8 50 73 93 55 41 13 96 87 18 58 90 63 94 31 12 63 2 69 66 99 82 86 18 40 79 50 63 47 52 0 82 57 68 11 59 48 18 33 15 41 17 56 0 44 91 64 77 53 84 5 6 14 13 7 38 70 35 86 40 22 62 28 75 13 78 96 43 15 93 43 37 43 4 34 53 71 82 78 27 12 37 43 12 14 35 20 9 44 47 67 11 9 86 2 24 89 0 62 14 79 10 11 66 49 54 90 87 71 24
28 10 61 18 46 47 35 65 94 4 23 32 52 84 16 42 93 81 25 77 89 21 82 20 14 62 92 73 72 50 55 87 85 51 9 69 80 41 98 86 15 71 84 81 35 51 87 46 64 22 98 13 74 62 57 2 62 92 57 77 33 40 53 59 57 71 62 84 13 1 35 21 33 61 75 25 84 28 82 91 88 53 55 71 0 46 98 46 97 79 10 67 83 38 45 5 73 53 93 96 19 6 47 92 68 70 94 7 68 100 91 2 58 39 59 2 32 88 66 41 1 98 42 85 39 29 100 26 69 49 45 75 84 46 19 79 4 60 47 70 62 59 22 85 43 88 0 99 86 79
13 70 78 27 83 37 7 11 23 47 14 44 45 97 84 96 79 59 3 8 55 95 62 21 66 16 13 60 46 12 89 72 2 5 13 14 74 1 0 56 67 40 27 53 24 3 81 9 53 97 50 12 5 57 20 68 95 80 90 68 69 13 71 87 81 76 60 79 52 20 42 80 79 6 79 88 9 11 23 44 86 22 91 81 67 0 47 28 18 52 16 78 60 40 87 14 57 59 94 19 43 42 95 32 57 30 81 11 62 14 89 38 95 76 47 20 54 71 87 57 85 8 58 57 33 69 45 78 63 77 57 28 46 87 50 83 74 86 92 97 17 54 62 27 98 31 80 54 29 48
83 25 4 97 47 18 26 17 63 80 52 53 94 92 57 30 5 82 2 34 63 51 5 77 31 28 47 92 71 3 9 41 20 42 6 77 60 31 70 37 69 100 62 97 59 6 72 42 27 42 24 40 55 93 53 62 49 67 46 37 74 66 85 22 49 13 95 91 35 10 59 41 38 15 64 99 27 7 88 29 74 50 93 86 4 6 0 99 43 89 84 85 18 15 58 59 53 58 78 64 67 24 75 66 35 15 28 17 92 52 15 39 80 86 7 16 54 69 69 34 55 32 1 57 13 60 36 44 17 94 19 85 0 63 79 82 61 12 89 84 99 60 60 57 75 84 12 61 63 46
88 66 81 65 54 62 40 39 83 1 68 0 21 60 81 39 79 90 28 11 28 36 7 87 49 69 88 31 68 59 12 11 84 59 26 0 78 51 54 21 9 62 41 54 65 8 19 82 48 84 99 71 85 81 21 1 26 67 68 24 9 92 70 43 40 95 10 99 48 2 36 8 8 47 29 48 70 64 60 22 96 59 81 45 31 9 12 0 93 86 82 28 15 46 46 86 5 87 31 0 19 50 90 81 16 28 38 43 44 39 20 92 8 31 69 61 10 59 30 13 57 82 50 51 63 53 44 0 73 49 7 42 59 57 41 5 17 17 53 75 34 34 30 85 71 33 33 27 87 49
6 7 27 16 77 4 12 50 94 60 28 77 79 99 73 33 40 89 97 97 1 73 56 8 24 5 79 38 47 21 81 55 30 76 94 98 37 95 17 67 33 74 9 56 5 54 81 5 11 0 99 23 59 48 87 39 76 38 37 97 77 3 42 19 51 63 24 39 38 44 20 77 20 25 19 3 11 17 44 68 77 52 93 25 12 12 98 94 0 50 46 57 94 42 37 96 72 99 51 100 81 69 56 40 97 84 14 56 72 30 14 68 60 35 47 82 86 73 25 44 31 53 80 82 39 77 98 22 48 69 43 86 43 10 64 76 81 81 44 95 33 81 77 21 23 45 52 30 49 53
39 57 38 80 89 88 43 11 83 0 14 53 54 63 37 97 82 86 78 18 10 7 80 38 2 87 36 40 88 90 50 17 78 57 4 64 16 61 21 57 99 53 24 74 90 1 55 48 30 36 39 46 7 46 60 73 82 13 62 63 44 84 42 13 12 11 10 23 20 11 78 25 98 0 36 95 56 13 50 48 52 72 52 82 23 99 88 66 6 0 56 23 27 69 79 84 32 17 48 54 76 92 52 77 6 88 49 86 23 96 50 14 13 44 57 46 78 66 32 88 42 81 98 83 76 68 40 77 68 84 10 5 78 90 4 77 95 99 19 93 32 17 63 9 71 59 73 12 60 86
10 31 29 5 76 69 31 26 0 45 74 28 25 16 47 43 54 23 87 48 17 68 65 53 86 79 67 8 94 86 15 81 98 19 50 45 98 75 45 43 76 73 89 9 63 85 78 54 29 97 13 43 63 95 38 39 10 78 1 28 7 62 23 74 46 40 14 16 47 20 52 61 35 94 2 74 91 65 99 67 59 25 43 55 61 12 43 75 32 40 0 3 67 8 65 86 40 27 38 53 8 47 76 68 80 78 40 43 75 40 6 4 73 92 49 100 83 94 50 69 51 37 1 42 54 62 30 53 56 75 88 32 29 31 36 20 85 64 79 76 13 54 44 79 55 42 67 55 4 11
47 85 41 41 28 99 90 45 35 37 33 41 48 37 46 71 99 18 14 61 13 71 10 15 80 90 29 39 22 92 58 89 51 63 78 42 30 72 95 63 55 42 83 62 19 45 85 14 15 13 23 44 3 38 33 27 78 98 1 56 51 43 4 85 12 87 92 27 22 62 59 30 89 58 72 21 57 41 50 78 4 31 88 17 92 76 11 50 36 76 82 0 53 80 85 91 62 90 6 4 93 84 24 69 88 82 24 65 59 12 46 15 36 45 2 63 0 64 27 55 9 70 91 82 57 53 31 44 8 49 56 22 58 36 13 71 15 86 96 43 51 10 92 75 0 88 36 62 29 49
67 26 69 38 48 29 55 79 63 56 96 10 88 47 99 40 76 36 30 17 26 90 27 66 19 40 13 39 89 14 73 79 90 22 0 90 60 60 39 1 38 73 11 18 22 83 77 60 36 6 44 52 21 91 84 96 12 5 64 25 86 80 11 19 11 43 62 59 36 40 70 4 95 93 50 4 50 16 67 59 33 49 1 12 18 72 13 27 46 8 18 60 0 47 81 62 5 68 70 41 45 77 17 88 50 78 9 23 73 71 80 81 69 5 79 81 44 57 39 13 65 1 61 93 51 76 19 43 10 60 56 4 93 24 20 44 83 91 36 42 18 73 14 4 23 13 4 26 27 13
41 39 9 75 96 13 7 10 79 80 26 45 7 60 49 80 66 88 79 79 49 30 96 43 89 67 26 12 61 62 50 98 37 78 38 64 23 89 84 13 52 69 7 79 70 53 20 90 45 52 95 18 92 84 89 84 75 5 58 75 20 43 86 65 24 36 18 60 86 61 84 33 81 84 77 95 54 48 8 85 29 51 99 64 31 30 51 8 72 8 40 51 35 0 31 61 83 11 100 82 41 83 69 19 89 72 11 98 37 77 14 17 72 58 1 85 27 13 60 37 58 94 7 76 24 21 18 24 19 31 44 18 43 22 94 42 56 11 37 84 87 36 65 19 48 77 28 11 29 30
16 54 27 99 13 96 42 29 23 40 96 13 20 23 63 3 40 79 55 76 83 74 48 76 54 25 80 88 8 28 10 26 80 25 57 14 81 44 24 52 24 40 65 23 16 80 72 72 40 97 64 87 59 96 93 69 91 63 64 20 32 66 60 57 91 67 11 30 37 72 2 12 83 46 64 100 86 38 99 54 92 79 53 80 52 10 53 90 18 65 74 93 16 18 0 42 74 51 2 30 0 33 12 41 92 33 47 36 41 10 100 14 52 1 51 54 75 84 45 89 20 74 91 23 60 27 93 85 56 86 13 13 31 5 77 73 89 73 87 42 12 14 30 14 81 9 21 73 57 14
60 14 59 59 88 73 61 40 19 80 96 98 18 1 19 47 31 28 43 26 98 56 47 55 30 76 89 30 73 14 30 3 28 39 68 38 11 47 54 61 2 65 89 41 38 77 90 31 27 59 56 30 6 94 21 88 94 59 21 33 33 20 18 88 96 0 33 56 87 37 48 26 98 63 65 21 74 86 88 55 99 89 43 33 84 4 40 12 51 100 88 33 85 6 13 0 88 0 16 9 54 16 83 71 55 100 77 81 0 57 86 33 77 55 93 63 80 40 57 19 4 97 57 82 39 57 5 16 83 66 55 37 73 68 97 30 57 88 22 76 31 34 48 20 98 27 76 71 90 79
96 20 58 21 67 44 80 36 18 2 59 48 28 53 100 63 51 81 88 58 82 73 51 33 11 16 21 55 58 49 82 93 40 12 16 22 33 88 63 6 73 90 65 71 41 14 47 14 24 36 23 6 84 55 86 11 84 18 63 51 67 49 85 3 9 100 50 26 27 82 54 10 67 58 14 58 26 5 38 30 0 37 9 22 76 88 85 78 63 81 74 9 56 21 69 29 0 65 99 16 15 61 44 93 88 29 15 91 4 65 50 3 63 86 52 13 3 23 93 78 71 83 68 32 58 12 77 39 82 33 33 84 61 75 29 64 98 10 36 27 13 1 12 9 100 26 8 8 3 10
59 76 62 18 69 90 40 87 36 16 52 78 82 2 56 52 91 5 60 100 52 65 10 76 12 13 86 51 46 77 12 66 17 13 72 15 40 12 53 67 38 84 72 74 7 81 39 29 70 51 43 21 18 9 86 8 52 59 12 32 2 32 78 53 38 97 78 8 45 43 78 47 94 21 2 89 77 7 33 77 9 11 48 43 2 20 17 61 55 83 47 15 35 70 73 8 38 0 55 82 20 57 61 31 92 29 69 95 90 11 18 42 71 17 93 6 77 19 94 93 70 30 34 36 72 23 61 64 70 10 14 49 72 25 78 15 50 95 18 34 34 95 5 34 84 32 13 86 7 9
22 73 52 91 33 7 99 94 87 4 63 40 88 75 33 79 31 87 63 57 69 66 74 27 4 36 50 30 73 85 15 53 100 33 76 25 43 55 96 20 68 68 0 34 8 76 29 99 29 46 58 59 89 97 90 48 11 11 72 95 86 6 1 42 17 61 14 54 79 33 74 50 99 48 80 12 34 56 59 30 97 6 88 82 56 0 67 70 83 28 38 47 51 54 28 30 92 25 0 45 65 21 28 90 64 33 31 25 47 48 28 38 45 85 72 85 67 47 4 29 78 67 80 44 82 57 43 5 5 91 85 3 77 86 35 36 9 47 44 43 10 74 31 11 67 2 74 62 49 6
2 54 19 77 65 39 66 61 23 76 51 100 60 17 19 36 82 68 15 93 91 85 16 89 96 82 65 91 2 100 41 67 40 41 82 3 62 47 51 88 18 18 38 24 53 33 61 32 39 7 68 96 84 98 66 61 51 48 47 26 57 18 48 0 15 16 46 1 83 22 24 44 4 27 58 6 91 61 45 24 86 39 76 3 91 20 48 78 2 3 31 85 81 53 5 20 15 86 12 0 8 26 9 43 84 67 54 77 50 22 54 69 73 22 20 89 12 37 19 70 81 38 54 80 99 13 92 42 96 49 21 57 45 17 75 25 56 17 6 0 93 75 95 92 40 78 48 13 67 43
69 86 88 10 11 23 43 38 3 75 92 83 100 28 32 71 29 75 44 64 46 88 33 24 21 94 3 96 2 37 9 89 53 75 46 33 6 3 67 48 81 15 16 92 74 23 77 85 2 37 2 4 92 50 89 63 90 54 66 92 8 1 95 3 70 32 88 44 97 9 97 80 97 69 68 71 76 84 61 60 67 10 25 44 19 22 32 8 77 18 95 86 22 86 30 80 0 66 21 10 0 69 99 29 60 65 68 31 49 60 91 15 42 85 20 62 99 14 37 57 43 34 47 77 38 63 62 87 43 69 36 67 13 50 23 26 96 22 14 44 71 70 84 17 4 40 50 5 54 46
9 71 6 63 34 2 31 84 89 9 41 9 55 92 13 96 63 69 5 3 89 8 75 69 54 71 92 92 63 6 93 53 24 41 12 96 28 37 12 91 100 93 71 16 4 28 43 45 63 21 61 11 7 99 52 87 20 29 9 99 75 36 65 77 76 57 23 88 17 47 67 7 27 12 91 60 42 20 58 28 39 74 74 22 63 50 45 53 86 9 24 91 32 58 99 3 76 55 84 60 25 0 85 55 76 78 18 80 87 21 25 20 54 6 20 23 27 26 51 92 8 68 33 49 85 59 91 37 51 94 16 46 42 19 19 16 53 93 82 25 16 38 14 85 95 98 72 28 19 59
59 23 19 46 25 44 27 36 49 1 18 49 97 50 7 55 11 71 15 78 73 55 15 15 46 17 0 19 67 25 52 18 94 56 43 8 23 50 47 3 56 97 89 58 84 94 37 48 8 33 92 1 100 70 50 22 91 15 49 20 27 17 57 44 41 69 99 96 28 81 28 38 17 36 51 87 5 29 11 41 5 36 92 93 40 63 14 61 57 97 66 72 0 32 29 87 18 60 88 9 98 56 0 9 71 94 67 61 2 76 74 90 83 0 77 0 48 85 84 39 17 14 90 50 27 84 9 14 78 95 31 0 57 68 47 20 70 25 75 5 51 30 69 34 86 96 100 6 88 72
47 91 55 37 24 19 0 3 2 85 71 37 30 39 46 44 47 42 72 35 72 39 42 52 36 23 46 28 74 61 64 86 69 78 27 37 0 56 35 2 82 61 37 54 69 56 99 7 95 48 93 5 43 57 54 91 3 63 59 2 32 41 0 34 58 39 34 28 39 78 38 14 36 62 14 44 7 60 60 84 31 62 64 78 32 79 8 54 23 96 80 1 96 60 25 68 53 68 80 70 20 66 68 0 94 69 52 51 80 36 87 98 69 41 31 14 50 5 50 10 13 60 9 61 64 17 11 78 94 82 86 5 33 70 65 68 24 86 20 1 37 92 9 5 45 60 57 34 16 94
89 100 42 25 41 47 54 35 71 1 48 41 63 21 77 78 83 89 100 87 46 10 12 91 37 19 60 53 43 20 50 89 82 59 40 88 81 16 65 77 81 34 18 34 90 23 15 44 91 68 27 32 26 74 42 20 18 37 26 65 46 33 37 95 72 25 60 67 42 84 86 32 26 69 52 83 7 74 20 2 23 24 41 9 65 12 39 18 87 69 32 26 18 66 22 56 5 66 86 97 70 95 37 74 0 40 17 47 91 37 82 38 24 2 78 79 40 94 94 41 26 88 45 73 40 99 24 86 29 22 79 72 61 14 29 23 76 23 49 82 35 11 16 8 53 14 89 95 100 2
41 41 88 20 47 49 24 100 17 49 92 37 95 69 44 36 21 94 61 93 7 45 18 5 96 7 23 62 23 61 17 85 5 88 97 50 55 2 88 97 49 67 10 22 55 45 60 52 72 24 82 70 9 58 78 79 91 71 57 63 88 58 9 16 35 15 12 63 11 51 69 80 65 14 27 43 30 57 48 1 2 49 98 83 88 32 30 31 53 4 53 91 9 2 49 87 51 61 68 34 16 92 69 50 64 0 90 65 20 62 37 33 3 58 48 8 19 39 14 59 92 80 30 19 32 79 73 24 60 15 5 77 86 14 84 53 66 77 11 34 22 22 36 7 45 1 81 90 50 40
32 36 29 10 47 82 15 84 21 93 75 82 91 84 32 42 12 81 74 66 43 14 32 65 18 35 59 21 86 23 51 10 57 45 65 80 57 81 53 49 97 86 34 71 10 56 48 24 62 27 60 65 65 37 42 27 14 14 66 2 30 100 49 3 86 87 40 19 64 16 28 4 10 46 38 65 63 42 20 62 42 57 74 87 27 100 17 70 99 36 59 93 66 20 96 7 19 6 26 28 56 54 53 69 31 10 0 92 24 51 54 11 67 0 94 77 79 50 80 45 77 29 29 37 43 56 70 12 37 1 50 95 87 0 23 95 79 64 95 45 16 9 16 72 50 74 4 6 59 21
10 19 96 12 60 16 29 16 83 59 74 66 3 21 32 48 19 70 79 79 81 86 67 69 37 24 55 64 11 55 26 68 91 60 93 26 81 9 21 49 21 72 16 43 32 24 47 34 95 50 8 68 98 69 25 33 17 8 48 11 83 31 90 79 51 100 66 67 96 76 46 23 8 90 52 10 71 77 82 96 29 68 18 85 28 70 27 28 20 2 75 35 51 6 16 100 27 3 9 75 57 45 5 45 17 72 27 0 63 19 42 73 42 10 64 79 81 16 68 42 27 63 77 71 55 50 80 75 30 93 64 43 59 1 34 25 88 4 47 3 21 36 84 91 79 93 49 79 35 9
1 29 36 45 29 48 52 89 39 85 57 74 0 85 24 73 70 48 8 41 26 37 26 94 78 76 34 17 38 76 90 84 92 71 56 60 56 12 98 55 8 67 65 74 19 7 19 60 18 56 82 25 31 53 86 20 67 8 92 73 67 82 53 47 76 63 3 98 79 93 79 22 70 12 16 71 75 87 90 84 10 0 92 11 33 17 68 10 85 37 90 34 21 89 85 78 76 5 12 76 82 68 46 78 23 58 58 72 0 94 82 95 51 13 73 69 60 79 57 19 38 2 13 67 40 14 31 65 84 27 84 48 40 84 64 24 74 13 47 48 38 59 69 65 11 48 91 0 89 25
79 56 97 55 70 4 14 92 23 75 64 98 50 1 11 62 91 53 79 81 11 46 80 52 72 100 24 33 58 98 39 81 52 26 15 82 30 37 75 38 46 91 0 68 36 28 34 22 8 24 0 45 100 85 30 73 95 67 9 80 29 11 2 45 82 33 37 52 11 90 21 82 31 83 35 66 45 60 4 35 53 5 33 27 56 73 56 49 33 1 79 88 66 91 75 44 35 73 96 43 93 24 10 95 60 1 33 77 18 0 31 63 46 63 12 30 12 94 53 80 44 32 58 84 98 61 52 26 65 12 60 89 13 70 91 52 61 77 27 83 16 7 39 90 88 70 95 74 26 96
28 16 3 50 29 50 33 11 61 86 76 45 96 11 40 28 84 94 16 47 86 6 99 26 31 50 22 35 89 63 95 19 33 50 29 51 67 44 1 72 15 12 69 77 2 28 100 59 28 89 86 12 3 59 8 75 99 17 75 14 48 0 18 38 34 95 45 32 29 20 92 70 3 3 28 28 50 85 69 35 2 47 48 82 61 5 92 85 93 26 66 98 14 78 0 60 78 75 22 49 21 3 40 53 21 65 40 57 74 50 0 7 7 35 80 40 81 2 40 73 91 78 13 85 98 77 9 25 85 89 32 46 14 43 98 12 88 93 43 43 17 17 58 84 55 65 65 90 12 16
7 86 37 15 22 28 53 27 34 3 24 91 85 88 86 33 71 86 15 94 94 17 59 77 91 58 94 36 26 12 33 24 17 32 98 93 79 36 38 5 45 90 78 85 27 89 71 30 44 28 17 26 17 67 29 89 80 84 64 82 3 36 48 15 97 50 44 33 98 33 47 80 57 49 51 22 85 40 27 66 7 40 42 96 51 81 37 30 100 8 15 70 11 85 69 12 14 93 12 50 72 35 83 6 28 99 34 42 27 23 29 0 40 22 43 40 65 16 20 67 49 88 34 69 89 16 22 73 95 45 29 72 71 17 80 22 29 12 98 48 49 19 67 6 52 43 16 83 15 50
67 47 28 12 12 73 89 12 29 6 50 15 94 53 25 19 0 26 88 53 89 12 98 0 82 95 80 64 67 19 10 47 18 3 99 72 39 84 72 33 31 39 77 4 53 33 98 56 76 35 23 22 27 86 72 95 2 30 16 57 47 76 100 22 16 12 72 81 42 100 85 22 90 19 73 48 57 90 61 39 15 16 27 11 40 89 11 9 98 75 45 32 11 37 1 85 62 90 12 34 24 35 63 92 0 0 45 86 41 85 74 84 0 58 59 100 69 83 88 88 32 82 72 68 55 1 22 68 45 58 76 39 54 46 38 19 20 52 38 15 48 74 14 15 4 85 79 40 6 6
73 35 65 44 13 96 46 43 2 67 52 44 39 48 65 47 85 24 68 29 22 38 22 77 1 78 22 94 48 17 92 34 2 93 68 28 13 68 42 43 43 63 60 56 76 68 42 78 36 28 64 65 67 2 51 17 36 74 44 90 50 72 65 27 100 63 74 24 19 61 62 33 99 92 99 11 90 77 75 41 56 30 90 36 19 23 7 97 51 30 44 3 21 93 71 66 1 23 53 21 9 58 96 37 35 49 82 45 17 40 66 72 50 0 2 69 95 78 86 47 94 78 28 28 91 26 76 12 45 26 81 54 83 100 5 79 90 95 79 49 50 69 48 30 65 23 51 93 90 5
65 81 89 61 92 15 44 7 66 62 40 92 90 73 58 94 32 56 97 60 100 17 4 24 29 43 12 58 9 26 17 36 35 27 48 11 4 58 73 30 9 19 26 37 19 62 99 2 84 88 62 52 32 87 94 44 18 94 41 77 45 79 89 78 25 13 67 61 3 54 44 25 10 48 29 52 33 31 18 48 63 34 30 51 24 28 28 74 5 7 18 8 29 81 21 31 11 92 91 53 22 47 36 22 28 73 61 30 6 24 39 20 37 63 0 75 81 8 6 42 64 12 40 38 40 100 93 26 72 36 67 64 21 79 50 7 82 70 44 49 52 19 78 34 52 20 56 11 71 47
47 33 18 36 69 81 73 53 56 23 15 71 24 22 6 85 29 84 27 22 57 97 33 68 66 9 87 14 65 10 86 68 95 11 52 75 68 54 55 9 60 68 59 69 21 55 57 26 66 1 14 0 29 42 37 66 42 62 26 47 45 4 66 74 52 19 66 83 86 10 54 65 13 10 9 47 32 93 35 99 39 48 70 39 36 23 45 34 64 80 66 85 59 83 11 21 86 63 96 75 21 16 9 69 89 54 48 76 66 95 59 73 18 83 46 0 49 19 97 72 62 59 13 1 58 60 16 25 69 38 18 57 6 36 25 87 59 85 74 53 56 59 64 22 80 38 50 83 85 77
70 76 52 80 19 92 65 35 1 44 96 94 59 21 82 90 97 17 77 5 69 7 38 99 29 57 17 22 19 64 23 12 34 45 0 45 44 38 9 65 99 29 80 2 1 56 46 47 44 92 33 70 2 100 39 70 80 65 21 34 86 33 46 51 63 25 85 32 27 45 6 58 31 11 29 80 23 78 46 65 26 80 49 63 49 79 41 4 47 23 90 48 45 43 39 99 86 100 49 3 5 2 23 29 80 55 31 47 14 94 97 100 32 70 55 97 0 62 90 2 83 14 25 37 84 11 98 97 55 45 10 6 0 43 84 11 25 45 64 79 16 31 91 19 86 59 16 24 14 31
11 74 65 35 46 31 76 29 58 65 43 46 64 95 53 97 82 75 62 2 11 95 23 32 39 24 66 27 73 40 69 33 14 11 67 43 61 1 53 68 86 60 6 78 0 25 41 60 77 12 50 69 20 85 77 6 96 9 43 70 66 58 58 59 15 66 15 73 42 95 63 56 98 26 16 16 53 61 43 85 79 39 9 22 6 45 78 34 48 54 75 37 54 41 9 81 17 80 55 36 54 26 45 14 10 18 87 46 8 1 100 98 87 70 27 36 77 0 14 54 73 61 82 42 88 90 1 47 22 60 12 2 78 30 25 16 96 7 30 72 41 73 30 77 24 35 77 33 67 11
52 4 79 99 60 33 53 7 83 9 82 20 48 47 10 42 3 92 53 19 20 87 55 52 74 37 26 56 95 75 11 53 99 73 76 79 18 94 91 10 15 97 86 2 87 2 27 30 49 87 27 99 15 33 61 2 20 53 78 92 99 57 27 47 16 99 80 28 61 31 88 74 5 46 86 33 38 76 1 18 34 51 99 95 85 34 63 41 82 76 85 56 90 71 28 36 67 45 88 68 59 79 13 55 54 51 8 21 33 52 98 94 72 99 62 66 60 19 0 34 15 52 54 4 61 24 21 67 12 49 9 71 54 38 45 9 62 81 80 9 38 88 51 46 81 25 6 47 93 83
92 73 13 92 89 13 36 33 89 25 15 67 39 31 11 98 23 64 35 92 64 96 75 65 11 36 90 51 46 80 39 67 41 82 36 66 19 70 46 19 36 78 99 40 77 27 92 93 68 86 58 38 50 51 76 84 40 68 74 98 52 73 25 21 67 68 44 71 51 88 64 18 16 56 8 83 4 61 91 2 2 39 82 84 82 29 13 58 72 17 34 84 30 18 24 44 74 33 29 3 8 30 25 60 94 86 20 93 35 12 32 54 22 88 55 30 5 18 29 0 14 52 56 31 29 26 79 0 69 66 59 13 82 20 4 76 87 18 5 16 39 35 85 13 77 42 9 33 55 26
65 99 6 28 66 92 50 53 53 63 34 25 96 33 29 43 41 91 21 41 18 8 65 21 93 52 19 96 51 80 13 66 5 88 98 70 73 66 97 62 61 2 45 73 57 35 53 53 6 73 85 92 16 25 80 63 82 43 40 48 75 75 6 49 65 89 41 20 38 23 50 33 7 40 8 86 26 20 91 89 35 98 60 64 93 17 21 68 13 96 55 46 73 83 69 34 88 66 42 29 74 43 51 97 18 69 26 52 2 45 47 48 44 67 90 54 65 47 44 66 0 54 13 97 75 7 97 7 97 87 5 97 27 20 89 81 13 89 53 0 91 30 48 87 34 23 57 45 30 87
22 84 64 17 79 90 46 58 16 38 63 32 85 100 62 24 52 92 78 10 58 99 36 16 59 56 2 90 62 16 72 14 76 41 12 59 3 93 80 38 38 82 100 55 9 58 6 92 73 2 42 70 26 97 47 5 41 59 15 4 62 20 32 32 21 7 62 84 69 64 10 67 11 95 81 82 15 62 47 83 49 97 82 94 3 11 56 69 100 73 94 62 39 73 56 63 36 72 72 58 30 72 63 91 67 37 69 0 9 34 50 9 80 85 13 0 92 64 19 34 55 0 96 28 84 12 48 33 91 49 87 29 62 83 73 11 56 83 28 15 7 76 54 40 4 39 59 53 31 53
29 25 13 4 6 15 78 67 27 52 48 41 14 48 28 87 51 64 44 34 69 84 73 16 2 19 60 16 17 66 34 30 97 62 79 71 60 16 39 34 31 35 76 47 53 5 14 19 21 61 8 75 19 47 27 72 69 18 64 96 39 33 91 69 46 69 0 24 36 5 93 78 47 93 26 55 79 27 61 13 68 49 3 75 36 30 91 99 54 29 99 46 14 48 98 54 47 77 48 40 25 16 22 92 0 57 31 13 80 34 72 20 54 54 5 88 71 22 33 83 84 44 0 24 29 28 64 3 89 95 49 13 98 61 49 3 68 15 41 67 52 39 38 11 52 46 51 31 98 93
17 74 42 57 22 6 51 78 9 47 53 15 73 84 74 1 34 5 18 48 55 2 18 32 62 87 58 21 0 73 45 43 72 99 27 99 51 7 25 47 93 59 97 75 27 15 2 72 74 93 47 99 38 30 23 96 76 38 21 46 16 81 60 17 99 59 72 48 80 30 75 1 44 83 87 28 91 65 23 61 99 11 32 29 88 33 77 49 58 50 99 81 59 32 90 44 79 46 70 16 82 8 60 62 84 81 6 39 41 22 82 84 60 40 6 67 8 66 62 13 80 4 80 0 92 32 50 32 56 27 46 90 84 70 45 40 81 79 65 58 9 41 59 28 69 56 93 25 69 41
97 15 85 78 90 95 50 19 78 34 0 19 43 48 22 83 100 49 33 2 25 20 4 100 68 19 87 18 33 5 9 11 16 18 6 69 90 15 51 59 37 96 91 82 80 4 17 9 32 28 52 2 89 32 97 64 30 86 94 86 11 65 60 79 68 2 15 9 97 55 51 72 42 32 93 86 36 52 6 25 30 15 20 43 40 90 95 85 77 38 44 21 82 11 27 83 83 97 6 44 8 80 73 97 26 14 33 3 66 33 56 70 61 99 14 64 49 58 17 2 48 14 61 1 0 37 83 91 31 6 14 43 10 44 20 57 89 35 76 91 89 72 4 37 84 78 25 72 25 23
97 34 61 68 56 70 34 30 9 90 65 48 6 97 34 53 3 7 39 14 39 63 46 48 89 36 95 33 100 59 86 46 66 77 59 55 43 97 78 82 99 7 90 95 12 65 21 10 85 100 6 58 12 97 62 9 71 95 66 73 91 60 53 56 22 3 1 24 6 74 22 54 19 97 22 80 39 57 4 99 54 7 85 29 56 69 52 51 5 2 92 73 52 44 77 19 88 27 86 44 97 31 84 60 11 56 47 50 93 49 22 44 14 92 100 40 71 78 95 40 62 3 78 91 56 0 62 55 58 75 83 59 0 46 3 79 82 52 68 61 28 19 62 49 78 20 22 55 80 17
67 15 42 16 83 17 52 86 11 50 100 55 84 89 69 94 5 46 98 88 64 39 4 41 85 55 28 4 87 30 18 81 46 4 7 48 70 46 52 92 17 34 12 7 66 45 21 45 0 29 76 75 8 0 100 96 73 3 22 80 45 55 71 3 11 57 89 94 59 73 90 40 38 70 87 15 78 52 83 7 51 65 98 71 86 69 51 68 25 15 63 41 30 21 46 87 40 1 60 2 23 7 9 81 79 79 71 81 7 74 81 81 10 43 11 49 56 11 65 1 22 44 31 73 37 91 0 39 32 30 61 43 12 27 30 81 85 52 52 25 32 25 30 96 14 1 81 98 60 39
73 7 85 61 56 11 4 90 83 88 53 98 7 22 67 61 81 64 71 49 33 70 84 97 87 11 60 89 44 54 18 46 54 2 39 17 51 44 86 46 60 37 50 78 14 72 2 94 56 71 67 35 42 15 29 50 71 76 34 51 93 31 42 32 93 34 34 82 31 81 25 13 19 22 50 51 80 33 3 21 2 63 77 28 47 96 26 21 50 24 12 15 72 35 88 89 76 77 72 88 39 40 85 52 4 84 99 31 50 46 51 28 15 9 26 67 25 53 89 4 39 85 94 74 23 70 35 0 76 95 66 7 61 19 36 56 93 52 31 91 38 5 2 86 88 75 0 78 62 100
33 34 85 45 40 32 9 98 66 69 34 5 83 35 64 18 51 84 51 43 13 42 78 14 81 82 86 91 35 20 41 88 41 23 12 13 81 51 54 37 70 36 75 19 55 72 5 60 93 10 58 25 45 21 87 2 46 60 79 3 50 12 41 95 69 13 95 82 27 50 84 49 4 41 62 93 91 96 77 66 19 0 35 43 63 49 62 7 64 28 78 16 24 67 68 74 62 94 67 75 96 48 45 39 46 68 19 73 88 69 41 77 10 10 45 12 75 71 39 58 54 93 13 81 73 54 87 65 0 95 70 64 94 0 72 98 85 41 54 25 96 4 45 68 50 99 72 50 35 70
73 78 7 46 99 81 66 30 8 16 4 38 86 62 50 92 91 1 30 67 39 46 61 11 28 42 4 1 39 7 90 92 23 24 23 99 2 55 41 76 67 1 12 57 92 38 83 60 38 7 92 67 85 40 3 84 98 29 99 81 32 10 38 79 70 82 92 60 62 85 60 47 46 37 25 32 20 42 95 78 18 22 44 9 30 66 84 45 24 93 89 11 25 68 57 77 45 2 64 13 84 69 21 70 42 54 13 43 47 54 2 61 65 17 24 57 78 35 93 77 93 21 60 42 49 25 78 64 94 0 74 79 32 41 76 64 49 61 16 30 86 5 39 14 60 20 3 15 46 11
25 38 62 80 31 38 30 61 33 73 24 63 15 77 86 99 63 46 73 100 71 59 39 94 3 50 59 77 93 99 84 94 36 61 8 65 72 72 16 60 15 33 36 7 15 0 59 68 76 31 38 58 78 36 18 93 14 25 46 12 46 80 65 14 98 38 27 44 27 82 42 28 92 41 57 44 5 78 80 65 25 97 3 43 46 60 2 48 8 38 90 69 42 75 52 91 21 75 30 55 75 100 80 91 61 63 35 20 40 51 16 5 73 16 77 25 92 6 30 50 28 59 99 35 47 21 80 42 63 70 0 4 92 11 90 70 53 75 52 37 74 44 68 81 21 18 21 99 67 52
48 62 86 60 2 35 94 89 59 3 73 85 66 59 12 8 69 89 47 60 12 91 63 53 75 3 9 50 13 0 66 100 67 40 46 31 80 70 76 65 45 70 48 56 2 5 14 74 39 12 48 50 42 6 97 64 42 11 71 9 39 15 69 11 17 25 42 11 5 25 81 26 45 79 32 35 66 52 36 30 45 72 46 3 65 97 72 21 48 29 52 33 12 30 17 3 19 51 85 37 17 90 57 57 47 58 27 79 72 45 41 39 39 61 50 43 41 8 77 42 93 12 100 31 75 68 43 12 33 7 12 0 14 19 59 31 7 8 92 60 74 91 45 27 17 1 90 50 30 42
28 56 39 60 9 93 50 41 49 81 98 68 53 7 27 8 9 80 11 14 98 65 52 52 13 87 0 60 16 16 69 44 32 18 28 71 67 17 68 35 12 54 11 65 63 86 7 50 2 1 36 85 83 13 90 55 98 5 31 92 64 1 50 64 9 8 84 100 2 55 71 0 11 91 4 74 10 7 74 75 74 89 19 64 63 43 69 85 34 39 19 89 75 85 25 60 29 11 0 89 73 40 46 94 61 62 27 17 35 72 95 54 78 4 14 63 24 13 10 37 86 76 95 3 99 43 76 9 24 32 16 56 0 30 48 99 86 79 70 72 0 41 49 8 19 41 75 9 95 91
12 64 34 7 75 6 2 95 1 40 41 92 75 51 19 50 1 91 71 9 2 94 52 80 47 53 17 74 73 85 32 56 36 81 5 96 67 31 4 43 41 79 12 89 21 92 20 3 37 5 78 29 22 97 64 19 41 57 82 40 57 1 62 79 79 56 44 97 98 82 36 72 42 14 20 38 39 11 16 44 87 98 24 58 95 98 55 18 57 58 73 77 19 5 55 86 26 3 49 9 26 75 56 0 42 11 30 81 25 45 30 84 31 61 43 51 20 10 72 69 42 62 29 0 96 79 52 47 88 8 79 98 89 0 84 80 62 36 45 95 62 26 71 65 69 85 11 96 22 45
26 6 25 63 13 39 37 57 100 52 17 50 14 9 46 94 44 1 91 94 55 20 60 41 73 33 78 73 56 28 70 96 18 24 67 75 76 53 86 8 91 58 68 94 85 42 23 46 24 74 63 21 31 53 59 23 19 71 59 68 28 44 71 60 70 99 13 10 35 0 6 30 77 57 36 60 78 80 65 57 18 74 84 71 85 71 7 38 32 90 80 11 72 95 39 82 72 96 30 57 93 73 16 40 23 26 3 46 65 17 68 49 57 10 63 6 100 34 60 63 16 38 81 28 93 52 86 35 1 11 18 98 40 9 0 90 20 80 25 30 12 98 42 89 81 60 93 13 37 28
87 55 95 21 91 31 26 49 65 77 40 80 75 77 96 50 34 61 78 28 93 95 40 6 48 42 86 51 12 61 11 41 78 42 67 33 100 26 50 91 76 92 19 73 58 24 78 18 1 17 47 36 95 62 87 61 14 37 76 66 91 53 43 62 96 20 53 10 33 4 35 11 62 57 43 15 88 26 71 1 28 62 51 51 76 24 13 83 51 96 95 56 6 19 100 68 17 11 19 52 85 5 93 70 43 26 27 8 95 11 43 25 29 64 39 83 76 56 8 66 94 89 12 98 21 75 10 60 85 44 75 91 84 82 74 0 66 24 16 85 96 51 5 1 48 63 93 69 43 68
51 39 89 76 35 98 4 19 26 100 16 15 16 86 83 64 78 5 6 56 52 87 10 28 71 33 34 50 64 0 10 19 37 46 43 19 48 60 77 76 79 77 3 19 36 10 83 58 87 48 58 23 88 88 67 33 44 79 41 73 94 100 94 92 64 96 40 0 85 15 21 1 11 95 66 24 65 100 36 95 69 89 4 90 2 96 93 41 34 98 36 2 93 67 17 26 22 64 76 90 100 90 9 90 10 44 30 46 17 44 27 64 4 91 43 74 98 4 83 5 74 94 61 38 22 57 16 11 41 15 18 18 74 59 22 81 0 38 12 31 33 82 1 71 59 80 100 23 10 100
100 98 93 26 96 23 40 94 54 82 45 63 48 79 54 79 12 31 8 55 93 38 97 36 67 37 40 27 50 39 84 0 9 44 49 49 94 98 66 12 5 60 67 31 54 33 27 3 43 18 79 57 2 3 21 41 83 34 78 27 65 77 54 29 18 61 54 25 35 80 38 66 34 16 71 66 75 29 6 84 46 42 31 51 50 43 33 74 92 96 14 56 46 23 18 66 73 85 43 11 56 10 42 9 54 6 13 76 52 33 56 31 74 24 93 77 92 25 94 53 24 37 19 70 56 73 85 29 16 55 14 49 86 3 62 44 30 0 85 83 84 93 18 78 7 10 49 59 98 96
42 28 36 20 88 7 27 80 98 68 76 82 30 81 34 8 24 19 96 82 39 3 87 41 56 97 38 75 16 52 84 40 79 12 6 85 11 62 29 35 49 39 89 11 8 74 55 29 57 37 80 66 32 4 36 49 43 76 53 54 61 0 46 90 79 67 95 11 77 43 11 53 50 4 92 67 75 98 15 61 97 54 50 97 18 0 78 16 14 5 40 5 100 73 98 83 66 25 45 69 58 82 35 4 17 85 23 48 65 82 23 93 98 70 2 26 20 100 49 38 41 85 29 89 45 63 35 65 31 67 50 38 6 36 68 59 59 25 0 97 14 44 64 78 91 22 72 42 60 43
32 18 18 50 80 14 16 19 48 39 40 16 70 19 39 83 92 85 62 58 58 83 95 72 4 25 18 47 20 54 7 5 48 19 68 0 3 76 37 44 3 23 81 27 98 12 24 15 32 30 27 90 18 48 57 27 21 42 58 46 49 66 77 33 57 20 23 62 43 75 28 99 58 63 51 86 63 62 77 49 10 36 0 33 25 87 60 52 67 87 16 71 88 91 17 44 23 13 90 77 9 20 42 39 27 22 38 55 55 11 100 22 43 72 100 1 17 100 68 1 31 24 27 58 1 34 18 81 2 25 65 2 98 58 82 35 17 89 23 0 26 87 35 8 34 25 39 86 43 78
25 90 91 9 100 38 17 77 87 30 86 70 41 75 12 8 31 63 71 77 11 92 66 11 28 80 51 99 94 35 94 41 26 95 8 12 45 53 39 11 55 98 50 27 75 53 21 71 42 51 97 63 47 50 61 1 18 71 39 90 53 34 84 40 4 67 82 27 87 94 26 42 35 27 70 3 69 47 87 28 81 8 73 33 81 97 89 93 68 93 91 10 42 21 12 79 84 57 75 37 57 53 19 52 93 89 66 60 52 64 4 90 99 45 64 83 29 21 6 93 90 92 59 3 92 70 66 42 73 43 52 30 9 79 75 71 93 68 27 24 0 36 83 35 83 26 55 25 42 90
18 60 36 99 33 100 41 64 44 26 91 96 46 14 23 28 19 85 36 57 61 57 1 94 87 70 28 17 25 75 53 11 15 60 67 64 17 86 64 76 77 33 87 35 34 7 74 69 22 9 37 76 89 4 51 9 63 75 67 32 7 18 31 57 26 76 58 2 97 83 26 58 35 42 48 53 15 68 41 13 16 22 50 81 68 41 80 61 99 38 37 89 42 78 35 70 99 21 5 44 38 62 58 61 61 19 7 72 53 92 73 21 59 42 50 36 26 53 3 30 23 49 34 51 100 53 2 9 33 72 4 19 14 2 95 66 63 67 73 25 22 0 22 46 70 88 33 86 97 99
50 75 72 73 39 11 77 43 81 72 30 50 45 85 96 74 7 32 82 51 61 69 32 22 20 6 56 28 40 64 85 14 4 47 11 4 64 4 43 43 96 20 88 88 53 50 33 44 61 34 74 91 81 77 68 90 26 33 24 43 89 69 75 50 3 58 75 69 88 99 18 47 0 53 17 39 5 19 96 97 72 44 99 71 0 31 96 76 27 0 39 25 49 99 32 58 17 11 91 2 62 31 6 9 41 89 61 25 38 35 68 19 7 16 37 30 42 90 84 85 13 20 44 28 13 65 85 19 43 56 72 31 51 35 21 85 59 86 3 40 55 92 0 5 58 98 38 14 13 68
10 89 1 38 47 42 92 74 14 55 90 47 89 33 37 79 98 31 96 8 75 1 12 34 79 46 70 54 3 25 62 27 66 77 82 99 99 45 52 22 8 51 80 42 69 23 22 53 72 74 54 21 96 79 96 42 43 73 48 11 45 17 49 46 45 79 78 7 2 28 54 57 75 99 85 10 89 14 89 94 11 56 44 39 59 97 15 38 19 19 62 71 3 93 17 49 81 85 60 90 34 69 71 82 31 12 61 96 18 100 32 95 26 89 18 46 48 37 77 53 21 74 77 90 0 20 94 68 31 88 97 9 1 36 18 3 63 63 96 20 68 20 2 0 21 71 20 61 76 95
19 41 89 20 58 67 78 16 19 29 4 77 64 69 38 34 6 54 71 73 85 64 85 6 50 37 80 81 90 40 42 27 5 19 67 66 37 74 100 63 97 0 63 46 59 12 9 94 58 63 100 67 89 44 36 50 76 19 4 60 62 57 28 16 96 79 92 86 67 77 96 72 71 77 73 40 36 25 82 90 50 10 97 75 19 20 23 49 11 53 69 37 96 88 72 1 98 80 84 25 59 85 76 6 35 51 76 20 2 29 32 38 1 50 7 49 80 100 18 67 6 1 51 39 52 99 82 36 12 73 81 84 13 44 0 23 85 56 86 5 48 86 37 43 0 79 18 54 91 80
49 16 25 75 58 89 96 81 59 34 75 75 80 98 67 19 100 35 70 37 16 11 41 90 100 69 1 82 37 20 73 30 51 21 79 77 60 60 52 96 46 72 26 8 73 57 40 64 43 7 6 67 89 3 43 82 13 45 44 10 21 9 42 56 84 21 55 7 8 81 65 86 4 8 57 23 99 86 88 95 85 32 77 66 91 56 52 21 57 40 83 19 53 17 56 37 41 76 8 64 9 16 79 87 83 43 22 68 61 18 14 18 61 50 26 55 91 97 31 55 18 80 48 6 28 60 96 45 5 75 28 49 35 23 67 99 16 37 100 8 50 25 72 47 1 0 27 68 87 44
80 85 19 56 72 50 38 61 17 90 20 47 22 46 61 65 77 63 81 14 79 72 16 44 58 10 7 20 82 2 20 39 77 70 59 25 78 87 16 92 35 25 97 89 23 78 83 44 68 34 9 97 8 14 6 96 56 58 17 22 6 72 58 97 64 5 92 34 95 47 95 93 97 54 69 94 43 26 84 49 35 25 77 15 69 90 27 70 74 29 1 60 55 56 95 71 53 97 59 95 23 93 63 13 47 24 87 27 97 91 42 94 37 90 59 18 60 96 76 57 91 13 58 92 28 16 11 69 88 97 6 44 100 5 96 41 45 12 51 65 49 0 36 60 57 5 0 82 98 51
77 82 85 69 65 90 91 80 28 80 42 30 94 49 4 19 22 64 14 75 64 50 45 19 90 43 89 48 77 28 82 5 81 91 57 54 67 46 71 79 58 26 25 89 52 94 20 14 10 29 93 37 25 16 60 29 31 99 76 42 92 2 99 55 64 58 0 80 81 8 100 88 57 87 7 7 4 80 49 92 96 72 11 93 72 9 6 68 60 12 98 15 64 77 4 87 84 8 47 72 34 95 12 24 4 37 9 40 16 19 79 65 84 57 21 95 42 62 20 19 90 2 0 18 19 66 28 57 18 91 38 35 29 87 20 65 28 40 53 27 7 75 71 40 73 54 51 0 92 81
20 57 64 96 100 27 39 69 31 44 54 89 53 70 53 86 12 88 23 17 31 54 24 86 27 31 98 93 10 97 73 10 82 91 32 29 81 48 94 6 100 85 67 95 2 81 41 70 71 80 46 91 88 13 3 67 71 23 45 1 83 26 15 35 36 65 91 8 31 86 23 20 20 3 0 62 7 2 90 25 100 52 46 50 79 11 87 16 78 82 91 18 75 84 18 74 49 91 39 46 87 87 36 14 39 71 69 27 40 0 97 79 56 73 6 85 50 70 36 61 0 4 45 79 38 81 99 62 67 54 31 93 90 74 86 42 71 8 9 73 88 4 82 8 67 93 57 26 0 57
63 23 28 61 75 73 49 44 53 96 48 68 67 4 13 0 54 17 34 55 87 73 70 67 5 58 12 12 54 100 57 10 85 75 58 73 69 78 51 27 41 19 2 45 66 18 54 20 83 18 74 1 34 20 13 29 39 21 38 55 72 58 82 8 40 0 74 56 54 59 6 76 52 99 44 75 33 52 81 95 90 95 64 17 28 10 13 77 41 41 9 34 82 69 40 10 48 74 44 64 27 51 75 30 0 86 57 7 94 46 9 20 68 82 41 46 15 38 87 69 12 1 94 50 8 66 76 71 55 39 7 38 66 28 6 45 93 13 61 14 91 48 1 78 16 24 40 17 20 0