50
6 22 28
10 8 21
3 5 9
11 32 43
8 24 35
1 18 21
4 29 33
10 11 23
10 34 45
4 14 19
15 2 17
7 20 27
2 9 12
3 26 29
8 17 25
4 6 13
9 30 42
14 14 29
11 19 30
2 13 17
6 6 12
7 22 30
9 9 19
11 10 21
11 12 23
2 19 21
7 6 15
4 13 17
4 28 32
18 15 34
1 31 35
7 26 36
5 30 40
9 12 27
7 33 48
10 13 25
2 22 24
8 9 19
2 5 7
8 12 24
3 26 33
5 0 5
8 7 18
2 9 11
2 19 22
5 4 11
13 28 41
23 28 54
4 19 24
5 19 24
0 2 6 1 7 7 6 2 5 9 6 5 5 2 11 7 3 8 5 2 2 7 3 7 3 7 3 6 1 3 9 4 8 6 10 7 7 5 6 2 8 7 5 4 5 3 5 4 9 8
8 0 6 1 3 4 4 4 10 10 4 9 8 9 9 6 10 7 9 9 3 7 10 8 5 8 4 10 6 7 9 7 2 2 4 5 4 10 2 5 6 7 5 10 8 6 9 8 7 1
3 4 0 1 3 1 2 1 2 3 1 4 4 2 2 1 5 4 1 4 4 1 3 1 5 2 3 2 5 1 4 2 2 5 6 6 1 3 1 2 5 6 5 5 3 3 3 4 6 4
8 9 9 0 8 8 11 1 9 2 5 8 4 10 10 8 7 10 1 6 3 11 5 7 11 11 7 1 2 9 8 6 5 7 11 4 1 9 4 3 1 11 1 4 4 10 5 10 3 10
6 4 8 1 0 8 1 6 3 7 6 2 6 7 2 8 3 6 7 6 8 8 2 3 4 4 2 4 1 1 7 4 5 8 7 6 1 1 6 1 4 2 7 6 7 6 1 7 4 4
2 2 2 2 1 0 1 1 1 2 2 2 2 1 2 2 1 2 2 1 1 2 1 1 2 1 2 2 2 2 1 1 2 1 2 1 1 1 2 1 2 2 2 1 2 2 2 2 1 2
4 1 5 1 2 1 0 2 7 5 3 1 2 6 1 6 1 1 6 7 5 3 3 3 3 1 3 4 4 1 2 7 4 5 8 4 4 1 7 3 3 3 6 1 3 5 5 6 2 5
10 6 10 9 9 3 4 0 10 7 7 8 7 8 8 9 3 4 3 10 5 10 8 9 9 3 5 2 7 2 3 5 7 7 5 1 1 1 6 7 9 1 5 7 4 5 10 3 10 4
7 9 3 1 2 1 9 5 0 3 6 7 6 1 3 4 6 7 2 3 3 9 8 3 9 6 1 4 1 6 1 3 4 7 6 10 9 9 8 6 10 1 5 6 4 8 6 10 1 3
5 4 8 4 2 4 6 5 7 0 2 6 5 1 2 4 4 2 2 4 4 3 5 4 5 6 2 2 1 4 4 1 2 1 4 6 5 1 1 1 6 5 5 1 3 4 5 2 1 5
14 13 14 8 10 5 1 2 4 1 0 2 14 11 3 10 6 7 2 8 7 7 12 1 3 12 1 6 14 15 8 1 12 10 6 9 11 2 12 11 8 12 15 5 5 10 5 2 5 2
4 8 3 5 4 7 10 6 9 5 3 0 2 7 9 9 7 4 12 3 1 8 4 1 9 6 4 4 3 6 6 1 2 9 6 1 3 7 11 14 4 5 9 11 11 3 8 1 6 11
4 1 1 3 3 4 1 1 1 1 1 1 0 3 4 2 1 3 3 3 1 2 3 2 1 1 2 1 2 3 2 2 3 2 2 4 1 2 2 1 2 2 3 2 3 3 2 1 3 2
5 2 4 1 1 1 6 3 3 1 5 5 4 0 1 4 1 3 5 6 4 2 1 2 3 1 2 2 2 2 4 2 5 1 3 2 2 3 2 2 3 5 2 1 3 3 3 2 3 1
1 1 3 2 2 3 2 6 1 2 6 8 3 8 0 8 4 8 3 1 8 7 4 1 2 4 8 1 5 1 3 3 1 4 3 2 1 8 4 7 7 4 1 2 1 7 1 7 6 8
2 3 3 5 4 5 5 3 1 8 7 5 1 3 1 0 4 6 2 5 4 7 2 2 3 4 5 5 4 5 1 2 7 4 4 3 2 3 3 3 6 3 3 3 5 4 1 3 4 3
9 5 8 1 1 4 7 7 6 5 7 1 8 4 4 8 0 9 1 1 3 8 2 5 4 9 5 7 6 3 3 1 5 9 6 5 8 5 5 3 3 8 1 9 6 2 8 3 8 8
7 9 10 7 3 12 10 8 11 3 11 13 4 6 6 8 4 0 12 9 1 8 4 1 10 2 3 13 9 10 11 9 3 8 3 12 6 3 4 1 7 8 4 3 12 4 7 4 4 1
1 11 2 2 3 5 6 7 7 9 10 2 4 9 11 3 1 5 0 3 8 9 8 4 4 5 6 2 8 4 6 8 5 2 7 4 5 5 1 7 7 1 1 7 2 11 4 11 9 3
2 1 4 4 3 1 1 1 2 1 1 2 4 1 1 3 2 3 3 0 2 3 2 3 2 4 3 2 3 2 4 3 3 2 4 2 4 1 1 2 3 3 1 2 4 2 4 1 4 2
9 7 7 6 5 2 10 1 1 1 7 10 6 7 11 3 8 2 1 6 0 1 2 4 12 3 2 4 2 10 2 7 8 7 1 5 1 1 10 5 6 3 6 9 7 1 8 1 8 7
5 1 10 3 10 7 6 2 4 6 5 8 6 10 6 8 6 10 7 3 4 0 8 12 7 5 10 6 11 11 11 7 2 4 9 14 12 4 1 3 2 6 1 5 8 6 2 10 11 4
4 9 5 1 4 6 2 6 5 7 7 4 2 2 2 1 8 3 6 6 6 5 0 2 4 4 7 8 9 3 4 9 2 8 9 7 1 6 4 4 6 5 3 7 7 5 7 5 1 8
9 8 6 4 3 8 6 3 6 11 3 9 3 8 8 2 3 4 4 10 4 9 1 0 4 11 4 10 6 11 4 7 6 6 4 4 8 10 6 10 11 11 3 10 3 10 3 11 2 5
7 4 9 4 11 7 5 5 4 1 9 9 9 4 2 1 9 4 2 10 11 6 11 10 0 7 10 5 8 11 8 2 1 10 10 7 10 10 11 8 2 5 2 6 8 8 2 2 1 7
2 2 2 2 1 4 3 1 1 3 2 1 3 1 3 1 2 3 2 2 2 4 3 2 1 0 1 3 1 1 1 1 3 2 1 1 2 2 3 1 4 3 2 3 2 3 1 4 2 2
9 14 7 2 7 9 10 7 6 5 1 1 8 7 6 2 12 3 1 5 2 6 3 13 7 7 0 1 2 6 1 8 6 7 1 1 6 11 6 5 6 6 5 11 1 4 5 5 1 1
6 1 2 5 8 1 3 3 1 1 2 6 4 5 2 6 4 4 2 1 3 6 1 5 4 7 3 0 6 4 1 5 4 1 5 5 2 7 3 3 4 1 1 5 3 6 5 3 1 2
7 2 6 3 1 8 3 1 6 6 7 3 1 5 3 3 4 3 3 1 2 2 1 3 2 5 1 1 0 1 3 3 2 4 5 5 3 3 7 1 5 6 4 4 1 6 3 5 7 4
4 18 16 4 3 15 5 15 3 14 7 15 15 10 17 3 12 1 13 12 18 14 13 8 3 18 3 6 17 0 11 6 3 14 13 2 5 16 7 8 14 9 8 4 11 2 8 2 18 3
2 2 2 1 2 2 2 1 2 1 1 1 1 1 1 1 1 1 1 1 1 2 2 2 1 2 2 1 1 1 0 2 1 1 1 2 2 2 2 2 2 1 2 2 1 2 1 2 2 1
8 13 9 10 3 3 8 2 1 8 1 8 1 12 4 10 9 12 10 7 6 7 2 6 4 9 11 9 7 2 3 0 5 6 6 6 13 11 5 13 12 5 8 1 2 4 11 9 11 11
3 1 5 1 3 1 1 3 2 7 7 6 2 5 2 3 2 4 4 4 3 6 4 1 3 6 3 9 4 6 1 6 0 2 6 7 1 3 7 2 1 8 5 3 8 4 6 4 7 2
5 2 5 6 1 3 6 4 3 5 4 6 5 3 1 2 2 5 2 6 4 4 8 1 3 2 2 3 8 4 4 6 9 0 2 3 7 3 3 9 5 5 5 2 3 6 8 5 7 1
7 6 6 5 1 3 8 2 3 1 9 1 12 8 3 10 4 11 1 2 1 9 10 1 8 6 6 2 7 1 6 2 13 9 0 6 11 9 5 6 4 8 3 6 6 1 14 6 4 6
1 3 3 9 9 6 10 9 4 1 10 5 10 1 1 6 3 7 4 7 9 1 10 2 6 10 5 2 2 8 1 2 7 9 7 0 5 9 7 6 4 7 10 6 3 7 9 8 3 5
2 2 2 2 3 2 3 2 4 3 2 2 1 1 2 1 2 1 1 3 1 3 1 3 1 3 2 4 1 3 1 1 2 4 1 1 0 4 4 1 1 2 2 3 2 1 2 3 3 2
6 2 7 7 5 2 6 8 5 7 2 5 5 5 6 1 1 1 3 7 1 7 5 7 3 6 2 2 1 1 3 2 4 3 4 3 4 0 1 4 2 7 5 2 3 6 2 3 4 2
2 1 2 1 4 4 3 4 3 3 4 3 2 2 3 4 2 2 4 3 3 3 1 2 2 3 3 4 1 2 4 1 3 1 3 3 3 3 0 3 1 3 4 3 1 1 1 1 2 4
3 4 5 5 3 6 2 4 4 7 5 3 5 5 8 1 4 6 3 4 2 6 2 7 4 8 8 8 4 2 6 4 7 4 1 3 7 7 7 0 2 6 2 2 5 3 8 2 6 4
1 2 3 3 3 3 2 2 5 5 3 6 5 4 2 4 3 4 5 2 2 1 4 3 4 5 2 4 4 1 5 1 4 6 1 2 2 4 2 2 0 4 2 1 1 4 1 1 1 5
6 2 1 4 1 5 5 2 7 6 1 5 3 4 2 3 1 6 7 3 1 7 4 2 6 7 5 5 3 5 1 2 4 6 6 2 5 8 7 1 1 0 7 8 5 2 6 3 1 5
6 2 3 1 4 2 3 7 5 3 2 3 4 3 5 2 8 5 6 2 1 8 2 3 4 2 5 8 5 2 3 6 6 4 2 6 5 5 2 8 2 4 0 2 1 1 8 4 4 4
3 1 3 2 2 2 2 2 2 4 1 3 2 2 2 2 1 4 1 1 1 3 3 2 2 3 3 1 1 4 1 2 2 1 3 2 2 1 3 2 2 1 2 0 3 1 2 3 3 2
2 2 1 3 3 2 2 1 3 2 3 1 4 2 1 3 1 2 4 2 1 2 2 3 3 2 2 1 2 1 3 1 3 2 1 1 2 1 3 3 2 3 1 1 0 3 3 3 3 2
2 6 1 2 3 4 3 9 4 3 5 6 5 6 1 4 4 8 5 1 8 4 1 6 6 5 1 1 6 1 4 6 2 5 8 5 1 3 7 7 2 4 1 5 2 0 1 7 4 5
5 11 2 11 12 2 3 10 10 6 12 2 11 11 5 2 7 4 10 3 10 8 3 12 12 9 4 10 12 11 2 8 8 1 12 10 1 13 7 11 13 3 10 3 5 13 0 5 4 13
1 12 15 14 22 19 12 3 8 15 18 7 11 22 2 3 8 21 2 8 8 19 23 14 1 8 10 1 13 18 2 20 18 17 13 5 12 1 2 14 1 6 9 18 14 23 19 0 7 7
6 7 3 4 1 2 2 3 1 7 6 3 3 5 7 1 1 5 3 3 4 4 7 2 3 1 1 3 3 7 4 5 4 1 1 4 2 2 1 7 5 6 2 5 5 1 2 1 0 8
6 6 9 5 1 8 4 2 2 6 4 2 5 4 2 1 2 2 10 1 4 2 5 10 1 1 1 2 7 8 3 10 5 4 1 6 2 7 4 6 5 3 7 5 6 7 3 6 5 0