20
25 1 487
21 27 59
17 50 77
24 68 117
20 94 435
17 95 475
17 87 488
23 0 477
21 143 487
17 211 281
21 145 302
12 97 325
27 93 479
18 303 384
13 84 477
20 93 439
19 360 461
21 192 482
20 406 525
23 439 557
0 9 12 7 2 6 2 2 2 7 12 9 2 2 7 6 0 6 6 7
9 0 5 2 2 0 1 6 4 1 0 2 2 5 5 4 9 1 2 4
12 5 0 13 3 3 6 5 2 4 0 4 11 2 5 5 8 5 6 0
7 2 13 0 6 8 8 0 0 11 9 5 6 3 7 2 1 5 2 7
2 2 3 6 0 10 9 10 6 5 1 8 7 1 1 5 2 3 6 9
6 0 3 8 10 0 7 5 3 4 4 3 8 6 1 2 3 6 7 2
2 1 6 8 9 7 0 11 4 2 0 3 8 3 6 7 5 3 4 2
2 6 5 0 10 5 11 0 10 2 2 0 6 9 2 8 7 4 3 0
2 4 2 0 6 3 4 10 0 4 0 5 0 7 5 0 10 2 5 2
7 1 4 11 5 4 2 2 4 0 8 3 6 5 7 4 11 9 10 0
12 0 0 9 1 4 0 2 0 8 0 9 3 5 4 8 5 4 1 7
9 2 4 5 8 3 3 0 5 3 9 0 4 10 1 5 7 7 5 9
2 2 11 6 7 8 8 6 0 6 3 4 0 10 1 1 8 10 5 5
2 5 2 3 1 6 3 9 7 5 5 10 10 0 7 13 1 5 7 6
7 5 5 7 1 1 6 2 5 7 4 1 1 7 0 13 2 2 3 6
6 4 5 2 5 2 7 8 0 4 8 5 1 13 13 0 4 6 4 0
0 9 8 1 2 3 5 7 10 11 5 7 8 1 2 4 0 10 5 4
6 1 5 5 3 6 3 4 2 9 4 7 10 5 2 6 10 0 9 2
6 2 6 2 6 7 4 3 5 10 1 5 5 7 3 4 5 9 0 9
7 4 0 7 9 2 2 0 2 0 7 9 5 6 6 0 4 2 9 0
