30
20 0 814
18 21 574
18 0 488
21 1 684
18 84 126
17 118 574
21 137 191
23 1 689
24 40 552
26 46 546
14 243 314
23 261 345
19 286 816
14 311 620
20 332 423
21 280 865
20 371 799
27 45 505
19 46 550
20 19 576
20 480 606
19 311 625
14 373 656
31 5 697
23 589 785
18 613 824
20 583 775
18 371 802
17 0 810
30 272 866
0 7 8 1 2 0 0 5 6 6 3 8 7 7 8 8 9 9 4 7 2 3 10 0 6 0 2 0 4 1
7 0 13 4 7 7 5 5 4 9 0 4 8 6 7 4 4 2 6 1 7 7 3 3 5 9 12 8 5 3
8 13 0 7 2 5 7 0 1 11 7 2 2 6 2 6 9 7 0 7 5 9 7 7 2 2 2 4 0 5
1 4 7 0 7 3 1 5 3 2 8 7 2 3 6 2 4 9 4 7 3 7 5 3 4 14 7 2 1 7
2 7 2 7 0 15 6 0 6 4 2 2 6 4 6 4 0 3 9 6 5 4 9 11 4 4 10 8 1 9
0 7 5 3 15 0 13 5 5 5 4 8 0 7 7 0 8 7 7 2 3 2 7 0 3 3 5 9 6 7
0 5 7 1 6 13 0 6 5 7 7 5 2 3 3 5 5 9 8 9 10 6 5 7 4 11 1 6 8 4
5 5 0 5 0 5 6 0 9 5 4 2 9 5 5 2 4 4 7 3 2 5 0 2 2 10 6 2 0 4
6 4 1 3 6 5 5 9 0 10 5 1 3 5 7 7 3 4 3 6 3 2 4 8 7 1 0 3 5 2
6 9 11 2 4 5 7 5 10 0 8 5 3 2 4 7 3 10 6 9 6 0 5 4 6 2 0 3 2 8
3 0 7 8 2 4 7 4 5 8 0 7 4 6 0 6 1 3 5 9 7 5 0 6 1 9 9 3 4 6
8 4 2 7 2 8 5 2 1 5 7 0 8 4 4 2 4 5 3 3 6 3 9 4 10 0 4 3 1 9
7 8 2 2 6 0 2 9 3 3 4 8 0 7 3 6 13 2 4 8 4 6 11 0 8 2 2 0 0 9
7 6 6 3 4 7 3 5 5 2 6 4 7 0 10 0 0 3 3 3 2 7 5 3 2 5 1 13 3 6
8 7 2 6 6 7 3 5 7 4 0 4 3 10 0 7 9 5 4 2 0 8 3 3 5 7 9 1 1 4
8 4 6 2 4 0 5 2 7 7 6 2 6 0 7 0 8 6 2 2 6 9 1 2 6 13 5 1 7 2
9 4 9 4 0 8 5 4 3 3 1 4 13 0 9 8 0 6 2 0 5 5 10 3 11 4 0 2 1 9
9 2 7 9 3 7 9 4 4 10 3 5 2 3 5 6 6 0 15 5 8 5 7 4 5 4 10 6 0 2
4 6 0 4 9 7 8 7 3 6 5 3 4 3 4 2 2 15 0 9 2 5 4 3 4 0 5 2 6 7
7 1 7 7 6 2 9 3 6 9 9 3 8 3 2 2 0 5 9 0 10 6 8 6 6 9 7 0 0 4
2 7 5 3 5 3 10 2 3 6 7 6 4 2 0 6 5 8 2 10 0 10 0 6 7 0 2 11 6 3
3 7 9 7 4 2 6 5 2 0 5 3 6 7 8 9 5 5 5 6 10 0 8 2 7 9 2 10 1 10
10 3 7 5 9 7 5 0 4 5 0 9 11 5 3 1 10 7 4 8 0 8 0 11 6 6 4 6 4 4
0 3 7 3 11 0 7 2 8 4 6 4 0 3 3 2 3 4 3 6 6 2 11 0 10 4 7 8 1 4
6 5 2 4 4 3 4 2 7 6 1 10 8 2 5 6 11 5 4 6 7 7 6 10 0 7 2 4 5 10
0 9 2 14 4 3 11 10 1 2 9 0 2 5 7 13 4 4 0 9 0 9 6 4 7 0 11 5 1 4
2 12 2 7 10 5 1 6 0 0 9 4 2 1 9 5 0 10 5 7 2 2 4 7 2 11 0 7 4 11
0 8 4 2 8 9 6 2 3 3 3 3 0 13 1 1 2 6 2 0 11 10 6 8 4 5 7 0 8 9
4 5 0 1 1 6 8 0 5 2 4 1 0 3 1 7 1 0 6 0 6 1 4 1 5 1 4 8 0 7
1 3 5 7 9 7 4 4 2 8 6 9 9 6 4 2 9 2 7 4 3 10 4 4 10 4 11 9 7 0
