50
28 4 87
25 4 100
19 6 84
19 4 93
14 3 100
13 6 73
22 1 101
12 2 122
21 4 71
29 4 73
25 204 314
21 205 304
25 206 313
14 202 302
24 205 282
26 203 299
26 203 270
14 204 294
27 201 313
11 205 277
12 402 513
20 406 474
23 401 480
12 406 487
20 405 472
12 406 512
27 402 492
29 401 529
25 401 505
11 401 485
18 606 679
23 604 713
12 602 715
16 603 727
19 605 694
12 601 710
23 606 681
13 601 702
29 604 684
20 604 680
26 803 906
11 805 892
11 804 911
12 806 913
13 805 889
10 806 889
25 801 905
20 804 903
28 806 876
11 803 919
0 4 1 1 3 1 1 4 2 1 2 2 3 1 4 3 2 2 4 4 3 4 2 2 4 1 2 3 2 3 3 3 4 1 2 3 1 1 2 1 4 2 2 1 1 3 1 3 3 4
2 0 2 3 1 3 4 4 4 1 4 4 2 2 4 4 1 3 3 1 4 4 3 3 1 1 1 3 4 1 2 2 2 4 3 1 4 4 3 4 4 1 2 3 2 1 1 2 1 3
2 3 0 1 1 2 2 3 2 4 3 3 1 2 1 1 4 1 2 2 1 3 2 2 3 2 2 4 4 2 2 1 2 1 2 2 2 2 4 2 1 4 3 4 1 4 1 1 4 2
1 3 4 0 3 4 1 1 1 1 1 4 1 3 3 1 3 1 2 4 1 3 3 3 4 4 1 1 2 1 3 3 2 2 3 3 3 1 3 4 1 4 3 1 2 3 4 3 3 3
1 4 2 4 0 4 1 4 4 3 3 2 1 4 2 2 3 4 1 1 2 2 4 1 1 2 3 3 4 1 3 1 3 1 1 2 3 4 4 2 4 1 3 4 4 1 3 1 1 1
2 1 3 4 4 0 3 4 1 2 3 4 3 3 1 2 3 4 4 2 1 1 4 3 2 2 3 2 1 2 1 2 1 2 1 3 3 3 3 4 3 1 3 3 3 1 3 3 3 3
2 1 3 3 2 1 0 2 1 1 1 2 2 1 2 4 1 4 3 3 2 2 1 3 1 4 4 1 4 2 1 4 3 3 1 1 4 2 4 2 1 3 1 3 3 1 1 2 1 2
4 3 4 1 1 4 2 0 1 4 3 2 2 4 1 3 3 1 1 3 4 1 4 4 4 2 2 3 2 1 4 3 4 3 1 4 4 4 4 4 2 4 4 2 3 4 1 2 1 2
3 4 2 2 2 3 2 1 0 2 2 4 3 1 3 4 3 4 4 1 1 2 3 1 3 3 1 4 1 1 4 3 2 2 4 2 2 1 1 1 2 1 4 1 1 4 2 4 4 2
2 1 3 1 2 4 2 4 1 0 2 3 1 2 4 2 2 3 2 2 4 3 1 3 2 4 2 1 4 3 1 1 4 3 1 3 3 1 4 4 3 2 3 4 4 1 1 4 4 4
3 1 3 2 2 2 3 2 4 4 0 2 1 3 1 1 3 3 2 1 4 3 3 2 1 1 4 4 3 1 2 4 3 4 1 1 3 3 1 2 4 1 4 4 1 2 2 2 1 1
2 4 2 1 4 3 1 2 3 2 3 0 3 4 2 3 1 2 3 3 4 2 1 2 3 2 3 2 2 2 4 1 4 1 2 4 2 3 1 1 2 4 4 1 3 3 4 2 4 2
4 1 3 3 3 4 3 4 1 2 1 3 0 3 4 3 1 2 1 1 4 1 2 1 2 4 1 3 4 3 3 3 4 2 2 4 1 2 2 3 4 2 3 3 4 2 3 4 3 3
3 2 4 2 3 4 3 1 2 4 3 3 1 0 4 3 2 3 4 2 4 2 1 4 4 2 2 1 2 1 4 3 3 3 4 4 2 3 4 4 2 3 3 2 2 4 1 1 1 3
4 2 1 1 3 3 3 3 2 3 4 1 4 1 0 3 1 4 1 3 3 3 3 4 4 2 3 2 4 1 3 4 3 3 3 2 1 1 2 3 2 1 1 3 4 3 4 4 2 1
2 1 4 2 2 3 4 2 1 4 3 3 1 1 1 0 2 3 4 1 2 4 4 4 2 3 1 4 1 3 4 1 2 1 2 3 1 1 3 3 3 1 4 2 1 4 3 2 1 4
2 1 1 1 2 3 2 3 1 2 1 2 4 1 1 4 0 4 2 1 4 3 4 2 3 2 4 3 2 4 4 2 3 3 4 3 1 2 1 3 3 3 1 4 4 4 1 3 3 3
1 2 4 1 2 1 2 2 4 1 4 2 2 1 1 2 1 0 1 1 2 3 4 2 4 4 1 1 3 3 4 4 4 1 2 2 2 4 1 1 3 4 2 3 3 4 3 1 2 3
1 2 4 1 4 3 3 4 1 2 4 4 2 4 2 2 1 3 0 3 4 3 4 1 4 3 2 4 3 2 4 4 2 3 3 3 2 3 4 3 1 4 2 4 1 4 4 3 2 3
2 3 4 2 4 3 3 1 3 4 3 2 4 4 1 4 4 4 1 0 1 3 3 1 4 2 4 3 4 2 2 3 1 3 4 1 1 1 4 4 1 2 1 1 3 4 4 1 3 4
4 4 3 2 2 1 4 1 3 1 1 2 2 2 2 3 1 3 2 3 0 3 2 4 3 3 2 2 4 3 2 1 3 4 2 2 3 1 1 4 3 3 2 2 3 2 2 4 4 4
4 3 3 2 2 2 4 2 4 1 1 4 4 4 3 4 1 3 4 2 4 0 1 2 3 4 1 4 2 4 4 1 2 1 3 1 2 2 3 1 2 2 2 2 4 4 3 2 2 3
1 1 3 4 3 2 2 1 2 3 4 4 4 4 4 1 1 1 4 4 4 3 0 1 1 2 1 4 1 3 4 3 2 1 4 1 1 3 1 2 1 2 1 1 4 2 3 3 1 2
1 1 1 1 4 2 4 2 1 1 1 2 3 2 2 2 1 1 1 4 1 3 3 0 3 1 1 4 2 3 2 4 2 4 1 4 2 1 1 2 2 1 1 3 4 1 3 3 2 3
3 3 4 3 4 2 2 3 1 3 3 1 2 4 2 3 1 1 4 2 4 4 4 1 0 2 1 1 1 2 2 2 4 4 2 4 4 2 1 1 2 1 1 1 1 4 2 2 2 3
3 1 1 4 1 3 2 2 2 2 1 3 3 4 4 1 1 4 4 3 4 1 1 3 3 0 2 3 4 2 2 1 3 1 2 4 4 1 2 2 4 1 2 4 1 3 4 4 2 4
1 1 4 3 1 4 4 3 2 2 1 3 2 2 1 1 3 3 1 1 4 3 2 3 3 2 0 1 2 3 1 4 3 1 4 3 2 1 2 2 2 2 2 4 4 1 2 3 2 1
1 3 2 1 3 2 3 4 4 1 3 2 4 1 3 4 3 3 4 3 4 3 3 4 2 3 3 0 4 2 4 4 2 3 3 1 3 1 3 4 3 2 2 4 4 2 4 2 4 2
3 4 3 2 1 3 4 1 3 4 3 2 2 3 1 1 4 1 2 1 4 1 4 1 2 2 3 3 0 1 2 4 2 4 4 3 4 1 3 3 2 2 4 2 3 4 4 1 4 3
2 4 2 3 4 1 2 1 2 2 4 4 3 2 2 2 4 2 1 2 3 3 2 1 4 1 1 1 1 0 4 2 3 1 3 3 1 3 4 1 2 1 1 3 4 2 3 3 4 1
1 1 2 1 2 4 2 4 2 1 4 1 1 3 4 4 3 2 4 2 3 1 4 2 4 3 4 1 3 2 0 1 4 1 1 4 2 2 4 4 3 2 3 1 1 4 3 3 2 1
1 4 4 4 4 4 4 2 2 4 3 3 4 4 1 3 2 3 2 4 2 3 2 2 2 2 1 4 1 4 3 0 3 4 3 4 2 4 2 2 4 1 3 3 4 1 2 2 1 3
4 1 2 1 2 4 2 2 4 1 2 1 3 2 1 4 1 3 2 3 2 2 4 3 1 2 3 1 1 4 2 1 0 3 1 4 4 1 4 1 1 1 3 4 3 1 4 4 2 2
1 1 3 1 3 2 4 1 3 4 4 3 3 1 3 1 3 3 1 4 2 2 3 2 1 1 1 4 2 4 2 2 1 0 4 3 4 1 1 4 1 4 2 3 1 4 2 4 2 1
2 3 4 3 1 2 1 3 3 3 1 1 4 4 3 1 1 3 1 4 1 4 3 4 3 2 3 4 1 4 1 2 1 2 0 1 3 3 3 2 2 1 2 2 4 3 1 3 1 3
2 4 2 4 1 2 4 2 2 1 1 4 4 4 1 2 1 1 1 4 1 3 2 1 1 3 2 2 1 1 1 2 2 2 1 0 1 3 2 1 1 4 1 1 3 4 4 2 4 2
2 3 2 2 3 4 3 4 1 3 3 3 4 3 4 1 3 3 3 2 1 1 4 1 1 1 4 4 2 4 4 2 2 4 4 2 0 3 2 1 2 2 2 1 3 2 1 3 1 3
2 3 3 3 1 2 3 2 1 4 3 3 4 1 4 4 3 3 3 2 4 2 2 1 4 4 3 2 3 4 3 3 4 1 4 4 1 0 2 3 4 1 3 4 3 2 3 1 4 1
1 1 2 3 2 4 1 1 2 4 1 1 2 4 2 3 1 4 1 1 4 1 3 4 2 1 4 2 1 2 2 1 4 4 4 3 1 1 0 3 2 3 3 4 4 1 2 2 1 2
1 2 3 1 1 1 3 2 1 1 3 3 3 1 3 1 2 4 1 3 3 1 1 2 1 1 1 3 4 4 4 4 1 3 3 3 2 2 2 0 3 2 3 4 2 1 1 3 1 2
4 3 3 2 3 1 3 2 2 2 1 4 3 2 3 4 4 2 2 2 4 4 1 2 2 4 1 4 2 3 3 1 1 1 1 4 2 3 4 4 0 4 1 2 1 3 2 3 1 4
3 1 3 3 3 2 1 1 1 3 4 1 3 2 4 3 2 4 4 4 3 3 1 2 3 1 4 4 3 1 2 1 3 4 1 1 2 4 4 1 3 0 2 2 2 3 4 2 4 3
2 3 3 1 1 2 3 4 1 3 3 3 2 3 2 4 4 3 2 2 1 2 1 3 1 2 2 2 1 1 4 4 1 1 2 1 3 2 4 4 2 1 0 2 1 1 3 3 4 3
4 4 3 1 4 3 3 4 3 3 4 3 2 4 3 3 1 2 4 3 4 1 4 2 3 4 3 3 1 3 2 1 1 2 4 3 3 2 3 1 1 3 3 0 2 2 1 4 3 3
1 4 1 3 4 4 1 4 3 1 2 3 3 2 3 2 2 1 1 4 2 4 1 4 1 4 2 3 1 3 4 4 2 1 2 2 1 3 3 1 1 2 4 3 0 3 2 3 3 2
4 3 2 1 1 4 3 3 4 1 1 4 1 4 3 2 4 1 3 2 3 4 4 2 2 1 3 2 4 1 2 4 2 2 1 2 1 1 1 1 1 2 3 2 3 0 1 4 2 2
3 4 3 4 4 2 2 1 1 2 4 2 3 3 2 4 3 1 1 4 2 2 3 3 2 1 1 4 1 2 4 3 3 1 4 3 3 2 1 4 3 4 3 4 3 2 0 1 4 3
1 2 4 3 3 4 2 2 2 2 2 3 4 1 2 4 4 2 1 4 2 1 1 3 3 1 2 1 1 1 2 1 1 1 1 3 2 3 2 1 4 1 1 3 4 1 4 0 2 3
1 1 3 3 3 3 2 2 4 3 3 4 4 4 2 3 1 4 3 3 1 4 3 3 2 4 4 2 3 1 3 4 3 3 1 1 1 1 3 1 1 4 2 3 3 1 1 2 0 1
4 4 2 1 4 4 3 4 2 4 3 4 1 1 4 2 2 3 4 3 4 4 2 2 1 1 1 1 1 4 3 3 2 2 1 2 4 3 3 4 2 3 3 4 4 1 3 3 3 0