150
29 6 1166
19 27 49
13 49 4003
19 64 2436
21 95 2290
19 121 3743
17 131 1400
13 152 1015
20 170 650
17 78 4004
18 216 3650
25 62 4013
23 271 4019
22 122 3293
16 314 4079
17 338 2696
19 357 463
20 372 1578
18 131 3290
18 426 537
20 441 565
25 127 3740
22 486 1511
19 167 660
16 74 4007
24 566 716
21 587 4034
22 66 1956
14 632 802
14 123 4009
10 385 3907
17 705 866
26 719 909
14 752 3056
21 61 3940
27 790 992
18 148 1014
16 856 3883
25 867 1080
23 890 1112
17 922 1146
23 0 1171
21 982 1208
18 996 3323
26 465 1566
21 853 3880
14 1080 1321
23 1097 1352
18 1122 3809
22 136 1403
19 244 4020
16 76 4010
15 1210 1491
14 489 4031
21 1260 3307
17 379 1572
27 94 2287
23 71 4007
13 119 2835
15 658 1929
18 1398 1709
13 1000 3550
20 1438 3751
23 1188 1928
24 1493 1831
24 294 3674
18 1543 1897
21 1189 1926
18 1593 1958
11 59 2444
13 60 3686
16 1645 2013
25 1664 2053
16 1688 2074
25 1712 2101
17 1002 4116
19 1755 2151
20 1778 3026
16 270 4024
18 1815 3598
22 777 3942
21 90 2283
15 1898 2315
15 998 2521
19 1931 2551
19 1943 3313
16 1975 3789
22 66 3742
12 2010 2460
22 2030 2498
23 994 2525
23 1928 2556
21 77 3992
13 2143 2619
30 2153 3063
13 2186 2671
18 334 2925
17 1778 2726
22 52 3943
20 291 3677
25 2292 3484
22 105 2836
23 2337 2873
22 2362 3625
12 336 2916
20 2404 2957
14 2435 2975
16 123 4004
24 1771 3965
20 752 3059
17 381 3094
21 298 3665
19 772 3942
19 1000 4108
17 2625 3201
16 2658 3241
14 2293 3477
16 1038 3876
12 123 3301
13 1257 3312
24 993 3325
27 2751 3384
25 2785 3412
19 2815 3436
22 2836 3467
23 2287 3492
23 2105 3977
21 992 3546
14 2930 3578
20 1816 3600
18 2368 3631
18 218 3650
18 81 3991
16 59 4008
20 65 3742
20 1436 3757
16 1980 3780
21 1123 3810
18 3160 4075
19 1034 3873
18 384 4025
16 241 4004
20 2579 3956
22 1774 3969
13 51 4009
23 241 4018
22 310 4079
21 1001 4116
22 3393 4140
13 3417 4161
0 5 1 3 5 2 2 6 3 8 5 1 8 4 1 5 3 8 3 4 8 2 3 4 7 6 6 4 3 2 5 4 6 3 5 4 5 0 9 0 1 3 6 3 10 7 5 6 2 10 3 6 4 6 7 10 0 5 0 10 6 0 7 2 6 7 3 0 7 1 7 5 6 0 4 7 6 4 1 8 3 7 8 4 4 4 7 12 0 1 3 2 5 0 2 4 5 5 7 2 5 4 2 6 0 7 8 4 6 6 9 3 0 6 5 4 1 1 9 5 3 4 5 3 0 7 2 4 4 6 4 2 10 0 8 0 2 7 8 2 2 0 5 1 6 4 5 4 4 1
5 0 10 4 0 3 9 7 11 6 6 4 5 6 5 6 8 9 7 9 5 2 5 5 0 0 4 4 6 2 4 2 2 10 1 3 7 4 6 3 10 5 5 2 2 7 5 4 4 5 4 3 0 9 4 4 6 8 6 1 7 4 3 5 6 0 2 4 8 11 7 1 3 10 3 5 1 4 1 4 8 5 4 6 7 5 6 8 4 10 1 5 0 6 0 4 4 5 7 6 7 3 7 7 1 5 4 7 9 4 8 6 8 0 3 2 13 1 9 7 3 6 9 4 6 3 4 3 7 9 6 10 5 4 5 2 9 12 0 3 1 4 7 4 7 4 2 3 7 7
1 10 0 7 4 6 0 10 3 8 4 6 6 5 11 8 5 4 1 5 5 4 7 8 6 2 5 11 3 0 4 7 5 6 3 5 10 8 7 3 2 8 6 2 2 4 8 0 4 5 6 0 10 2 6 1 5 4 2 5 6 6 7 7 6 7 5 0 6 3 9 4 6 3 1 2 7 7 2 9 9 8 5 0 8 0 6 0 3 3 6 3 4 7 7 6 3 6 6 3 2 9 8 5 1 6 8 3 4 7 3 7 6 3 8 0 1 2 6 0 9 8 0 5 12 3 5 8 6 3 3 7 4 6 5 8 8 10 3 1 5 2 13 7 5 11 2 2 5 6
3 4 7 0 9 4 3 2 4 4 7 2 5 3 5 1 5 6 5 8 2 8 2 0 5 9 2 2 1 0 5 4 8 4 10 7 6 8 3 2 5 4 13 9 3 2 2 5 5 5 4 4 7 7 9 7 1 2 5 5 2 2 8 6 2 0 6 1 2 2 6 7 8 2 2 2 4 7 11 9 4 0 5 4 7 0 4 5 4 3 8 2 4 6 3 7 10 5 2 4 7 3 7 5 6 5 4 7 3 4 7 7 6 4 10 3 8 4 4 4 1 3 4 5 6 6 4 0 4 6 3 5 4 1 2 5 1 6 3 4 8 4 4 6 0 5 8 11 0 6
5 0 4 9 0 7 4 8 0 2 9 2 3 9 3 5 5 4 6 5 5 3 5 9 10 3 4 5 3 7 6 1 9 6 3 3 0 4 11 5 4 9 9 3 8 0 8 3 3 0 7 5 5 0 4 6 4 7 5 3 6 9 5 7 1 3 7 6 6 3 0 6 5 6 9 3 3 3 5 0 4 5 1 6 0 6 0 11 2 10 3 3 0 1 3 5 8 8 7 7 0 9 6 3 6 2 5 8 3 3 2 5 8 3 3 5 8 0 1 6 0 8 6 0 6 0 4 2 6 9 2 3 5 7 8 1 1 1 3 6 6 2 5 5 0 3 0 3 7 0
2 3 6 4 7 0 6 10 7 7 1 2 4 9 5 1 3 7 10 9 0 2 3 5 4 3 9 5 7 10 4 6 5 1 3 4 9 3 4 6 7 10 7 5 6 3 6 0 8 2 3 7 5 0 0 0 12 1 4 6 6 3 0 8 2 6 5 2 5 6 8 5 5 7 7 3 8 4 8 10 10 0 5 10 5 4 10 8 6 5 3 2 10 6 1 6 6 3 2 7 3 2 1 5 6 3 1 4 4 4 7 4 0 4 2 7 1 3 5 7 6 9 1 5 7 4 5 6 9 7 11 9 6 4 0 3 7 0 3 8 1 2 7 7 6 2 4 5 8 6
2 9 0 3 4 6 0 9 7 3 0 6 8 8 3 2 3 5 7 3 3 4 3 5 14 11 7 8 2 5 1 1 3 5 7 4 10 4 3 7 2 8 7 6 4 3 6 7 5 6 2 4 8 0 7 3 2 8 1 4 5 0 6 6 3 4 7 1 6 5 4 3 5 10 4 7 2 0 9 6 2 3 3 6 7 3 5 6 4 4 6 8 0 0 11 8 9 4 7 7 0 1 4 6 1 8 8 10 3 1 5 5 7 7 7 5 1 3 8 7 1 4 5 5 3 6 5 8 6 1 7 0 12 6 8 9 7 5 6 7 4 2 4 4 5 0 3 6 5 2
6 7 10 2 8 10 9 0 8 1 10 8 7 3 7 1 0 5 3 6 3 4 0 3 6 3 10 3 7 4 0 3 3 8 6 6 8 3 2 1 4 10 3 8 4 8 4 5 4 2 4 5 7 7 4 9 8 4 4 0 2 6 2 7 6 6 3 4 1 13 8 3 3 1 7 4 8 7 5 5 5 7 10 6 5 13 8 4 7 6 11 5 4 4 5 7 0 4 9 3 8 5 8 9 0 5 5 5 9 6 1 0 5 6 7 8 4 4 4 1 6 2 6 2 5 2 4 4 8 5 11 4 3 6 3 9 5 4 0 6 6 2 5 11 3 5 4 4 5 8
3 11 3 4 0 7 7 8 0 6 5 2 4 8 1 1 6 13 0 4 2 3 2 6 5 3 2 3 8 1 3 3 5 5 2 3 6 7 4 3 6 3 4 0 1 3 8 7 0 4 0 8 4 7 1 5 3 2 8 2 7 0 3 3 5 6 7 2 2 7 0 7 4 13 6 6 12 8 2 1 1 9 3 4 0 6 4 3 4 2 2 4 0 0 6 5 2 0 3 9 10 3 8 2 6 1 5 1 3 3 5 9 5 4 6 3 3 4 1 6 3 4 2 3 4 6 0 0 5 6 6 9 4 9 2 4 7 3 4 3 4 4 5 7 0 1 4 6 6 6
8 6 8 4 2 7 3 1 6 0 12 4 9 5 3 1 2 5 0 10 4 7 3 3 5 4 7 0 6 2 7 3 2 4 7 2 7 6 3 3 1 2 5 4 7 6 11 5 7 8 5 0 5 0 6 1 5 8 9 0 5 4 0 1 2 5 1 4 0 5 4 1 1 6 8 11 3 5 4 3 6 4 1 6 1 3 3 5 8 6 7 5 9 6 4 5 8 4 4 11 8 8 7 6 8 0 1 2 5 0 5 3 6 10 7 7 4 4 5 7 5 5 3 6 8 2 4 3 6 3 5 4 2 6 4 7 3 8 4 3 9 0 2 3 8 0 9 7 10 0
5 6 4 7 9 1 0 10 5 12 0 6 3 4 0 3 6 6 3 0 3 3 3 7 10 3 3 3 8 3 4 5 2 1 4 5 7 7 15 4 7 6 6 6 4 5 2 2 0 7 8 5 5 4 7 6 4 8 7 10 6 5 4 4 3 11 10 0 8 7 0 3 1 1 6 4 0 4 5 2 0 3 2 4 8 5 4 9 4 6 9 6 9 10 3 5 3 0 7 3 6 8 9 11 3 5 9 2 1 6 6 8 5 5 0 3 5 3 6 0 7 5 2 4 2 3 3 7 8 8 6 3 2 1 5 8 11 4 0 5 6 6 4 6 4 11 1 6 4 5
1 4 6 2 2 2 6 8 2 4 6 0 14 2 10 6 7 7 8 7 5 1 5 8 3 2 8 4 3 4 5 10 4 3 4 4 6 1 4 9 5 0 5 3 5 5 5 3 0 5 5 6 6 6 1 0 4 0 7 11 1 9 4 4 9 0 2 6 0 0 6 5 5 3 3 3 5 0 5 5 8 6 3 1 2 2 5 6 1 3 11 5 4 0 5 7 3 0 6 6 3 7 7 3 8 4 8 3 0 2 6 10 4 6 1 9 3 7 5 6 2 4 3 3 3 10 3 0 2 9 5 11 10 5 7 4 4 5 9 3 6 0 8 1 1 2 7 11 0 3
8 5 6 5 3 4 8 7 4 9 3 14 0 6 10 2 5 6 6 0 2 9 0 4 5 5 3 6 6 5 9 7 4 6 2 3 1 5 9 6 6 4 9 2 1 0 1 2 5 6 2 9 4 5 1 0 3 0 3 8 3 5 7 8 8 0 0 1 8 11 6 8 8 1 0 1 5 5 4 4 7 7 0 5 4 3 5 3 5 3 3 6 8 8 3 0 7 3 2 2 10 0 0 6 7 6 8 3 4 4 5 12 5 3 4 8 6 1 1 6 2 2 4 3 5 3 10 10 3 0 7 7 6 3 3 5 0 4 1 1 5 6 3 4 7 6 4 2 4 3
4 6 5 3 9 9 8 3 8 5 4 2 6 0 5 7 4 5 8 4 4 4 2 11 11 3 0 3 2 6 0 4 8 2 6 8 4 6 4 6 5 0 3 11 2 9 11 1 7 3 7 7 6 0 3 4 8 6 5 4 1 9 9 4 5 6 4 1 0 7 7 8 3 11 5 6 4 3 3 6 9 11 7 1 4 8 5 0 5 6 5 3 9 0 2 4 6 0 4 6 10 5 3 7 5 10 13 7 2 7 5 0 5 2 2 5 7 4 4 5 3 7 5 5 0 2 6 10 1 6 3 5 4 7 3 8 2 3 3 4 2 3 5 3 0 4 4 4 3 0
1 5 11 5 3 5 3 7 1 3 0 10 10 5 0 14 5 4 7 6 4 4 7 7 9 4 7 3 1 4 4 1 11 6 5 3 8 4 3 6 3 4 3 9 6 2 8 6 0 2 7 3 4 4 4 8 8 4 6 4 2 5 10 4 0 1 6 7 4 4 5 6 1 4 9 2 11 3 6 4 2 5 2 8 0 5 6 0 9 5 1 6 5 6 4 3 1 2 9 8 5 7 3 6 5 0 5 4 6 5 5 5 8 6 4 2 3 10 11 7 5 1 4 1 9 3 5 3 0 6 11 3 2 8 2 6 1 5 5 5 0 5 0 5 6 2 0 3 6 8
5 6 8 1 5 1 2 1 1 1 3 6 2 7 14 0 7 7 8 1 11 5 6 1 5 7 5 6 3 0 3 5 2 7 6 6 9 3 4 4 4 1 2 0 9 4 5 7 10 0 4 5 5 0 8 5 3 6 2 5 1 3 2 2 3 2 6 4 1 5 5 5 1 5 4 7 1 3 12 1 5 3 4 2 7 7 0 11 6 7 0 0 5 11 9 3 10 2 4 2 5 10 2 3 9 0 4 4 2 3 5 2 0 0 0 8 4 3 3 6 5 0 2 7 13 5 7 1 7 5 8 2 5 0 5 2 4 3 5 5 3 10 3 4 5 2 7 3 3 3
3 8 5 5 5 3 3 0 6 2 6 7 5 4 5 7 0 6 3 6 1 8 4 3 2 7 5 0 10 0 5 5 6 3 5 11 5 3 6 7 8 5 1 0 5 4 0 0 3 0 6 6 7 5 5 5 4 1 5 3 9 0 2 5 12 3 9 3 7 10 1 6 7 8 9 7 1 6 7 6 0 8 2 4 4 2 6 8 9 12 5 5 5 7 3 3 4 6 5 4 3 4 6 13 2 4 7 5 4 6 4 0 7 4 3 0 3 6 1 4 5 12 7 7 5 3 4 7 2 4 1 6 3 2 3 3 4 4 8 3 1 1 0 5 1 6 3 2 0 10
8 9 4 6 4 7 5 5 13 5 6 7 6 5 4 7 6 0 11 2 7 0 1 4 6 7 5 0 3 2 5 0 8 7 1 6 8 3 5 4 0 3 2 5 0 1 5 1 4 1 5 6 1 8 2 6 5 6 3 6 0 9 4 2 4 1 2 5 8 5 5 7 2 6 0 7 7 5 6 3 5 4 3 8 4 0 4 4 7 4 7 5 5 9 2 4 4 3 2 0 1 11 6 9 4 3 5 9 7 8 2 0 3 4 7 4 3 1 6 0 7 4 3 2 2 1 6 0 4 7 8 5 11 6 10 6 6 6 9 1 6 3 5 1 2 3 5 6 4 3
3 7 1 5 6 10 7 3 0 0 3 8 6 8 7 8 3 11 0 9 5 4 0 6 4 6 3 4 0 5 5 8 2 4 6 1 6 7 5 4 5 1 3 3 6 3 1 1 5 5 5 5 2 3 9 6 5 3 1 5 3 5 8 6 2 4 2 4 1 7 6 1 0 0 10 1 4 3 1 9 11 6 0 6 6 6 2 5 4 8 6 5 6 4 5 0 0 6 0 1 2 7 3 4 7 8 0 7 3 7 6 1 8 6 2 9 6 6 5 6 1 3 4 1 1 6 6 5 5 4 1 1 1 4 10 9 10 8 5 4 3 1 3 4 11 3 7 4 4 2
4 9 5 8 5 9 3 6 4 10 0 7 0 4 6 1 6 2 9 0 5 1 4 3 7 10 2 0 4 10 9 8 7 3 0 9 1 5 3 5 3 4 5 3 5 5 3 6 12 5 6 2 5 7 5 0 0 6 6 8 5 3 10 1 5 1 3 7 5 1 6 2 4 4 6 4 1 5 7 4 0 0 12 8 5 4 7 6 3 4 2 3 6 6 5 6 8 8 9 5 11 7 8 7 5 3 5 4 10 0 0 5 6 8 4 5 1 1 6 8 6 7 3 5 3 4 7 6 9 7 9 7 6 5 8 2 6 8 1 4 6 4 4 0 0 2 0 4 3 6
8 5 5 2 5 0 3 3 2 4 3 5 2 4 4 11 1 7 5 5 0 11 0 0 4 0 8 5 3 4 5 9 1 4 6 4 1 7 6 4 5 3 0 9 9 0 0 3 7 3 6 11 4 4 4 8 5 8 9 4 7 5 1 9 4 5 8 9 9 0 8 0 4 5 7 9 7 3 0 3 2 6 8 6 5 3 2 1 9 5 3 8 8 4 2 10 7 2 0 3 7 4 5 2 5 3 9 8 0 4 6 6 8 2 5 8 1 5 6 8 1 3 1 3 8 3 1 9 5 1 9 4 2 5 1 4 9 9 8 3 5 4 8 3 9 3 2 0 7 6
2 2 4 8 3 2 4 4 3 7 3 1 9 4 4 5 8 0 4 1 11 0 4 1 10 7 6 6 2 4 5 8 4 3 11 1 3 4 2 4 8 6 10 2 3 3 5 4 0 8 2 4 5 2 4 7 5 6 6 9 4 3 5 3 4 0 8 4 2 5 10 6 6 6 3 5 5 1 5 2 5 5 5 5 8 10 1 2 2 0 3 4 9 5 5 5 3 10 4 2 6 0 2 3 2 1 9 7 7 11 8 0 7 4 3 8 6 2 9 0 6 7 0 3 3 4 5 1 10 3 0 5 3 2 6 2 3 5 2 6 6 4 7 3 10 4 3 5 5 2
3 5 7 2 5 3 3 0 2 3 3 5 0 2 7 6 4 1 0 4 0 4 0 12 4 3 3 10 6 5 6 5 0 8 2 5 3 8 1 4 0 7 4 1 6 0 11 6 1 9 5 2 8 9 2 3 0 6 2 3 5 5 2 7 11 3 7 11 9 4 3 7 1 3 6 8 4 8 3 13 3 4 4 0 4 2 5 10 8 9 10 2 6 4 2 9 3 0 7 2 6 7 1 3 6 4 2 0 0 9 3 3 3 0 0 1 8 5 9 8 5 3 8 0 8 6 0 9 9 10 4 2 10 8 10 5 2 5 2 1 10 4 2 8 1 7 10 4 3 7
4 5 8 0 9 5 5 3 6 3 7 8 4 11 7 1 3 4 6 3 0 1 12 0 9 9 4 3 6 7 5 8 5 6 6 5 4 4 2 6 3 2 4 5 0 4 4 7 8 4 1 8 4 6 5 3 7 6 5 0 4 3 4 4 6 5 2 11 6 0 0 5 4 6 6 7 7 7 10 8 8 1 7 7 3 6 0 7 6 2 3 11 5 0 4 7 4 6 9 5 4 6 4 6 1 5 2 6 5 7 7 6 2 6 7 2 7 10 10 6 4 11 8 1 5 6 4 1 1 2 5 6 0 1 0 9 7 5 12 3 6 4 3 10 4 9 3 10 4 4
7 0 6 5 10 4 14 6 5 5 10 3 5 11 9 5 2 6 4 7 4 10 4 9 0 10 7 8 6 9 10 4 6 8 6 8 8 5 1 3 3 7 8 7 3 7 5 5 11 6 3 7 4 5 2 3 1 9 2 0 0 5 10 3 10 9 0 4 3 8 4 5 4 9 3 5 3 3 10 2 7 8 8 1 5 6 2 2 4 5 5 8 7 3 7 5 6 0 6 4 13 3 0 12 5 2 4 5 5 5 6 5 0 3 5 4 7 5 9 0 7 6 0 6 6 4 1 4 5 3 4 6 7 6 3 3 5 5 4 2 7 4 5 7 5 11 4 3 5 7
6 0 2 9 3 3 11 3 3 4 3 2 5 3 4 7 7 7 6 10 0 7 3 9 10 0 7 2 0 8 7 7 8 3 1 7 7 3 4 9 1 4 1 2 4 5 4 0 4 7 2 5 6 10 5 4 0 7 11 9 6 3 6 7 1 1 3 10 13 6 3 9 0 4 4 1 3 6 7 5 1 4 0 4 1 0 4 7 1 6 5 8 5 2 3 1 7 4 9 6 5 8 2 9 7 1 6 0 5 3 7 4 7 5 6 4 4 0 5 4 10 5 7 0 5 5 7 0 0 8 6 3 6 8 7 5 3 7 7 1 4 6 2 6 10 6 8 3 2 7
6 4 5 2 4 9 7 10 2 7 3 8 3 0 7 5 5 5 3 2 8 6 3 4 7 7 0 8 4 0 4 6 5 2 9 3 7 4 1 5 4 3 4 5 2 7 7 4 6 2 3 0 6 2 12 7 1 8 8 3 3 4 6 6 4 1 5 6 6 6 5 5 4 2 0 7 4 7 3 1 4 0 4 10 6 3 5 5 6 8 3 0 2 9 6 0 5 4 0 4 4 5 3 4 5 8 7 1 8 4 2 3 2 6 6 6 3 6 2 1 7 1 1 2 5 4 4 8 3 6 3 3 4 2 5 5 1 4 7 2 4 6 7 4 1 6 8 0 6 8
4 4 11 2 5 5 8 3 3 0 3 4 6 3 3 6 0 0 4 0 5 6 10 3 8 2 8 0 8 5 3 4 4 0 3 1 1 2 5 6 6 2 4 8 6 6 5 5 1 9 0 5 2 4 9 8 5 8 8 6 4 0 2 9 3 7 8 2 1 1 4 5 7 5 0 3 3 2 6 6 2 6 6 0 3 7 9 3 3 4 8 7 6 3 4 3 3 10 5 7 6 4 9 9 6 4 4 5 5 6 0 7 0 8 7 7 8 0 0 10 2 9 7 7 4 8 6 2 2 5 7 2 6 4 2 7 7 2 4 2 7 7 0 4 5 2 1 6 6 9
3 6 3 1 3 7 2 7 8 6 8 3 6 2 1 3 10 3 0 4 3 2 6 6 6 0 4 8 0 7 5 2 3 3 0 9 4 6 3 4 0 1 5 5 2 0 6 7 0 7 1 7 5 7 0 7 5 3 4 4 2 6 0 3 4 5 1 5 5 8 4 9 0 0 2 8 7 3 7 5 3 1 2 5 5 6 4 8 1 5 11 5 1 1 4 10 2 5 1 0 2 0 4 6 8 5 4 4 4 5 6 7 11 3 5 8 0 4 2 1 4 6 7 6 2 9 4 5 5 5 7 5 6 7 11 2 4 7 1 5 5 6 5 5 5 3 8 2 6 5
2 2 0 0 7 10 5 4 1 2 3 4 5 6 4 0 0 2 5 10 4 4 5 7 9 8 0 5 7 0 16 6 8 8 10 6 3 13 0 0 4 7 8 2 2 8 4 4 8 1 8 0 4 7 8 0 4 6 4 7 4 5 2 1 7 2 7 5 3 2 5 6 4 18 9 5 10 3 7 3 6 0 0 8 7 0 9 2 3 4 2 9 2 1 1 4 8 6 3 9 4 0 6 0 5 4 1 3 1 7 4 8 4 7 12 10 5 7 6 4 6 6 3 5 5 0 5 3 10 7 4 3 1 7 8 0 9 5 7 1 5 4 3 7 9 7 8 1 5 3
5 4 4 5 6 4 1 0 3 7 4 5 9 0 4 3 5 5 5 9 5 5 6 5 10 7 4 3 5 16 0 12 6 4 2 0 2 5 0 5 5 4 6 4 3 4 4 4 3 4 2 4 8 0 1 9 1 2 5 9 5 5 1 3 3 1 8 2 1 6 0 5 7 8 6 2 0 3 2 8 4 0 0 7 5 7 3 6 3 6 0 6 0 8 3 4 11 3 4 0 4 8 6 6 0 5 8 2 5 5 6 4 8 6 6 7 7 4 4 2 0 7 0 1 6 3 9 1 0 7 4 5 7 9 3 3 5 6 9 5 9 0 7 4 9 3 8 7 8 5
4 2 7 4 1 6 1 3 3 3 5 10 7 4 1 5 5 0 8 8 9 8 5 8 4 7 6 4 2 6 12 0 10 3 5 2 4 11 7 6 2 8 5 5 0 0 6 3 6 4 8 8 7 2 2 11 6 2 3 7 8 6 6 3 2 9 6 3 9 1 9 7 6 3 0 1 6 9 0 0 2 3 11 5 3 4 6 6 7 0 6 11 6 2 0 7 7 7 8 9 2 3 5 6 10 2 0 6 5 0 6 7 6 4 4 6 1 5 2 5 7 4 6 2 4 4 4 6 2 4 0 8 3 5 0 3 5 5 11 1 2 5 2 2 0 0 7 9 10 8
6 2 5 8 9 5 3 3 5 2 2 4 4 8 11 2 6 8 2 7 1 4 0 5 6 8 5 4 3 8 6 10 0 7 0 5 4 5 7 3 5 5 3 7 7 7 5 3 4 10 5 8 7 5 6 3 3 2 2 2 5 5 1 6 2 3 7 6 3 5 5 7 0 5 3 2 2 4 5 10 4 9 4 8 3 3 0 6 3 2 7 6 8 4 8 4 0 5 0 6 5 7 3 3 6 6 4 6 0 0 1 6 6 2 7 1 4 5 8 3 4 8 0 4 5 5 6 5 3 8 8 7 8 0 9 6 0 6 3 11 8 3 5 0 3 5 4 7 0 6
3 10 6 4 6 1 5 8 5 4 1 3 6 2 6 7 3 7 4 3 4 3 8 6 8 3 2 0 3 8 4 3 7 0 10 4 3 7 5 1 3 3 0 7 4 11 0 0 8 7 7 4 8 5 6 5 6 9 6 6 5 4 6 0 2 6 0 6 5 4 10 4 4 6 6 7 6 4 8 10 5 5 3 5 3 3 9 7 1 0 3 6 3 8 0 2 6 0 0 4 5 4 4 2 0 4 1 3 2 1 2 6 1 7 0 3 3 7 1 6 2 9 6 0 0 2 6 3 5 1 3 1 7 7 1 7 8 7 3 2 6 4 5 3 5 3 5 2 4 5
5 1 3 10 3 3 7 6 2 7 4 4 2 6 5 6 5 1 6 0 6 11 2 6 6 1 9 3 0 10 2 5 0 10 0 8 5 7 6 0 1 2 5 1 3 4 0 0 6 1 6 6 0 6 5 2 6 3 4 0 2 6 6 5 7 7 12 6 5 2 3 3 6 3 2 6 2 6 0 9 1 1 9 5 9 5 12 8 3 5 3 1 10 8 3 2 4 6 8 1 7 1 7 5 3 2 1 4 2 10 5 2 3 6 8 6 7 5 6 5 5 9 0 4 4 0 5 8 6 6 8 3 4 6 0 3 5 0 5 4 4 10 6 10 2 6 5 10 6 9
4 3 5 7 3 4 4 6 3 2 5 4 3 8 3 6 11 6 1 9 4 1 5 5 8 7 3 1 9 6 0 2 5 4 8 0 4 7 0 6 2 5 2 2 7 4 2 3 0 0 5 5 5 4 2 7 8 5 0 4 8 5 5 3 8 4 6 4 10 4 3 6 0 9 4 2 3 7 5 7 9 7 8 1 5 4 2 4 1 4 8 7 0 4 1 2 3 4 7 3 3 6 10 4 7 2 2 11 4 8 2 5 3 2 4 2 2 0 8 4 3 6 7 0 5 4 2 3 3 4 2 4 6 5 4 0 10 4 8 5 2 0 2 0 2 0 7 1 5 6
5 7 10 6 0 9 10 8 6 7 7 6 1 4 8 9 5 8 6 1 1 3 3 4 8 7 7 1 4 3 2 4 4 3 5 4 0 11 5 8 6 6 3 4 5 7 6 0 1 6 4 2 1 5 3 12 1 10 8 8 6 6 2 4 4 8 5 3 0 10 8 7 6 0 5 4 2 5 7 5 9 4 2 2 2 3 8 6 3 9 8 4 0 5 3 2 7 3 7 1 0 4 7 9 14 6 3 5 0 5 5 0 6 5 0 7 1 1 0 6 1 3 7 6 8 6 5 1 6 10 5 3 5 7 8 1 2 1 9 2 0 3 0 1 8 6 4 6 6 0
0 4 8 8 4 3 4 3 7 6 7 1 5 6 4 3 3 3 7 5 7 4 8 4 5 3 4 2 6 13 5 11 5 7 7 7 11 0 10 8 4 0 5 3 0 7 8 2 2 5 8 1 6 4 3 3 3 4 5 4 8 9 0 9 8 8 1 8 3 4 0 2 0 5 3 0 5 4 5 0 0 5 2 8 3 8 8 7 2 3 9 12 4 10 3 10 4 8 9 4 11 0 4 4 8 2 1 5 7 3 3 5 7 8 6 0 2 3 0 3 4 8 3 5 0 3 7 0 5 4 6 3 7 6 5 6 8 8 5 6 5 0 5 8 7 7 2 0 8 3
9 6 7 3 11 4 3 2 4 3 15 4 9 4 3 4 6 5 5 3 6 2 1 2 1 4 1 5 3 0 0 7 7 5 6 0 5 10 0 11 0 9 4 4 8 5 6 1 11 7 4 4 3 10 5 0 5 6 1 3 3 8 9 7 8 6 4 6 2 2 6 3 5 2 6 1 4 3 6 8 9 0 4 6 6 1 1 0 4 4 2 8 3 4 3 5 5 2 1 3 4 9 9 1 4 8 4 2 0 8 2 4 4 3 0 5 7 4 4 1 3 7 5 5 6 5 4 7 10 4 6 4 6 5 7 12 5 4 4 8 6 3 11 5 0 4 5 9 5 10
0 3 3 2 5 6 7 1 3 3 4 9 6 6 6 4 7 4 4 5 4 4 4 6 3 9 5 6 4 0 5 6 3 1 0 6 8 8 11 0 10 2 6 6 6 5 9 9 3 6 8 4 7 10 7 6 3 3 0 3 0 4 5 4 5 8 2 3 4 6 8 5 3 4 9 0 0 11 2 5 1 2 3 2 4 0 0 4 1 4 6 6 10 7 7 4 1 4 4 3 3 11 3 1 5 0 10 5 6 2 7 9 2 7 4 2 4 0 8 2 6 3 5 11 0 7 0 7 1 3 3 8 0 1 5 4 7 4 7 0 4 4 1 8 7 1 10 4 2 4
1 10 2 5 4 7 2 4 6 1 7 5 6 5 3 4 8 0 5 3 5 8 0 3 3 1 4 6 0 4 5 2 5 3 1 2 6 4 0 10 0 5 3 7 7 2 7 3 5 3 1 4 1 8 8 8 4 10 3 5 6 3 2 5 8 0 4 2 5 4 0 7 7 9 3 5 1 8 6 3 11 0 9 3 7 1 0 3 2 10 5 1 2 6 6 2 3 5 7 3 3 11 4 5 4 6 2 4 6 6 1 5 4 7 5 0 0 1 5 7 7 6 1 0 3 6 3 4 2 0 1 6 6 2 11 4 1 8 8 1 2 1 5 6 6 8 6 1 1 7
3 5 8 4 9 10 8 10 3 2 6 0 4 0 4 1 5 3 1 4 3 6 7 2 7 4 3 2 1 7 4 8 5 3 2 5 6 0 9 2 5 0 19 4 4 6 5 7 0 6 8 3 1 0 3 2 4 8 2 2 5 1 1 6 5 8 7 6 6 5 8 3 6 0 7 10 4 5 3 7 9 2 1 5 0 10 0 0 5 3 5 5 0 4 6 3 3 6 7 6 7 2 5 3 1 8 7 10 0 8 5 0 7 3 6 5 7 0 5 2 0 6 0 0 0 11 1 4 9 1 5 6 8 9 2 5 4 2 1 8 2 3 5 3 4 4 1 3 3 8
6 5 6 13 9 7 7 3 4 5 6 5 9 3 3 2 1 2 3 5 0 10 4 4 8 1 4 4 5 8 6 5 3 0 5 2 3 5 4 6 3 19 0 4 4 8 5 2 2 1 4 1 5 10 7 2 2 7 4 10 6 0 3 4 7 10 1 6 9 5 1 6 4 6 1 9 4 6 6 3 5 2 1 5 2 2 4 8 6 4 10 2 6 7 5 3 3 3 2 4 3 5 0 7 3 8 3 1 1 6 5 2 7 1 6 7 0 5 1 3 4 6 5 11 0 7 4 4 5 3 4 8 6 8 6 6 4 3 0 7 2 5 3 8 6 7 3 2 8 10
3 2 2 9 3 5 6 8 0 4 6 3 2 11 9 0 0 5 3 3 9 2 1 5 7 2 5 8 5 2 4 5 7 7 1 2 4 3 4 6 7 4 4 0 8 6 9 5 3 2 3 4 3 9 1 8 2 0 6 5 5 3 0 3 1 6 2 2 5 2 1 2 4 8 3 4 13 4 8 3 4 7 6 4 0 1 2 5 1 5 5 5 7 5 0 7 7 5 7 7 6 5 3 1 4 6 6 0 8 4 3 6 10 6 4 3 7 9 3 0 1 5 1 7 10 4 2 0 4 7 0 5 10 7 7 8 2 7 6 8 8 0 2 6 1 5 5 6 6 12
10 2 2 3 8 6 4 4 1 7 4 5 1 2 6 9 5 0 6 5 9 3 6 0 3 4 2 6 2 2 3 0 7 4 3 7 5 0 8 6 7 4 4 8 0 11 0 3 10 1 9 7 6 1 5 6 7 6 7 3 7 10 4 3 2 0 4 8 3 3 6 0 6 6 3 5 4 12 4 2 5 4 4 15 2 6 3 1 4 3 5 3 7 4 6 5 3 3 5 7 2 2 0 2 1 6 5 4 12 7 4 5 6 10 4 6 0 2 3 14 1 3 9 11 6 2 8 5 4 9 3 8 4 4 7 2 4 12 5 4 5 8 3 7 3 1 1 3 7 3
7 7 4 2 0 3 3 8 3 6 5 5 0 9 2 4 4 1 3 5 0 3 0 4 7 5 7 6 0 8 4 0 7 11 4 4 7 7 5 5 2 6 8 6 11 0 14 10 0 5 7 4 7 3 7 7 4 3 10 2 9 0 3 8 3 4 7 0 4 4 1 1 6 3 4 7 3 2 4 9 8 7 8 7 3 1 6 5 2 6 3 2 3 8 6 6 1 1 3 6 9 6 3 5 2 3 1 7 3 6 4 0 4 1 1 1 9 5 8 5 7 2 6 8 3 8 4 5 9 9 4 4 1 7 0 5 6 13 3 1 2 5 6 2 3 8 0 0 4 2
5 5 8 2 8 6 6 4 8 11 2 5 1 11 8 5 0 5 1 3 0 5 11 4 5 4 7 5 6 4 4 6 5 0 0 2 6 8 6 9 7 5 5 9 0 14 0 4 3 4 7 6 6 7 6 6 6 7 3 4 7 0 5 0 7 2 4 9 2 3 5 0 4 2 2 8 1 9 9 2 7 10 5 2 1 3 7 9 6 3 4 0 9 3 0 4 7 0 8 1 9 0 6 7 5 4 2 8 9 2 6 4 5 0 5 0 0 7 8 9 6 4 2 5 5 9 4 0 7 2 9 0 2 2 7 6 0 2 4 1 8 0 3 3 12 3 5 2 2 0
6 4 0 5 3 0 7 5 7 5 2 3 2 1 6 7 0 1 1 6 3 4 6 7 5 0 4 5 7 4 4 3 3 0 0 3 0 2 1 9 3 7 2 5 3 10 4 0 9 3 5 5 6 6 3 2 9 7 4 5 3 7 2 2 0 1 8 7 4 5 0 8 7 5 6 3 2 4 6 8 5 7 7 1 4 6 3 3 7 9 0 7 5 2 8 3 5 0 3 3 5 1 4 4 10 5 6 7 3 9 9 7 9 4 6 0 0 6 9 5 6 5 3 6 3 4 8 6 7 2 4 2 7 9 1 6 4 7 4 6 1 0 5 6 3 5 6 8 4 4
2 4 4 5 3 8 5 4 0 7 0 0 5 7 0 10 3 4 5 12 7 0 1 8 11 4 6 1 0 8 3 6 4 8 6 0 1 2 11 3 5 0 2 3 10 0 3 9 0 6 3 6 4 1 0 8 2 5 2 1 1 8 6 5 2 7 6 0 0 6 3 6 6 2 0 8 9 3 4 4 0 1 7 11 5 0 1 5 6 4 4 2 1 4 3 1 4 6 8 3 3 2 3 5 1 7 4 4 2 2 8 0 8 6 2 6 6 3 10 6 5 6 1 9 3 5 10 0 6 4 5 1 2 6 6 1 3 7 4 5 5 8 7 9 3 0 3 5 6 5
10 5 5 5 0 2 6 2 4 8 7 5 6 3 2 0 0 1 5 5 3 8 9 4 6 7 2 9 7 1 4 4 10 7 1 0 6 5 7 6 3 6 1 2 1 5 4 3 6 0 7 10 5 8 7 0 1 7 6 6 3 0 5 9 1 6 4 1 8 7 2 7 0 5 1 4 6 4 5 8 4 5 4 7 0 4 3 6 3 5 5 5 9 5 7 1 6 5 2 7 1 3 8 6 8 2 0 5 10 6 4 6 8 11 3 1 2 0 9 6 5 4 8 8 5 3 2 7 5 5 9 2 6 4 4 6 4 4 2 4 7 1 7 4 1 1 7 3 6 0
3 4 6 4 7 3 2 4 0 5 8 5 2 7 7 4 6 5 5 6 6 2 5 1 3 2 3 0 1 8 2 8 5 7 6 5 4 8 4 8 1 8 4 3 9 7 7 5 3 7 0 10 3 0 7 3 5 5 0 5 3 3 6 0 4 0 1 7 4 4 6 2 4 3 3 6 0 3 5 2 0 4 12 6 2 3 3 10 4 0 0 7 6 0 3 5 8 2 6 5 1 3 3 0 5 3 1 6 7 5 6 6 1 3 3 4 4 8 5 10 7 3 4 0 5 2 3 10 1 5 0 2 3 0 7 0 5 11 5 7 5 7 5 5 2 3 5 6 5 0
6 3 0 4 5 7 4 5 8 0 5 6 9 7 3 5 6 6 5 2 11 4 2 8 7 5 0 5 7 0 4 8 8 4 6 5 2 1 4 4 4 3 1 4 7 4 6 5 6 10 10 0 15 10 4 7 8 4 3 2 4 11 1 3 0 6 3 3 11 0 1 2 4 6 5 8 8 0 4 5 3 10 3 9 5 6 7 9 5 5 11 4 3 0 10 7 5 3 5 0 10 0 2 4 3 3 4 0 7 3 4 1 5 5 1 8 0 8 7 8 0 4 5 8 4 5 5 0 1 5 5 8 5 4 7 1 9 8 0 6 1 5 0 6 2 10 6 7 6 0
4 0 10 7 5 5 8 7 4 5 5 6 4 6 4 5 7 1 2 5 4 5 8 4 4 6 6 2 5 4 8 7 7 8 0 5 1 6 3 7 1 1 5 3 6 7 6 6 4 5 3 15 0 11 8 8 5 4 1 9 9 7 8 5 1 3 5 5 11 4 4 6 8 2 7 7 5 7 3 3 5 0 0 5 5 7 2 0 2 6 0 4 7 4 9 6 9 10 6 6 8 7 0 4 3 4 0 5 3 10 6 5 0 4 4 7 3 6 8 3 4 3 11 2 4 5 1 3 1 3 1 4 7 4 9 3 8 3 3 8 7 5 7 0 4 2 3 9 0 4
6 9 2 7 0 0 0 7 7 0 4 6 5 0 4 0 5 8 3 7 4 2 9 6 5 10 2 4 7 7 0 2 5 5 6 4 5 4 10 10 8 0 10 9 1 3 7 6 1 8 0 10 11 0 13 11 8 5 5 2 2 0 5 2 4 5 6 3 5 7 6 7 6 8 7 7 5 3 3 5 1 3 1 2 5 1 6 0 1 5 5 6 2 6 7 5 9 4 4 0 2 10 9 6 5 1 3 5 6 7 0 4 4 10 8 7 8 10 4 7 5 5 5 4 4 10 4 8 5 4 1 10 4 4 8 9 6 5 3 4 4 8 1 6 10 5 7 2 1 8
7 4 6 9 4 0 7 4 1 6 7 1 1 3 4 8 5 2 9 5 4 4 2 5 2 5 12 9 0 8 1 2 6 6 5 2 3 3 5 7 8 3 7 1 5 7 6 3 0 7 7 4 8 13 0 10 4 10 0 0 2 1 5 3 2 9 3 3 3 7 8 4 1 5 6 5 3 2 3 6 3 2 2 4 4 6 6 4 6 3 2 3 11 5 5 3 4 8 10 2 3 4 6 6 0 5 12 4 5 5 5 2 6 2 8 1 5 8 8 3 0 2 8 3 7 1 8 5 1 4 9 6 2 0 10 2 3 6 5 4 4 9 2 6 3 3 4 6 8 6
10 4 1 7 6 0 3 9 5 1 6 0 0 4 8 5 5 6 6 0 8 7 3 3 3 4 7 8 7 0 9 11 3 5 2 7 12 3 0 6 8 2 2 8 6 7 6 2 8 0 3 7 8 11 10 0 6 10 1 4 7 2 8 0 11 6 1 8 5 3 0 7 3 2 0 1 7 5 0 0 5 8 2 9 9 11 4 8 8 4 8 3 1 10 3 9 6 5 6 8 3 4 8 8 5 2 7 7 6 5 4 7 5 4 3 3 4 0 10 3 0 0 4 6 3 7 5 1 5 2 7 5 4 4 5 5 2 5 2 1 0 6 8 3 4 4 1 4 8 0
0 6 5 1 4 12 2 8 3 5 4 4 3 8 8 3 4 5 5 0 5 5 0 7 1 0 1 5 5 4 1 6 3 6 6 8 1 3 5 3 4 4 2 2 7 4 6 9 2 1 5 8 5 8 4 6 0 10 2 3 8 2 5 2 5 8 3 0 1 10 1 2 8 7 6 6 8 2 4 7 9 3 0 1 8 11 1 5 4 5 9 3 2 3 4 4 5 9 5 1 4 6 8 8 9 2 7 0 8 2 5 1 2 1 1 5 5 11 6 5 2 0 8 5 3 7 8 7 3 0 2 10 9 9 2 5 7 5 6 7 5 5 3 3 4 8 8 5 5 4
5 8 4 2 7 1 8 4 2 8 8 0 0 6 4 6 1 6 3 6 8 6 6 6 9 7 8 8 3 6 2 2 2 9 3 5 10 4 6 3 10 8 7 0 6 3 7 7 5 7 5 4 4 5 10 10 10 0 5 8 0 4 0 8 6 1 6 5 4 6 9 9 9 10 5 10 9 5 2 5 7 0 9 7 9 10 5 4 8 1 4 7 8 7 2 1 5 4 7 5 2 6 0 6 1 2 0 7 1 0 3 0 3 3 4 5 3 1 0 8 6 8 0 7 7 8 8 3 11 5 1 6 2 5 10 5 3 7 2 8 5 2 8 7 6 5 8 9 7 7
0 6 2 5 5 4 1 4 8 9 7 7 3 5 6 2 5 3 1 6 9 6 2 5 2 11 8 8 4 4 5 3 2 6 4 0 8 5 1 0 3 2 4 6 7 10 3 4 2 6 0 3 1 5 0 1 2 5 0 7 0 8 1 4 7 2 5 5 2 3 2 1 2 6 5 6 4 7 2 6 4 10 5 5 5 7 3 6 6 3 6 4 6 2 7 7 10 7 8 2 3 0 4 4 5 1 0 6 2 4 5 7 4 6 7 4 3 2 6 10 2 8 7 2 3 1 6 12 2 6 6 4 4 6 8 3 6 5 5 7 1 6 1 1 7 2 1 4 3 4
10 1 5 5 3 6 4 0 2 0 10 11 8 4 4 5 3 6 5 8 4 9 3 0 0 9 3 6 4 7 9 7 2 6 0 4 8 4 3 3 5 2 10 5 3 2 4 5 1 6 5 2 9 2 0 4 3 8 7 0 13 5 6 8 2 2 4 6 8 5 4 0 4 0 0 5 2 3 8 5 2 2 0 4 5 1 6 8 0 4 4 0 2 10 4 6 4 3 13 11 9 2 7 4 7 4 1 8 10 11 7 9 0 0 2 5 0 6 1 5 5 6 6 5 1 4 1 3 6 6 5 3 0 6 6 0 0 6 0 2 3 6 3 3 1 3 9 5 4 5
6 7 6 2 6 6 5 2 7 5 6 1 3 1 2 1 9 0 3 5 7 4 5 4 0 6 3 4 2 4 5 8 5 5 2 8 6 8 3 0 6 5 6 5 7 9 7 3 1 3 3 4 9 2 2 7 8 0 0 13 0 11 5 0 0 3 6 2 1 5 12 4 2 5 5 0 1 2 3 7 6 7 6 2 5 3 3 1 6 5 1 11 1 8 0 7 4 9 8 4 9 4 3 6 4 4 8 6 4 5 1 5 1 1 11 0 2 6 4 4 5 2 4 3 6 7 4 0 10 7 10 4 9 6 6 0 5 8 4 4 3 4 7 3 0 8 8 6 2 9
0 4 6 2 9 3 0 6 0 4 5 9 5 9 5 3 0 9 5 3 5 3 5 3 5 3 4 0 6 5 5 6 5 4 6 5 6 9 8 4 3 1 0 3 10 0 0 7 8 0 3 11 7 0 1 2 2 4 8 5 11 0 7 0 4 11 4 4 1 4 4 3 4 5 4 6 2 10 9 2 1 4 4 6 3 6 2 3 5 3 0 4 6 6 5 7 5 7 9 5 3 4 7 2 1 5 4 15 5 3 7 6 6 6 5 1 0 10 3 6 3 4 2 5 10 0 5 4 6 7 3 8 8 8 8 4 2 7 9 7 6 9 5 3 7 2 5 3 1 1
7 3 7 8 5 0 6 2 3 0 4 4 7 9 10 2 2 4 8 10 1 5 2 4 10 6 6 2 0 2 1 6 1 6 6 5 2 0 9 5 2 1 3 0 4 3 5 2 6 5 6 1 8 5 5 8 5 0 1 6 5 7 0 8 4 4 7 0 6 3 1 2 6 2 2 5 3 3 4 5 6 9 10 8 8 4 0 0 4 5 7 4 5 3 8 3 4 3 2 2 3 0 0 1 7 6 4 9 9 5 3 3 7 3 4 5 2 5 5 0 3 5 3 0 7 6 2 3 6 1 5 4 4 0 4 3 0 1 5 5 10 1 4 4 0 8 1 4 1 6
2 5 7 6 7 8 6 7 3 1 4 4 8 4 4 2 5 2 6 1 9 3 7 4 3 7 6 9 3 1 3 3 6 0 5 3 4 9 7 4 5 6 4 3 3 8 0 2 5 9 0 3 5 2 3 0 2 8 4 8 0 0 8 0 13 4 9 7 3 5 12 4 3 7 3 4 3 1 3 5 10 5 7 8 10 4 0 5 3 9 3 2 5 5 4 6 9 9 5 5 1 9 5 2 10 11 7 6 7 4 9 2 6 8 8 14 9 6 6 8 6 5 4 2 8 5 7 3 5 7 0 8 2 10 6 5 8 10 1 1 7 4 2 7 7 0 6 5 8 2
6 6 6 2 1 2 3 6 5 2 3 9 8 5 0 3 12 4 2 5 4 4 11 6 10 1 4 3 4 7 3 2 2 2 7 8 4 8 8 5 8 5 7 1 2 3 7 0 2 1 4 0 1 4 2 11 5 6 7 2 0 4 4 13 0 11 3 0 4 8 5 10 0 10 2 1 0 0 0 0 6 6 10 1 7 9 0 8 6 2 0 2 3 3 4 1 5 0 8 10 6 4 6 8 0 0 6 2 1 3 2 6 6 2 5 7 4 5 1 1 5 5 0 13 5 2 5 3 8 6 8 0 5 6 5 3 5 2 12 1 4 1 3 7 4 0 3 3 9 4
7 0 7 0 3 6 4 6 6 5 11 0 0 6 1 2 3 1 4 1 5 0 3 5 9 1 1 7 5 2 1 9 3 6 7 4 8 8 6 8 0 8 10 6 0 4 2 1 7 6 0 6 3 5 9 6 8 1 2 2 3 11 4 4 11 0 13 4 7 5 0 6 4 8 3 3 6 4 1 0 7 8 7 5 3 3 7 5 0 6 5 3 5 0 3 4 1 5 6 11 3 9 5 7 4 0 0 5 4 0 2 2 0 0 6 6 4 7 3 2 8 8 2 0 4 6 3 7 3 5 5 0 4 7 3 2 0 5 12 5 4 4 11 5 7 3 2 0 7 0
3 2 5 6 7 5 7 3 7 1 10 2 0 4 6 6 9 2 2 3 8 8 7 2 0 3 5 8 1 7 8 6 7 0 12 6 5 1 4 2 4 7 1 2 4 7 4 8 6 4 1 3 5 6 3 1 3 6 5 4 6 4 7 9 3 13 0 12 1 4 4 3 4 3 4 4 7 4 5 0 5 10 0 4 4 4 3 5 3 5 5 5 9 0 4 7 11 6 2 1 4 2 2 7 7 9 5 8 6 5 6 3 0 6 3 7 8 1 9 1 5 5 8 4 3 3 8 0 6 4 9 6 5 1 4 2 11 6 10 1 6 0 6 4 8 4 0 1 8 1
0 4 0 1 6 2 1 4 2 4 0 6 1 1 7 4 3 5 4 7 9 4 11 11 4 10 6 2 5 5 2 3 6 6 6 4 3 8 6 3 2 6 6 2 8 0 9 7 0 1 7 3 5 3 3 8 0 5 5 6 2 4 0 7 0 4 12 0 4 7 1 0 5 4 6 5 7 7 0 1 3 1 1 6 5 2 1 6 4 11 5 5 1 10 6 3 4 2 4 7 9 5 1 4 2 2 0 2 5 0 5 1 2 4 5 1 6 2 0 4 8 0 2 8 4 6 3 0 0 2 6 6 2 4 3 3 8 11 9 5 8 7 2 1 5 0 7 3 1 5
7 8 6 2 6 5 6 1 2 0 8 0 8 0 4 1 7 8 1 5 9 2 9 6 3 13 6 1 5 3 1 9 3 5 5 10 0 3 2 4 5 6 9 5 3 4 2 4 0 8 4 11 11 5 3 5 1 4 2 8 1 1 6 3 4 7 1 4 0 7 4 9 7 3 6 4 7 3 0 6 2 3 1 1 1 3 0 6 3 2 6 6 7 0 8 3 3 4 7 4 6 6 5 5 7 2 6 8 0 4 7 4 8 6 2 6 4 4 3 2 6 7 5 2 6 0 8 4 5 0 7 1 1 3 2 4 5 11 5 3 2 12 1 8 3 5 4 8 4 7
1 11 3 2 3 6 5 13 7 5 7 0 11 7 4 5 10 5 7 1 0 5 4 0 8 6 6 1 8 2 6 1 5 4 2 4 10 4 2 6 4 5 5 2 3 4 3 5 6 7 4 0 4 7 7 3 10 6 3 5 5 4 3 5 8 5 4 7 7 0 6 6 8 4 4 9 0 7 3 6 5 5 5 4 3 4 5 5 3 2 1 4 1 6 9 6 7 5 5 6 4 6 4 8 1 1 10 6 7 1 3 3 6 5 3 5 7 11 4 2 8 11 8 9 5 6 7 3 3 1 6 2 3 6 0 2 6 8 6 6 7 5 0 3 6 10 3 6 3 7
7 7 9 6 0 8 4 8 0 4 0 6 6 7 5 5 1 5 6 6 8 10 3 0 4 3 5 4 4 5 0 9 5 10 3 3 8 0 6 8 0 8 1 1 6 1 5 0 3 2 6 1 4 6 8 0 1 9 2 4 12 4 1 12 5 0 4 1 4 6 0 8 0 1 4 0 4 8 0 4 6 6 0 6 4 10 1 5 6 4 3 1 6 0 7 6 3 4 1 7 3 6 4 4 1 2 3 4 1 0 1 0 6 7 2 0 4 3 0 3 0 5 5 6 0 7 9 3 7 6 4 12 4 7 8 5 2 0 7 7 9 7 2 2 3 10 0 2 6 6
5 1 4 7 6 5 3 3 7 1 3 5 8 8 6 5 6 7 1 2 0 6 7 5 5 9 5 5 9 6 5 7 7 4 3 6 7 2 3 5 7 3 6 2 0 1 0 8 6 7 2 2 6 7 4 7 2 9 1 0 4 3 2 4 10 6 3 0 9 6 8 0 9 3 4 9 7 5 9 5 5 1 4 6 0 6 6 5 1 1 1 3 9 5 4 8 7 4 7 5 4 5 5 5 7 10 4 7 7 3 0 0 6 3 9 3 6 11 0 3 8 4 9 6 7 2 1 5 6 0 0 4 5 4 11 1 6 8 6 8 7 1 5 1 3 4 3 0 2 6
6 3 6 8 5 5 5 3 4 1 1 5 8 3 1 1 7 2 0 4 4 6 1 4 4 0 4 7 0 4 7 6 0 4 6 0 6 0 5 3 7 6 4 4 6 6 4 7 6 0 4 4 8 6 1 3 8 9 2 4 2 4 6 3 0 4 4 5 7 8 0 9 0 6 7 5 1 4 10 0 5 5 7 0 6 6 3 4 6 3 0 6 7 13 1 1 0 3 9 10 5 9 1 1 3 7 6 9 2 6 4 4 4 13 7 2 11 3 3 1 3 8 9 0 7 5 5 7 5 13 2 4 6 3 2 7 5 4 2 2 5 1 5 6 9 6 7 5 3 7
0 10 3 2 6 7 10 1 13 6 1 3 1 11 4 5 8 6 0 4 5 6 3 6 9 4 2 5 0 18 8 3 5 6 3 9 0 5 2 4 9 0 6 8 6 3 2 5 2 5 3 6 2 8 5 2 7 10 6 0 5 5 2 7 10 8 3 4 3 4 1 3 6 0 7 6 5 3 8 9 8 0 1 4 5 1 7 10 8 4 5 7 4 7 5 5 8 3 0 7 7 0 9 5 3 4 8 7 5 0 5 7 1 6 3 4 8 1 9 10 5 0 6 7 7 3 7 4 1 4 1 4 7 6 6 3 0 8 7 3 6 1 5 7 0 5 0 4 5 4
4 3 1 2 9 7 4 7 6 8 6 3 0 5 9 4 9 0 10 6 7 3 6 6 3 4 0 0 2 9 6 0 3 6 2 4 5 3 6 9 3 7 1 3 3 4 2 6 0 1 3 5 7 7 6 0 6 5 5 0 5 4 2 3 2 3 4 6 6 4 4 4 7 7 0 10 7 5 9 4 8 0 5 5 1 0 4 9 4 5 0 7 0 7 2 3 4 5 4 10 4 3 4 8 10 3 0 3 3 5 5 2 1 3 0 0 4 4 4 10 9 5 2 5 6 0 5 3 6 4 7 4 4 8 3 4 3 6 4 3 4 0 9 2 4 2 6 2 5 2
7 5 2 2 3 3 7 4 6 11 4 3 1 6 2 7 7 7 1 4 9 5 8 7 5 1 7 3 8 5 2 1 2 7 6 2 4 0 1 0 5 10 9 4 5 7 8 3 8 4 6 8 7 7 5 1 6 10 6 5 0 6 5 4 1 3 4 5 4 9 0 9 5 6 10 0 4 3 3 1 7 5 4 2 5 8 4 3 5 9 4 3 11 2 5 6 10 0 3 6 5 4 4 3 4 7 4 5 1 4 5 5 0 5 6 4 10 4 3 5 5 3 0 5 3 13 11 10 4 6 4 3 3 9 2 6 0 0 4 3 4 3 0 4 2 3 6 0 1 2
6 1 7 4 3 8 2 8 12 3 0 5 5 4 11 1 1 7 4 1 7 5 4 7 3 3 4 3 7 10 0 6 2 6 2 3 2 5 4 0 1 4 4 13 4 3 1 2 9 6 0 8 5 5 3 7 8 9 4 2 1 2 3 3 0 6 7 7 7 0 4 7 1 5 7 4 0 10 3 5 3 0 7 0 1 0 8 5 1 3 7 5 6 2 6 0 0 7 4 1 2 10 9 6 1 9 3 7 4 5 2 2 4 0 2 6 3 6 4 6 4 1 5 2 5 5 5 1 4 2 0 6 1 6 8 1 6 7 8 9 5 8 1 3 9 1 8 0 5 2
4 4 7 7 3 4 0 7 8 5 4 0 5 3 3 3 6 5 3 5 3 1 8 7 3 6 7 2 3 3 3 9 4 4 6 7 5 4 3 11 8 5 6 4 12 2 9 4 3 4 3 0 7 3 2 5 2 5 7 3 2 10 3 1 0 4 4 7 3 7 8 5 4 3 5 3 10 0 4 6 6 1 3 5 10 7 4 3 1 4 11 8 4 5 3 0 6 7 2 2 3 5 5 4 0 3 4 1 2 5 5 5 2 2 1 7 4 1 7 2 3 3 1 2 3 6 3 5 4 6 3 4 7 9 2 5 4 7 4 5 7 5 1 7 7 4 0 4 2 5
1 1 2 11 5 8 9 5 2 4 5 5 4 3 6 12 7 6 1 7 0 5 3 10 10 7 3 6 7 7 2 0 5 8 0 5 7 5 6 2 6 3 6 8 4 4 9 6 4 5 5 4 3 3 3 0 4 2 2 8 3 9 4 3 0 1 5 0 0 3 0 9 10 8 9 3 3 4 0 4 11 8 6 1 5 3 1 2 3 4 3 7 6 0 5 2 6 4 4 11 2 7 5 2 3 6 5 3 4 0 0 5 3 10 3 12 6 2 3 5 7 5 3 4 5 7 0 9 4 3 6 7 9 4 7 2 7 9 4 5 4 2 8 3 8 9 3 7 6 7
8 4 9 9 0 10 6 5 1 3 2 5 4 6 4 1 6 3 9 4 3 2 13 8 2 5 1 6 5 3 8 0 10 10 9 7 5 0 8 5 3 7 3 3 2 9 2 8 4 8 2 5 3 5 6 0 7 5 6 5 7 2 5 5 0 0 0 1 6 6 4 5 0 9 4 1 5 6 4 0 10 2 0 4 1 2 9 6 3 3 8 6 8 8 6 6 3 9 3 3 7 1 2 5 8 2 9 4 5 6 2 7 5 4 5 2 3 4 3 0 0 2 5 5 2 7 11 5 1 6 14 8 12 12 5 7 3 1 7 1 2 5 5 3 0 7 5 9 12 6
3 8 9 4 4 10 2 5 1 6 0 8 7 9 2 5 0 5 11 0 2 5 3 8 7 1 4 2 3 6 4 2 4 5 1 9 9 0 9 1 11 9 5 4 5 8 7 5 0 4 0 3 5 1 3 5 9 7 4 2 6 1 6 10 6 7 5 3 2 5 6 5 5 8 8 7 3 6 11 10 0 13 5 0 7 2 3 4 2 4 6 2 3 1 0 0 6 2 6 0 8 3 4 5 5 10 4 7 6 3 2 2 9 5 8 8 0 6 9 9 11 1 2 9 1 4 3 5 3 9 5 3 3 5 6 7 4 7 6 6 1 1 2 1 7 11 3 6 7 3
7 5 8 0 5 0 3 7 9 4 3 6 7 11 5 3 8 4 6 0 6 5 4 1 8 4 0 6 1 0 0 3 9 5 1 7 4 5 0 2 0 2 2 7 4 7 10 7 1 5 4 10 0 3 2 8 3 0 10 2 7 4 9 5 6 8 10 1 3 5 6 1 5 0 0 5 0 1 8 2 13 0 11 2 4 5 3 2 4 6 2 2 2 4 7 8 4 3 0 0 8 0 5 3 3 3 7 5 2 1 7 6 5 8 6 7 5 2 6 2 7 7 2 4 0 5 5 7 5 8 0 5 5 3 3 2 8 10 2 5 8 3 3 7 5 4 5 3 3 0
8 4 5 5 1 5 3 10 3 1 2 3 0 7 2 4 2 3 0 12 8 5 4 7 8 0 4 6 2 0 0 11 4 3 9 8 2 2 4 3 9 1 1 6 4 8 5 7 7 4 12 3 0 1 2 2 0 9 5 0 6 4 10 7 10 7 0 1 1 5 0 4 7 1 5 4 7 3 6 0 5 11 0 7 1 10 6 5 6 3 1 2 3 9 5 7 7 4 7 4 2 6 3 7 1 0 0 5 2 11 0 4 13 6 6 6 4 4 1 2 3 3 1 3 7 7 8 7 11 4 5 3 3 3 2 11 0 1 5 9 5 6 5 4 6 0 3 10 7 2
4 6 0 4 6 10 6 6 4 6 4 1 5 1 8 2 4 8 6 8 6 5 0 7 1 4 10 0 5 8 7 5 8 5 5 1 2 8 6 2 3 5 5 4 15 7 2 1 11 7 6 9 5 2 4 9 1 7 5 4 2 6 8 8 1 5 4 6 1 4 6 6 0 4 5 2 0 5 1 4 0 2 7 0 11 8 11 2 6 3 6 4 4 2 10 8 8 8 2 3 5 1 6 9 4 0 1 6 1 3 2 11 6 8 3 5 10 4 3 6 5 3 4 1 3 6 6 5 4 2 6 2 4 7 4 8 6 9 4 1 1 6 9 3 8 8 5 5 9 4
4 7 8 7 0 5 7 5 0 1 8 2 4 4 0 7 4 4 6 5 5 8 4 3 5 1 6 3 5 7 5 3 3 3 9 5 2 3 6 4 7 0 2 0 2 3 1 4 5 0 2 5 5 5 4 9 8 9 5 5 5 3 8 10 7 3 4 5 1 3 4 0 6 5 1 5 1 10 5 1 7 4 1 11 0 5 6 3 10 7 5 5 7 7 2 3 5 11 0 4 4 3 7 0 1 3 7 3 7 7 5 1 4 3 7 5 6 2 0 2 3 7 5 6 0 5 7 6 1 9 3 2 1 8 7 1 9 9 0 11 4 0 0 5 5 5 7 0 3 0
4 5 0 0 6 4 3 13 6 3 5 2 3 8 5 7 2 0 6 4 3 10 2 6 6 0 3 7 6 0 7 4 3 3 5 4 3 8 1 0 1 10 2 1 6 1 3 6 0 4 3 6 7 1 6 11 11 10 7 1 3 6 4 4 9 3 4 2 3 4 10 6 6 1 0 8 0 7 3 2 2 5 10 8 5 0 6 0 2 7 4 6 8 6 3 7 3 2 3 8 5 8 0 4 1 4 0 0 9 2 2 5 1 5 4 5 7 5 0 5 4 4 2 5 4 10 7 7 3 7 5 3 4 2 4 5 8 9 4 6 9 11 11 0 0 1 4 4 4 0
7 6 6 4 0 10 5 8 4 3 4 5 5 5 6 0 6 4 2 7 2 1 5 0 2 4 5 9 4 9 3 6 0 9 12 2 8 8 1 0 0 0 4 2 3 6 7 3 1 3 3 7 2 6 6 4 1 5 3 6 3 2 0 0 0 7 3 1 0 5 1 6 3 7 4 4 8 4 1 9 3 3 6 11 6 6 0 6 5 2 5 10 7 0 2 3 4 0 2 6 9 6 5 4 10 3 8 5 4 8 8 8 8 4 2 1 6 7 5 6 5 5 5 5 5 2 2 8 6 4 0 4 4 8 5 0 0 1 3 8 0 5 0 1 8 5 5 3 8 10
12 8 0 5 11 8 6 4 3 5 9 6 3 0 0 11 8 4 5 6 1 2 10 7 2 7 5 3 8 2 6 6 6 7 8 4 6 7 0 4 3 0 8 5 1 5 9 3 5 6 10 9 0 0 4 8 5 4 6 8 1 3 0 5 8 5 5 6 6 5 5 5 4 10 9 3 5 3 2 6 4 2 5 2 3 0 6 0 7 6 8 7 0 10 0 4 4 5 2 5 5 3 0 4 5 4 3 6 3 8 3 8 3 9 9 3 5 3 0 5 1 4 5 5 3 3 12 7 6 7 0 7 4 7 1 0 6 6 6 4 0 3 6 8 3 7 6 6 3 6
0 4 3 4 2 6 4 7 4 8 4 1 5 5 9 6 9 7 4 3 9 2 8 6 4 1 6 3 1 3 3 7 3 1 3 1 3 2 4 1 2 5 6 1 4 2 6 7 6 3 4 5 2 1 6 8 4 8 6 0 6 5 4 3 6 0 3 4 3 3 6 1 6 8 4 5 1 1 3 3 2 4 6 6 10 2 5 7 0 13 9 6 4 5 6 0 1 1 7 1 4 3 6 9 2 5 11 7 7 0 7 10 5 10 9 6 11 6 1 3 2 0 8 3 2 7 2 4 10 5 11 3 8 10 3 6 13 2 9 2 5 3 3 5 5 6 5 2 3 5
1 10 3 3 10 5 4 6 2 6 6 3 3 6 5 7 12 4 8 4 5 0 9 2 5 6 8 4 5 4 6 0 2 0 5 4 9 3 4 4 10 3 4 5 3 6 3 9 4 5 0 5 6 5 3 4 5 1 3 4 5 3 5 9 2 6 5 11 2 2 4 1 3 4 5 9 3 4 4 3 4 6 3 3 7 7 2 6 13 0 11 4 3 3 1 6 10 5 6 3 3 5 0 7 3 7 2 4 5 7 8 8 5 2 4 0 10 2 11 3 3 4 4 3 8 4 3 2 7 5 0 4 2 8 3 5 8 4 7 3 0 2 6 5 5 12 4 1 4 5
3 1 6 8 3 3 6 11 2 7 9 11 3 5 1 0 5 7 6 2 3 3 10 3 5 5 3 8 11 2 0 6 7 3 3 8 8 9 2 6 5 5 10 5 5 3 4 0 4 5 0 11 0 5 2 8 9 4 6 4 1 0 7 3 0 5 5 5 6 1 3 1 0 5 0 4 7 11 3 8 6 2 1 6 5 4 5 8 9 11 0 7 3 4 5 3 3 2 6 6 0 2 1 7 9 5 7 3 6 7 7 7 1 1 12 9 7 7 4 3 7 1 6 4 6 6 6 7 6 4 6 3 4 3 1 0 0 7 12 1 0 10 11 0 7 11 5 4 4 4
2 5 3 2 3 2 8 5 4 5 6 5 6 3 6 0 5 5 5 3 8 4 2 11 8 8 0 7 5 9 6 11 6 6 1 7 4 12 8 6 1 5 2 5 3 2 0 7 2 5 7 4 4 6 3 3 3 7 4 0 11 4 4 2 2 3 5 5 6 4 1 3 6 7 7 3 5 8 7 6 2 2 2 4 5 6 10 7 6 4 7 0 12 1 11 6 8 4 4 7 5 3 11 0 4 7 2 4 0 5 5 6 1 9 4 10 1 11 6 7 5 0 0 7 2 7 5 8 9 0 2 5 7 8 8 1 8 4 4 2 7 10 1 10 6 8 2 6 4 5
5 0 4 4 0 10 0 4 0 9 9 4 8 9 5 5 5 5 6 6 8 9 6 5 7 5 2 6 1 2 0 6 8 3 10 0 0 4 3 10 2 0 6 7 7 3 9 5 1 9 6 3 7 2 11 1 2 8 6 2 1 6 5 5 3 5 9 1 7 1 6 9 7 4 0 11 6 4 6 8 3 2 3 4 7 8 7 0 4 3 3 12 0 10 2 1 3 9 1 7 3 6 4 9 5 4 6 3 7 4 6 4 0 2 5 0 1 3 8 6 0 6 11 3 3 4 4 6 0 3 7 2 6 3 4 5 0 5 5 0 7 7 3 7 6 6 2 2 2 5
0 6 7 6 1 6 0 4 0 6 10 0 8 0 6 11 7 9 4 6 4 5 4 0 3 2 9 3 1 1 8 2 4 8 8 4 5 10 4 7 6 4 7 5 4 8 3 2 4 5 0 0 4 6 5 10 3 7 2 10 8 6 3 5 3 0 0 10 0 6 0 5 13 7 7 2 2 5 0 8 1 4 9 2 7 6 0 10 5 3 4 1 10 0 8 3 2 11 8 5 3 6 7 7 3 6 6 1 0 4 7 2 4 8 4 4 4 5 4 0 0 1 5 8 4 6 3 7 4 0 4 0 5 7 6 7 4 2 5 3 8 3 7 4 8 5 1 0 4 8
2 0 7 3 3 1 11 5 6 4 3 5 3 2 4 9 3 2 5 5 2 5 2 4 7 3 6 4 4 1 3 0 8 0 3 1 3 3 3 7 6 6 5 0 6 6 0 8 3 7 3 10 9 7 5 3 4 2 7 4 0 5 8 4 4 3 4 6 8 9 7 4 1 5 2 5 6 3 5 6 0 7 5 10 2 3 2 0 6 1 5 11 2 8 0 5 4 3 3 5 7 4 5 6 5 0 4 0 6 5 6 8 5 8 3 4 2 2 4 7 4 5 2 4 3 7 0 1 6 2 6 5 7 2 6 2 7 6 2 7 7 0 4 8 4 3 4 3 1 0
4 4 6 7 5 6 8 7 5 5 5 7 0 4 3 3 3 4 0 6 10 5 9 7 5 1 0 3 10 4 4 7 4 2 2 2 2 10 5 4 2 3 3 7 5 6 4 3 1 1 5 7 6 5 3 9 4 1 7 6 7 7 3 6 1 4 7 3 3 6 6 8 1 5 3 6 0 0 2 6 0 8 7 8 3 7 3 4 0 6 3 6 1 3 5 0 9 6 11 5 6 6 0 7 0 10 5 2 4 1 1 7 4 5 6 5 2 2 3 10 0 9 5 6 5 2 3 5 5 2 7 8 6 5 0 4 7 8 9 8 5 1 7 3 3 4 2 5 9 5
5 4 3 10 8 6 9 0 2 8 3 3 7 6 1 10 4 4 0 8 7 3 3 4 6 7 5 3 2 8 11 7 0 6 4 3 7 4 5 1 3 3 3 7 3 1 7 5 4 6 8 5 9 9 4 6 5 5 10 4 4 5 4 9 5 1 11 4 3 7 3 7 0 8 4 10 0 6 6 3 6 4 7 8 5 3 4 4 1 10 3 8 3 2 4 9 0 8 4 5 1 6 5 7 1 0 5 3 0 1 9 3 9 10 0 9 0 0 7 5 3 9 7 4 6 6 4 3 6 5 4 5 4 10 6 0 2 0 2 6 7 0 8 6 7 4 0 1 4 5
5 5 6 5 8 3 4 4 0 4 0 0 3 0 2 2 6 3 6 8 2 10 0 6 0 4 4 10 5 6 3 7 5 0 6 4 3 8 2 4 5 6 3 5 3 1 0 0 6 5 2 3 10 4 8 5 9 4 7 3 9 7 3 9 0 5 6 2 4 5 4 4 3 3 5 0 7 7 4 9 2 3 4 8 11 2 0 5 1 5 2 4 9 11 3 6 8 0 5 6 9 8 3 9 4 6 3 6 2 2 2 6 4 10 0 0 5 10 0 7 9 1 2 0 7 2 7 8 0 7 9 1 7 4 7 2 7 6 5 7 11 6 1 4 3 1 4 10 6 0
7 7 6 2 7 2 7 9 3 4 7 6 2 4 9 4 5 2 0 9 0 4 7 9 6 9 0 5 1 3 4 8 0 0 8 7 7 9 1 4 7 7 2 7 5 3 8 3 8 2 6 5 6 4 10 6 5 7 8 13 8 9 2 5 8 6 2 4 7 5 1 7 9 0 4 3 4 2 4 3 6 0 7 2 0 3 2 2 7 6 6 4 1 8 3 11 4 5 0 8 8 0 6 1 1 5 4 10 6 6 4 0 7 5 0 6 7 5 1 1 4 3 4 6 5 3 5 2 5 5 10 5 3 7 5 1 4 7 2 5 6 12 3 5 4 1 8 3 3 3
2 6 3 4 7 7 7 3 9 11 3 6 2 6 8 2 4 0 1 5 3 2 2 5 4 6 4 7 0 9 0 9 6 4 1 3 1 4 3 3 3 6 4 7 7 6 1 3 3 7 5 0 6 0 2 8 1 5 2 11 4 5 2 5 10 11 1 7 4 6 7 5 10 7 10 6 1 2 11 3 0 0 4 3 4 8 6 5 1 3 6 7 7 5 5 5 5 6 8 0 6 7 8 4 3 4 7 5 4 5 9 6 5 3 7 1 4 7 3 7 2 4 6 7 8 6 5 12 6 3 5 4 10 5 7 0 8 4 5 5 8 6 5 5 8 3 3 5 6 0
5 7 2 7 0 3 0 8 10 8 6 3 10 10 5 5 3 1 2 11 7 6 6 4 13 5 4 6 2 4 4 2 5 5 7 3 0 11 4 3 3 7 3 6 2 9 9 5 3 1 1 10 8 2 3 3 4 2 3 9 9 3 3 1 6 3 4 9 6 4 3 4 5 7 4 5 2 3 2 7 8 8 2 5 4 5 9 5 4 3 0 5 3 3 7 6 1 9 8 6 0 10 4 2 0 0 0 4 2 2 4 5 7 5 0 3 8 10 7 0 4 3 0 2 4 3 2 6 3 5 9 2 6 0 0 5 10 0 7 9 8 9 8 9 7 2 2 0 0 6
4 3 9 3 9 2 1 5 3 8 8 7 0 5 7 10 4 11 7 7 4 0 7 6 3 8 5 4 0 0 8 3 7 4 1 6 4 0 9 11 11 2 5 5 2 6 0 1 2 3 3 0 7 10 4 4 6 6 0 2 4 4 0 9 4 9 2 5 6 6 6 5 9 0 3 4 10 5 7 1 3 0 6 1 3 8 6 3 3 5 2 3 6 6 4 6 6 8 0 7 10 0 5 2 3 5 0 0 4 13 3 5 3 0 9 7 4 4 2 11 5 1 5 7 12 6 7 6 5 0 2 1 7 5 4 4 10 3 8 4 4 8 7 8 8 7 1 7 8 3
2 7 8 7 6 1 4 8 8 7 9 7 0 3 3 2 6 6 3 8 5 2 1 4 0 2 3 9 4 6 6 5 3 4 7 10 7 4 9 3 4 5 0 3 0 3 6 4 3 8 3 2 0 9 6 8 8 0 4 7 3 7 0 5 6 5 2 1 5 4 4 5 1 9 4 4 9 5 5 2 4 5 3 6 7 0 5 0 6 0 1 11 4 7 5 0 5 3 6 8 4 5 0 10 2 7 5 6 9 5 2 6 0 0 1 7 0 8 1 6 7 5 6 5 6 0 5 2 6 4 5 3 8 5 11 4 3 3 6 6 5 3 9 9 7 0 2 4 1 1
6 7 5 5 3 5 6 9 2 6 11 3 6 7 6 3 13 9 4 7 2 3 3 6 12 9 4 9 6 0 6 6 3 2 5 4 9 4 1 1 5 3 7 1 2 5 7 4 5 6 0 4 4 6 6 8 8 6 4 4 6 2 1 2 8 7 7 4 5 8 4 5 1 5 8 3 6 4 2 5 5 3 7 9 0 4 4 4 9 7 7 0 9 7 6 7 7 9 1 4 2 2 10 0 10 7 8 5 1 6 9 6 0 0 5 4 7 10 1 3 6 4 7 6 6 2 3 5 4 9 3 4 0 6 4 7 7 6 2 6 2 6 6 3 5 4 0 4 0 2
0 1 1 6 6 6 1 0 6 8 3 8 7 5 5 9 2 4 7 5 5 2 6 1 5 7 5 6 8 5 0 10 6 0 3 7 14 8 4 5 4 1 3 4 1 2 5 10 1 8 5 3 3 5 0 5 9 1 5 7 4 1 7 10 0 4 7 2 7 1 1 7 3 3 10 4 1 0 3 8 5 3 1 4 1 1 10 5 2 3 9 4 5 3 5 0 1 4 1 3 0 3 2 10 0 8 5 7 3 0 5 5 5 4 13 3 3 11 4 7 5 3 7 3 4 3 3 8 7 1 11 4 2 8 6 4 7 9 2 3 3 1 4 6 0 4 4 4 8 11
7 5 6 5 2 3 8 5 1 0 5 4 6 10 0 0 4 3 8 3 3 1 4 5 2 1 8 4 5 4 5 2 6 4 2 2 6 2 8 0 6 8 8 6 6 3 4 5 7 2 3 3 4 1 5 2 2 2 1 4 4 5 6 11 0 0 9 2 2 1 2 10 7 4 3 7 9 3 6 2 10 3 0 0 3 4 3 4 5 7 5 7 4 6 0 10 0 6 5 4 0 5 7 7 8 0 9 4 4 6 8 11 5 4 1 6 8 7 6 5 6 7 1 8 3 4 5 1 4 3 6 7 5 9 5 2 3 2 8 8 3 2 4 4 5 1 3 3 9 2
8 4 8 4 5 1 8 5 5 1 9 8 8 13 5 4 7 5 0 5 9 9 2 2 4 6 7 4 4 1 8 0 4 1 1 2 3 1 4 10 2 7 3 6 5 1 2 6 4 0 1 4 0 3 12 7 7 0 0 1 8 4 4 7 6 0 5 0 6 10 3 4 6 8 0 4 3 4 5 9 4 7 0 1 7 0 8 3 11 2 7 2 6 6 4 5 5 3 4 7 0 0 5 8 5 9 0 12 4 9 5 5 4 5 0 11 0 1 3 3 6 7 3 2 6 7 5 6 2 3 12 5 11 9 12 4 7 0 0 3 3 3 10 5 0 4 6 10 4 4
4 7 3 7 8 4 10 5 1 2 2 3 3 7 4 4 5 9 7 4 8 7 0 6 5 0 1 5 4 3 2 6 6 3 4 11 5 5 2 5 4 10 1 0 4 7 8 7 4 5 6 0 5 5 4 7 0 7 6 8 6 15 9 6 2 5 8 2 8 6 4 7 9 7 3 5 7 1 3 4 7 5 5 6 3 0 5 6 7 4 3 4 3 1 0 2 3 6 10 5 4 0 6 5 7 4 12 0 6 4 1 3 7 4 5 4 4 4 7 1 3 6 6 9 4 3 4 1 5 8 2 6 1 4 2 5 7 5 8 2 2 4 8 0 5 6 7 7 4 10
6 9 4 3 3 4 3 9 3 5 1 0 4 2 6 2 4 7 3 10 0 7 0 5 5 5 8 5 4 1 5 5 0 2 2 4 0 7 0 6 6 0 1 8 12 3 9 3 2 10 7 7 3 6 5 6 8 1 2 10 4 5 9 7 1 4 6 5 0 7 1 7 2 5 3 1 4 2 4 5 6 2 2 1 7 9 4 3 7 5 6 0 7 0 6 4 0 2 6 4 2 4 9 1 3 4 4 6 0 12 8 2 3 1 1 9 7 7 5 0 9 5 0 2 2 5 5 1 12 6 0 6 1 5 6 12 3 7 8 9 0 5 4 5 5 0 6 10 8 7
6 4 7 4 3 4 1 6 3 0 6 2 4 7 5 3 6 8 7 0 4 11 9 7 5 3 4 6 5 7 5 0 0 1 10 8 5 3 8 2 6 8 6 4 7 6 2 9 2 6 5 3 10 7 5 5 2 0 4 11 5 3 5 4 3 0 5 0 4 1 0 3 6 0 5 4 5 5 0 6 3 1 11 3 7 2 8 8 0 7 7 5 4 4 5 1 1 2 6 5 2 13 5 6 0 6 9 4 12 0 16 11 0 12 3 3 2 3 8 5 3 3 8 1 4 5 8 4 6 1 8 3 6 7 11 6 6 7 3 2 7 2 9 4 2 2 10 7 2 9
9 8 3 7 2 7 5 1 5 5 6 6 5 5 5 5 4 2 6 0 6 8 3 7 6 7 2 0 6 4 6 6 1 2 5 2 5 3 2 7 1 5 5 3 4 4 6 9 8 4 6 4 6 0 5 4 5 3 5 7 1 7 3 9 2 2 6 5 7 3 1 0 4 5 5 5 2 5 0 2 2 7 0 2 5 2 8 3 7 8 7 5 6 7 6 1 9 2 4 9 4 3 2 9 5 8 5 1 8 16 0 13 3 5 6 7 0 3 6 8 8 11 5 8 3 5 4 4 4 6 2 2 7 2 4 3 5 10 5 3 0 5 4 5 0 6 7 1 7 5
3 6 7 7 5 4 5 0 9 3 8 10 12 0 5 2 0 0 1 5 6 0 3 6 5 4 3 7 7 8 4 7 6 6 2 5 0 5 4 9 5 0 2 6 5 0 4 7 0 6 6 1 5 4 2 7 1 0 7 9 5 6 3 2 6 2 3 1 4 3 0 0 4 7 2 5 2 5 5 7 2 6 4 11 1 5 8 8 10 8 7 6 4 2 8 7 3 6 0 6 5 5 6 6 5 11 5 3 2 11 13 0 9 1 7 8 6 12 0 2 3 7 1 2 2 4 2 0 9 3 0 1 9 1 11 6 6 1 7 7 6 9 8 5 2 7 3 5 4 6
0 8 6 6 8 0 7 5 5 6 5 4 5 5 8 0 7 3 8 6 8 7 3 2 0 7 2 0 11 4 8 6 6 1 3 3 6 7 4 2 4 7 7 10 6 4 5 9 8 8 1 5 0 4 6 5 2 3 4 0 1 6 7 6 6 0 0 2 8 6 6 6 4 1 1 0 4 2 3 5 9 5 13 6 4 1 8 3 5 5 1 1 0 4 5 4 9 4 7 5 7 3 0 0 5 5 4 7 3 0 3 9 0 11 6 7 7 5 8 4 5 3 5 4 4 8 0 6 9 1 4 8 2 2 1 5 4 0 7 2 4 4 10 7 1 7 4 5 2 2
6 0 3 4 3 4 7 6 4 10 5 6 3 2 6 0 4 4 6 8 2 4 0 6 3 5 6 8 3 7 6 4 2 7 6 2 5 8 3 7 7 3 1 6 10 1 0 4 6 11 3 5 4 10 2 4 1 3 6 0 1 6 3 8 2 0 6 4 6 5 7 3 13 6 3 5 0 2 10 4 5 8 6 8 3 5 4 9 10 2 1 9 2 8 8 5 10 10 5 3 5 0 0 0 4 4 5 4 1 12 5 1 11 0 4 5 9 2 3 4 12 4 1 3 5 4 5 9 4 7 5 6 4 6 2 9 0 1 10 2 5 7 5 7 9 5 3 4 7 10
5 3 8 10 3 2 7 7 6 7 0 1 4 2 4 0 3 7 2 4 5 3 0 7 5 6 6 7 5 12 6 4 7 0 8 4 0 6 0 4 5 6 6 4 4 1 5 6 2 3 3 1 4 8 8 3 1 4 7 2 11 5 4 8 5 6 3 5 2 3 2 9 7 3 0 6 2 1 3 5 8 6 6 3 7 4 2 9 9 4 12 4 5 4 3 6 0 0 0 7 0 9 1 5 13 1 0 5 1 3 6 7 6 4 0 15 5 4 7 0 9 6 7 12 6 5 8 0 5 6 8 2 6 3 8 0 4 8 7 2 8 8 5 4 8 4 7 7 4 4
4 2 0 3 5 7 5 8 3 7 3 9 8 5 2 8 0 4 9 5 8 8 1 2 4 4 6 7 8 10 7 6 1 3 6 2 7 0 5 2 0 5 7 3 6 1 0 0 6 1 4 8 7 7 1 3 5 5 4 5 0 1 5 14 7 6 7 1 6 5 0 3 2 4 0 4 6 7 12 2 8 7 6 5 5 5 1 3 6 0 9 10 0 4 4 5 9 0 6 1 3 7 7 4 3 6 11 4 9 3 7 8 7 5 15 0 5 4 4 1 5 11 1 6 0 3 2 3 1 4 3 6 7 2 6 8 2 6 2 7 1 1 6 6 5 10 2 5 7 3
1 13 1 8 8 1 1 4 3 4 5 3 6 7 3 4 3 3 6 1 1 6 8 7 7 4 3 8 0 5 7 1 4 3 7 2 1 2 7 4 0 7 0 7 0 9 0 0 6 2 4 0 3 8 5 4 5 3 3 0 2 0 2 9 4 4 8 6 4 7 4 6 11 8 4 10 3 4 6 3 0 5 4 10 6 7 6 5 11 10 7 1 1 4 2 2 0 5 7 4 8 4 0 7 3 8 0 4 7 2 0 6 7 9 5 5 0 9 5 4 5 4 9 9 1 0 4 3 8 6 2 8 7 2 4 2 7 2 0 6 1 6 9 6 1 7 6 8 10 3
1 1 2 4 0 3 3 4 4 4 3 7 1 4 10 3 6 1 6 1 5 2 5 10 5 0 6 0 4 7 4 5 5 7 5 0 1 3 4 0 1 0 5 9 2 5 7 6 3 0 8 8 6 10 8 0 11 1 2 6 6 10 5 6 5 7 1 2 4 11 3 11 3 1 4 4 6 1 2 4 6 2 4 4 2 5 7 3 6 2 7 11 3 5 2 2 0 10 5 7 10 4 8 10 11 7 1 4 7 3 3 12 5 2 4 4 9 0 4 6 7 0 3 4 4 3 1 6 0 0 2 3 7 5 3 0 5 6 7 8 8 7 2 8 5 4 8 7 6 4
9 9 6 4 1 5 8 4 1 5 6 5 1 4 11 3 1 6 5 6 6 9 9 10 9 5 2 0 2 6 4 2 8 1 6 8 0 0 4 8 5 5 1 3 3 8 8 9 10 9 5 7 8 4 8 10 6 0 6 1 4 3 5 6 1 3 9 0 3 4 0 0 3 9 4 3 4 7 3 3 9 6 1 3 0 0 5 0 1 11 4 6 8 4 4 3 7 0 1 3 7 2 1 1 4 6 3 7 5 8 6 0 8 3 7 4 5 4 0 4 3 0 5 4 4 3 7 3 8 4 8 9 6 2 5 4 4 6 7 2 4 5 7 5 8 7 5 6 6 2
5 7 0 4 6 7 7 1 6 7 0 6 6 5 7 6 4 0 6 8 8 0 8 6 0 4 1 10 1 4 2 5 3 6 5 4 6 3 1 2 7 2 3 0 14 5 9 5 6 6 10 8 3 7 3 3 5 8 10 5 4 6 0 8 1 2 1 4 2 2 3 3 1 10 10 5 6 2 5 0 9 2 2 6 2 5 6 5 3 3 3 7 6 0 7 10 5 7 1 7 0 11 6 3 7 5 3 1 0 5 8 2 4 4 0 1 4 6 4 0 4 5 3 0 0 4 4 7 3 5 3 5 2 1 0 7 2 5 6 7 3 5 13 4 2 4 7 2 10 0
3 3 9 1 0 6 1 6 3 5 7 2 2 3 5 5 5 7 1 6 1 6 5 4 7 10 7 2 4 6 0 7 4 2 5 3 1 4 3 6 7 0 4 1 1 7 6 6 5 5 7 0 4 5 0 0 2 6 2 5 5 3 3 6 5 8 5 8 6 8 0 8 3 5 9 5 4 3 7 0 11 7 3 5 3 4 5 1 2 3 7 5 0 0 4 0 3 9 4 2 4 5 7 6 5 6 6 3 9 3 8 3 5 12 9 5 5 7 3 4 0 8 5 2 6 5 3 0 1 3 0 4 2 9 3 5 5 3 4 7 5 5 2 1 4 2 1 3 2 4
4 6 8 3 8 9 4 2 4 5 5 4 2 7 1 0 12 4 3 7 3 7 3 11 6 5 1 9 6 6 7 4 8 9 9 6 3 8 7 3 6 6 6 5 3 2 4 5 6 4 3 4 3 5 2 0 0 8 8 6 2 4 5 5 5 8 5 0 7 11 5 4 8 0 5 3 1 3 5 2 1 7 3 3 7 4 5 4 0 4 1 0 6 1 5 9 9 1 3 4 3 1 5 4 3 7 7 6 5 3 11 7 3 4 6 11 4 0 0 5 8 0 6 6 3 3 5 6 4 3 3 0 1 4 7 2 0 4 5 5 6 3 6 3 7 7 4 4 7 0
5 9 0 4 6 1 5 6 2 3 2 3 4 5 4 2 7 3 4 3 1 0 8 8 0 7 1 7 7 3 0 6 0 6 0 7 7 3 5 5 1 0 5 1 9 6 2 3 1 8 4 5 11 5 8 4 8 0 7 6 4 2 3 4 0 2 8 2 5 8 5 9 9 6 2 0 5 1 3 5 2 2 1 4 5 2 5 5 8 4 6 0 11 5 2 5 7 2 4 6 0 5 6 7 7 1 3 6 0 8 5 1 5 1 7 1 9 3 5 3 5 6 0 7 1 6 1 5 0 4 3 6 8 5 5 0 6 4 6 5 3 5 10 8 1 9 6 5 4 4
3 4 5 5 0 5 5 2 3 6 4 3 3 5 1 7 7 2 1 5 3 3 0 1 6 0 2 7 6 5 1 2 4 0 4 0 6 5 5 11 0 0 11 7 11 8 5 6 9 8 0 8 2 4 3 6 5 7 2 5 3 5 0 2 13 0 4 8 2 9 6 6 0 7 5 5 2 2 4 5 9 4 3 1 6 5 5 5 3 3 4 7 3 8 4 6 4 0 6 7 2 7 5 6 3 8 2 9 2 1 8 2 4 3 12 6 9 4 4 0 2 6 7 0 9 6 7 4 0 2 0 1 3 2 6 2 5 7 1 0 5 9 7 4 5 0 7 8 3 4
0 6 12 6 6 7 3 5 4 8 2 3 5 0 9 13 5 2 1 3 8 3 8 5 6 5 5 4 2 5 6 4 5 0 4 5 8 0 6 0 3 0 0 10 6 3 5 3 3 5 5 4 4 4 7 3 3 7 3 1 6 10 7 8 5 4 3 4 6 5 0 7 7 7 6 3 5 3 5 2 1 0 7 3 0 4 5 3 2 8 6 2 3 4 3 5 6 7 5 8 4 12 6 6 4 3 6 4 2 4 3 2 4 5 6 0 1 4 4 0 6 3 1 9 0 4 5 0 7 0 0 6 2 2 3 6 5 3 0 9 7 0 9 6 0 7 8 4 6 7
7 3 3 6 0 4 6 2 6 2 3 10 3 2 3 5 3 1 6 4 3 4 6 6 4 5 4 8 9 0 3 4 5 2 0 4 6 3 5 7 6 11 7 4 2 8 9 4 5 3 2 5 5 10 1 7 7 8 1 4 7 0 6 5 2 6 3 6 0 6 7 2 5 3 0 13 5 6 7 7 4 5 7 6 5 10 2 3 7 4 6 7 4 6 7 2 6 2 3 6 3 6 0 2 3 4 7 3 5 5 5 4 8 4 5 3 0 3 3 4 5 3 6 6 4 0 8 0 0 1 9 2 2 0 3 1 3 6 8 3 6 6 2 6 7 1 6 6 0 2
2 4 5 4 4 5 5 4 0 4 3 3 10 6 5 7 4 6 6 7 1 5 0 4 1 7 4 6 4 5 9 4 6 6 5 2 5 7 4 0 3 1 4 2 8 4 4 8 10 2 3 5 1 4 8 5 8 8 6 1 4 5 2 7 5 3 8 3 8 7 9 1 5 7 5 11 5 3 0 11 3 5 8 6 7 7 2 12 2 3 6 5 4 3 0 3 4 7 5 5 2 7 5 3 3 5 5 4 5 8 4 2 0 5 8 2 4 1 7 4 3 5 1 7 5 8 0 8 7 11 4 1 12 10 5 13 6 3 7 4 3 0 8 6 4 1 8 3 4 6
4 3 8 0 2 6 8 4 0 3 7 0 10 10 3 1 7 0 5 6 9 1 9 1 4 0 8 2 5 3 1 6 5 3 8 3 1 0 7 7 4 4 4 0 5 5 0 6 0 7 10 0 3 8 5 1 7 3 12 3 0 4 3 3 3 7 0 0 4 3 3 5 7 4 3 10 1 5 9 5 5 7 7 5 6 7 8 7 4 2 7 8 6 7 1 5 3 8 2 12 6 6 2 5 8 1 6 1 1 4 4 0 6 9 0 3 3 6 3 7 0 6 5 4 0 0 8 0 7 5 5 4 1 3 4 11 4 6 6 4 5 6 9 13 5 2 3 5 5 6
4 7 6 4 6 9 6 8 5 6 8 2 3 1 0 7 2 4 5 9 5 10 9 1 5 0 3 2 5 10 0 2 3 5 6 3 6 5 10 1 2 9 5 4 4 9 7 7 6 5 1 1 1 5 1 5 3 11 2 6 10 6 6 5 8 3 6 0 5 3 7 6 5 1 6 4 4 4 4 1 3 5 11 4 1 3 6 6 10 7 6 9 0 4 6 5 6 0 5 6 3 5 6 4 7 4 2 5 12 6 4 9 9 4 5 1 8 0 8 3 1 4 0 0 7 0 7 7 0 5 9 5 2 9 3 8 11 0 4 4 4 0 6 5 2 7 7 2 5 4
6 9 3 6 9 7 1 5 6 3 8 9 0 6 6 5 4 7 4 7 1 3 10 2 3 8 6 5 5 7 7 4 8 1 6 4 10 4 4 3 0 1 3 7 9 9 2 2 4 5 5 5 3 4 4 2 0 5 6 6 7 7 1 7 6 5 4 2 0 1 6 0 13 4 4 6 2 6 3 6 9 8 4 2 9 7 4 7 5 5 4 0 3 0 2 2 5 7 5 3 5 0 4 9 1 3 3 8 6 1 6 3 1 7 6 4 6 0 4 5 3 3 4 2 0 1 11 5 5 0 12 3 8 5 8 4 6 0 3 0 5 3 5 0 9 1 0 2 10 10
4 6 3 3 2 11 7 11 6 5 6 5 7 3 11 8 1 8 1 9 9 0 4 5 4 6 3 7 7 4 4 0 8 3 8 2 5 6 6 3 1 5 4 0 3 4 9 4 5 9 0 5 1 1 9 7 2 1 6 5 10 3 5 0 8 5 9 6 7 6 4 0 2 1 7 4 0 3 6 14 5 0 5 6 3 5 0 0 11 0 6 2 7 4 6 7 4 9 10 5 9 2 5 3 11 6 12 2 0 8 2 0 4 5 8 3 2 2 8 3 0 3 3 0 0 9 4 5 9 12 0 16 8 3 10 5 4 8 0 5 4 8 4 3 4 1 5 7 3 1
2 10 7 5 3 9 0 4 9 4 3 11 7 5 3 2 6 5 1 7 4 5 2 6 6 3 3 2 5 3 5 8 7 1 3 4 3 3 4 8 6 6 8 5 8 4 0 2 1 2 2 8 4 10 6 5 10 6 4 3 4 8 4 8 0 0 6 6 1 2 12 4 4 4 4 3 6 4 7 8 3 5 3 2 2 3 4 7 3 4 3 5 2 0 5 8 5 1 5 4 2 1 3 4 4 7 5 6 6 3 2 1 8 6 2 6 8 3 9 5 4 0 6 1 6 2 1 4 5 3 16 0 7 2 5 4 7 5 0 5 10 6 5 6 5 5 1 8 3 6
10 5 4 4 5 6 12 3 4 2 2 10 6 4 2 5 3 11 1 6 2 3 10 0 7 6 4 6 6 1 7 3 8 7 4 6 5 7 6 0 6 8 6 10 4 1 2 7 2 6 3 5 7 4 2 4 9 2 4 0 9 8 4 2 5 4 5 2 1 3 4 5 6 7 4 3 1 7 9 12 3 5 3 4 1 4 4 4 8 2 4 7 6 5 7 6 4 7 3 10 6 7 8 0 2 5 11 1 1 6 7 9 2 4 6 7 7 7 6 2 2 1 8 3 2 2 12 1 2 8 8 7 0 8 1 9 7 10 2 4 0 3 2 4 7 0 3 0 2 4
0 4 6 1 7 4 6 6 9 6 1 5 3 7 8 0 2 6 4 5 5 2 8 1 6 8 2 4 7 7 9 5 0 7 6 5 7 6 5 1 2 9 8 7 4 7 2 9 6 4 0 4 4 4 0 4 9 5 6 6 6 8 0 10 6 7 1 4 3 6 7 4 3 6 8 9 6 9 4 12 5 3 3 7 8 2 8 7 10 8 3 8 3 7 2 5 10 4 7 5 0 5 5 6 8 9 9 4 5 7 2 1 2 6 3 2 2 5 2 1 9 4 5 2 2 0 10 3 9 5 3 2 8 0 8 0 4 2 5 2 1 2 2 6 5 8 8 7 4 1
8 5 5 2 8 0 8 3 2 4 5 7 3 3 2 5 3 10 10 8 1 6 10 0 3 7 5 2 11 8 3 0 9 1 0 4 8 5 7 5 11 2 6 7 7 0 7 1 6 4 7 7 9 8 10 5 2 10 8 6 6 8 4 6 5 3 4 3 2 0 8 11 2 6 3 2 8 2 7 5 6 3 2 4 7 4 5 1 3 3 1 8 4 6 6 0 6 7 5 7 0 4 11 4 6 5 12 2 6 11 4 11 1 2 8 6 4 3 5 0 3 7 5 6 3 3 5 4 3 8 10 5 1 8 0 4 3 6 6 5 8 5 5 8 6 5 3 7 0 3
0 2 8 5 1 3 9 9 4 7 8 4 5 8 6 2 3 6 9 2 4 2 5 9 3 5 5 7 2 0 3 3 6 7 3 0 1 6 12 4 4 5 6 8 2 5 6 6 1 6 0 1 3 9 2 5 5 5 3 0 0 4 3 5 3 2 2 3 4 2 5 1 7 3 4 6 1 5 2 7 7 2 11 8 1 5 0 0 6 5 0 1 5 7 2 4 0 2 1 0 5 4 4 7 4 2 4 5 12 6 3 6 5 9 0 8 2 0 4 7 5 2 0 2 6 1 13 11 8 4 5 4 9 0 4 0 9 6 7 6 6 3 3 1 1 11 8 5 3 10
2 9 8 1 1 7 7 5 7 3 11 4 0 2 1 4 4 6 10 6 9 3 2 7 5 3 1 7 4 9 5 5 0 8 5 10 2 8 5 7 1 4 4 2 4 6 0 4 3 4 5 9 8 6 3 2 7 3 6 0 5 2 0 8 5 0 11 8 5 6 2 6 5 0 3 0 6 4 7 3 4 8 0 6 9 8 0 6 13 8 0 8 0 4 7 7 2 7 4 8 10 10 3 7 7 3 7 7 3 6 5 6 4 0 4 2 7 5 4 2 5 0 6 5 5 3 6 4 11 6 4 7 7 4 3 9 0 8 3 6 0 9 6 5 3 4 5 8 2 1
7 12 10 6 1 0 5 4 3 8 4 5 4 3 5 3 4 6 8 8 9 5 5 5 5 7 4 2 7 5 6 5 6 7 0 4 1 8 4 4 8 2 3 7 12 13 2 7 7 4 11 8 3 5 6 5 5 7 5 6 8 7 1 10 2 5 6 11 11 8 0 8 4 8 6 0 7 7 9 1 7 10 1 9 9 9 1 6 2 4 7 4 5 2 6 8 0 6 7 4 0 3 3 6 9 2 0 5 7 7 10 1 0 1 8 6 2 6 6 5 3 4 4 7 3 6 3 6 0 0 8 5 10 2 6 6 8 0 9 2 2 6 6 1 2 0 4 4 0 7
8 0 3 3 3 3 6 0 4 4 0 9 1 3 5 5 8 9 5 1 8 2 2 12 4 7 7 4 1 7 9 11 3 3 5 8 9 5 4 7 8 1 0 6 5 3 4 4 4 2 5 0 3 3 5 2 6 2 5 0 4 9 5 1 12 12 10 9 5 6 7 6 2 7 4 4 8 4 4 7 6 2 5 4 0 4 3 6 9 7 12 4 5 5 2 9 2 5 2 5 7 8 6 2 2 8 0 8 8 3 5 7 7 10 7 2 0 7 7 6 4 5 6 1 0 8 7 6 4 3 0 0 2 5 6 7 3 9 0 12 1 2 9 0 2 1 5 6 5 6
2 3 1 4 6 8 7 6 3 3 5 3 1 4 5 5 3 1 4 4 3 6 1 3 2 1 2 2 5 1 5 1 11 2 4 5 2 6 8 0 1 8 7 8 4 1 1 6 5 4 7 6 8 4 4 1 7 8 7 2 4 7 5 1 1 5 1 5 3 6 7 8 2 3 3 3 9 5 5 1 6 5 9 1 11 6 8 4 2 3 1 2 0 3 7 8 6 7 5 5 9 4 6 6 3 8 3 2 9 2 3 7 2 2 2 7 6 8 2 7 7 5 5 0 9 3 4 4 4 0 5 5 4 2 5 6 6 2 12 0 11 0 4 4 8 4 2 4 7 0
2 1 5 8 6 1 4 6 4 9 6 6 5 2 0 3 1 6 3 6 5 6 10 6 7 4 4 7 5 5 9 2 8 6 4 2 0 5 6 4 2 2 2 8 5 2 8 1 5 7 5 1 7 4 4 0 5 5 1 3 3 6 10 7 4 4 6 8 2 7 9 7 5 6 4 4 5 7 4 2 1 8 5 1 4 9 0 0 5 0 0 7 7 8 7 5 7 11 6 8 8 4 5 2 3 3 3 2 0 7 0 6 4 5 8 1 1 8 4 3 5 6 3 5 7 6 3 5 4 5 4 10 0 1 8 6 0 2 1 11 0 4 3 7 9 11 5 8 6 5
0 4 2 4 2 2 2 2 4 0 6 0 6 3 5 10 1 3 1 4 4 4 4 4 4 6 6 7 6 4 0 5 3 4 10 0 3 0 3 4 1 3 5 0 8 5 0 0 8 1 7 5 5 8 9 6 5 2 6 6 4 9 1 4 1 4 0 7 12 5 7 1 1 1 0 3 8 5 2 5 1 3 6 6 0 11 5 3 3 2 10 10 7 3 0 1 0 6 12 6 9 8 3 6 1 2 3 4 5 2 5 9 4 7 8 1 6 7 5 5 5 3 5 9 0 6 0 6 0 3 8 6 3 2 5 3 9 6 2 0 4 0 8 7 10 3 5 9 3 10
5 7 13 4 5 7 4 5 5 2 4 8 3 5 0 3 0 5 3 4 8 7 2 3 5 2 7 0 5 3 7 2 5 5 6 2 0 5 11 1 5 5 3 2 3 6 3 5 7 7 5 0 7 1 2 8 3 8 1 3 7 5 4 2 3 11 6 2 1 0 2 5 5 5 9 0 1 1 8 5 2 3 5 9 0 11 0 6 3 6 11 1 3 7 4 7 8 1 3 5 8 7 9 6 4 4 10 8 4 9 4 8 10 5 5 6 9 2 7 13 2 6 10 7 9 2 8 9 6 5 4 5 2 2 5 3 6 6 9 4 3 8 0 10 1 8 4 5 12 7
1 4 7 6 5 7 4 11 7 3 6 1 4 3 5 4 5 1 4 0 3 3 8 10 7 6 4 4 5 7 4 2 0 3 10 0 1 8 5 8 6 3 8 6 7 2 3 6 9 4 5 6 0 6 6 3 3 7 1 3 3 3 4 7 7 5 4 1 8 3 2 1 6 7 2 4 3 7 3 3 1 7 4 3 5 0 1 8 5 5 0 10 7 4 8 3 6 4 5 5 9 8 9 3 6 4 5 0 5 4 5 5 7 7 4 6 6 8 5 4 1 3 8 4 6 6 6 13 5 0 3 6 4 6 8 1 5 1 0 4 7 7 10 0 6 7 8 5 3 3
6 7 5 0 0 6 5 3 0 8 4 1 7 0 6 5 1 2 11 0 9 10 1 4 5 10 1 5 5 9 9 0 3 5 2 2 8 7 0 7 6 4 6 1 3 3 12 3 3 1 2 2 4 10 3 4 4 6 7 1 0 7 0 7 4 7 8 5 3 6 3 3 9 0 4 2 9 7 8 0 7 5 6 8 5 0 8 3 5 5 7 6 6 8 4 3 7 3 4 8 7 8 7 5 0 5 0 5 5 2 0 2 1 9 8 5 1 5 8 2 4 7 1 5 0 7 4 5 2 9 4 5 7 5 6 1 3 2 2 8 9 10 1 6 0 10 2 0 2 0
4 4 11 5 3 2 0 5 1 0 11 2 6 4 2 2 6 3 3 2 3 4 7 9 11 6 6 2 3 7 3 0 5 3 6 0 6 7 4 1 8 4 7 5 1 8 3 5 0 1 3 10 2 5 3 4 8 5 2 3 8 2 8 0 0 3 4 0 5 10 10 4 6 5 2 3 1 4 9 7 11 4 0 8 5 1 5 7 6 12 11 8 6 5 3 4 4 1 1 3 2 7 0 4 4 1 4 6 0 2 6 7 7 5 4 10 7 4 7 4 2 7 9 0 7 1 1 2 7 1 1 5 0 8 5 11 4 0 1 4 11 3 8 7 10 0 15 0 5 4
5 2 2 8 0 4 3 4 4 9 1 7 4 4 0 7 3 5 7 0 2 3 10 3 4 8 8 1 8 8 8 7 4 5 5 7 4 2 5 10 6 1 3 5 1 0 5 6 3 7 5 6 3 7 4 1 8 8 1 9 8 5 1 6 3 2 0 7 4 3 0 3 7 0 6 6 8 0 3 5 3 5 3 5 7 4 5 6 5 4 5 2 2 1 4 2 0 4 8 3 2 1 2 0 4 3 6 7 6 10 7 3 4 3 7 2 6 8 5 7 1 4 6 7 8 6 8 3 7 0 5 1 3 8 3 8 5 4 5 2 5 5 4 8 2 15 0 11 1 2
4 3 2 11 3 5 6 4 6 7 6 11 2 4 3 3 2 6 4 4 0 5 4 10 3 3 0 6 2 1 7 9 7 2 10 1 6 0 9 4 1 3 2 6 3 0 2 8 5 3 6 7 9 2 6 4 5 9 4 5 6 3 4 5 3 0 1 3 8 6 2 0 5 4 2 0 0 4 7 9 6 3 10 5 0 4 3 6 2 1 4 6 2 0 3 5 1 10 3 5 0 7 4 4 4 3 10 7 10 7 1 5 5 4 7 5 8 7 6 2 3 4 5 8 4 6 3 5 2 2 7 8 0 7 7 5 8 4 6 4 8 9 5 5 0 0 11 0 7 7
4 7 5 0 7 8 5 5 6 10 4 0 4 3 6 3 0 4 4 3 7 5 3 4 5 2 6 6 6 5 8 10 0 4 6 5 6 8 5 2 1 3 8 6 7 4 2 4 6 6 5 6 0 1 8 8 5 7 3 4 2 1 1 8 9 7 8 1 4 3 6 2 3 5 5 1 5 2 6 12 7 3 7 9 3 4 8 3 3 4 4 4 2 4 1 9 4 6 3 6 0 8 1 0 8 9 4 4 8 2 7 4 2 7 4 7 10 6 6 10 2 7 4 3 6 0 4 5 5 10 3 3 2 4 0 3 2 0 5 7 6 3 12 3 2 5 1 7 0 13
1 7 6 6 0 6 2 8 6 0 5 3 3 0 8 3 10 3 2 6 6 2 7 4 7 7 8 9 5 3 5 8 6 5 9 6 0 3 10 4 7 8 10 12 3 2 0 4 5 0 0 0 4 8 6 0 4 7 4 5 9 1 6 2 4 0 1 5 7 7 6 6 7 4 2 2 2 5 7 6 3 0 2 4 0 0 10 6 5 5 4 5 5 8 0 5 5 0 3 0 6 3 1 2 11 2 4 10 7 9 5 6 2 10 4 3 3 4 2 0 4 0 4 4 7 2 6 6 4 10 1 6 4 1 3 10 1 7 6 0 5 10 7 3 0 4 2 7 13 0
