150
10 4 126
25 3 87
14 4 82
13 4 104
26 6 85
22 1 107
24 4 88
15 2 76
25 5 99
27 4 78
28 201 294
20 206 280
28 206 290
23 206 324
29 201 295
18 204 318
26 206 280
11 201 313
26 203 290
20 202 287
28 402 514
12 406 517
23 402 483
27 406 526
13 405 488
15 404 514
10 405 501
15 404 492
16 403 510
11 401 501
29 604 721
20 601 703
27 605 726
28 604 720
26 602 723
21 603 676
26 605 677
25 602 700
10 603 674
29 601 703
25 806 915
23 806 924
24 805 887
20 806 897
20 806 922
26 805 876
21 804 927
16 805 908
24 804 895
28 803 877
21 1004 1077
26 1005 1120
28 1003 1091
12 1001 1085
16 1003 1081
18 1003 1071
24 1006 1100
13 1001 1117
15 1001 1105
24 1005 1088
21 1201 1305
18 1204 1272
20 1202 1292
15 1205 1320
13 1203 1329
13 1205 1321
23 1205 1297
25 1201 1315
16 1202 1274
27 1204 1303
22 1405 1475
26 1405 1493
25 1405 1522
11 1401 1512
28 1406 1528
11 1401 1479
13 1405 1477
12 1404 1478
25 1406 1527
26 1402 1526
13 1601 1695
24 1601 1684
18 1602 1684
19 1606 1726
13 1603 1671
12 1601 1703
13 1603 1690
15 1603 1715
26 1603 1714
15 1601 1728
28 1805 1916
17 1806 1877
12 1802 1912
26 1804 1925
27 1801 1892
23 1801 1911
24 1804 1874
19 1804 1920
24 1802 1901
26 1803 1928
22 2003 2070
26 2005 2086
28 2002 2117
10 2003 2073
12 2003 2110
12 2001 2095
19 2006 2109
27 2001 2124
24 2002 2072
13 2004 2128
20 2201 2278
23 2204 2276
16 2201 2327
19 2206 2305
29 2201 2301
25 2203 2296
29 2204 2308
26 2206 2329
23 2203 2276
13 2205 2294
27 2403 2489
27 2404 2516
12 2405 2497
16 2402 2472
10 2403 2519
14 2406 2503
22 2404 2512
14 2406 2481
10 2403 2509
29 2404 2523
24 2602 2686
25 2605 2699
16 2603 2703
29 2605 2703
15 2601 2676
15 2603 2670
20 2602 2681
11 2606 2683
12 2604 2725
24 2605 2697
14 2803 2901
22 2804 2885
28 2804 2917
19 2803 2890
24 2803 2896
13 2804 2870
17 2803 2905
26 2802 2919
22 2802 2889
22 2801 2870
0 3 2 3 3 4 4 4 3 3 4 4 1 3 3 2 4 4 3 2 2 4 2 4 2 1 4 1 4 4 2 1 1 4 2 1 4 3 2 1 4 1 3 4 2 2 2 1 3 4 2 2 4 4 2 1 2 4 1 2 2 3 1 2 4 1 2 1 4 4 4 1 4 2 3 1 1 1 4 1 3 1 1 4 2 1 4 3 3 3 4 4 4 2 3 3 2 4 4 4 2 2 3 2 2 4 1 2 4 4 3 1 2 3 3 4 4 1 2 1 1 1 3 2 1 1 2 4 3 3 1 2 3 3 3 2 3 4 3 1 2 3 3 1 3 1 4 1 3 4
3 0 3 4 1 2 3 3 1 3 1 4 3 4 3 3 2 2 4 2 2 4 2 3 2 2 1 3 4 1 2 2 2 2 4 2 3 3 1 4 2 1 1 2 3 1 1 4 2 2 2 4 2 2 2 1 1 1 1 3 1 1 1 4 2 3 1 1 1 2 2 1 2 2 4 1 3 1 1 4 3 4 4 3 2 3 2 1 1 2 1 1 1 3 2 4 2 2 4 4 1 1 2 1 4 4 2 3 4 4 2 1 1 3 4 3 3 4 4 1 1 2 4 3 4 1 1 3 4 2 3 3 2 3 2 2 1 2 2 4 3 2 3 2 4 3 3 3 4 2
3 4 0 4 4 1 1 4 1 3 2 1 3 3 3 3 1 1 3 4 4 3 3 3 3 3 2 3 4 4 3 3 1 2 1 3 1 1 4 3 2 1 1 3 4 1 1 4 2 1 2 4 3 4 2 1 1 4 3 2 4 2 2 1 4 1 1 3 2 1 4 2 3 3 4 3 1 3 1 3 1 4 2 2 4 2 3 3 3 2 3 2 1 1 2 3 3 3 3 2 3 4 3 1 1 4 3 2 2 1 2 1 4 2 4 4 2 1 4 3 4 2 2 1 2 1 3 2 2 1 1 4 4 4 3 3 4 4 3 4 2 3 1 4 3 3 4 3 2 2
2 2 1 0 3 4 1 2 1 3 2 4 4 3 1 3 2 3 4 1 2 2 2 1 3 2 4 3 3 3 4 2 4 2 3 4 3 3 4 4 3 2 3 2 1 3 1 1 2 1 1 3 1 2 3 2 1 1 3 4 2 4 3 3 3 4 1 4 1 2 3 4 4 2 2 3 4 1 1 3 4 1 4 1 1 4 4 4 1 1 1 4 1 1 3 3 4 4 4 2 4 1 4 4 4 3 3 3 2 1 2 3 2 4 4 3 3 4 1 2 2 2 1 3 2 2 2 1 4 4 1 2 4 4 2 1 2 4 4 2 4 4 3 1 4 4 2 1 4 4
2 4 4 4 0 3 4 4 3 3 4 4 4 4 1 1 2 3 1 2 1 1 4 3 1 3 4 1 1 1 4 3 4 2 3 3 1 3 2 1 1 3 4 3 3 3 2 4 3 3 2 4 4 1 4 2 3 1 1 2 1 4 1 1 2 4 3 3 1 2 2 4 3 2 1 2 3 2 1 1 4 4 3 2 3 3 2 3 2 3 1 4 2 1 2 2 4 2 3 1 3 2 4 4 2 4 3 4 4 3 4 3 4 1 1 4 4 1 3 1 2 1 1 4 4 2 3 2 2 1 2 3 3 3 4 4 3 4 1 1 3 2 1 3 4 1 1 1 2 3
3 2 1 2 2 0 4 4 4 4 2 2 4 1 2 3 3 2 2 2 1 1 4 3 1 2 2 3 2 3 3 2 4 4 2 3 4 1 4 4 1 4 1 2 3 2 4 1 4 3 1 3 3 1 1 1 4 3 1 2 4 1 1 2 4 3 1 3 1 4 1 4 4 1 4 2 3 2 4 1 4 3 1 2 3 1 1 1 3 3 1 2 2 1 3 1 2 4 1 3 4 2 4 3 4 1 3 1 4 3 2 3 2 4 4 3 4 3 4 2 1 2 4 4 1 4 4 3 4 3 1 3 4 2 2 1 2 1 3 1 2 2 3 1 1 1 3 1 2 4
1 1 2 4 1 3 0 3 2 3 3 2 3 1 1 2 4 1 1 2 4 3 4 4 4 2 4 3 3 4 2 3 3 3 1 1 3 4 2 4 2 3 2 4 1 2 1 2 3 4 2 4 4 4 4 1 3 3 1 4 2 2 4 1 1 3 3 2 3 2 4 1 2 3 3 4 4 2 4 1 2 4 2 3 1 4 3 2 1 3 3 1 4 2 3 4 1 2 3 1 1 4 4 4 1 2 1 3 4 2 4 4 1 1 1 4 1 3 4 2 3 1 1 3 2 1 2 2 2 1 4 4 1 1 1 3 4 4 3 2 2 2 4 1 3 2 3 2 4 1
1 3 4 3 3 1 2 0 3 3 2 3 1 2 4 2 2 4 2 3 4 2 2 1 1 3 2 3 4 2 4 3 2 1 2 4 3 4 1 2 3 2 3 3 2 2 1 3 3 1 4 3 2 2 3 2 3 4 4 1 1 2 2 2 2 3 4 4 3 4 1 2 4 1 3 3 2 4 1 3 2 4 2 3 3 2 2 1 2 3 3 3 3 3 4 4 3 2 1 2 4 2 2 2 1 1 4 3 4 3 2 1 2 1 2 1 1 3 1 2 4 4 4 3 4 2 2 2 4 4 1 4 2 1 1 1 3 1 3 4 4 3 3 4 1 4 4 3 3 2
2 3 4 1 3 3 2 4 0 4 3 1 1 3 2 2 1 3 1 4 2 3 2 4 4 2 2 4 1 2 1 4 3 3 1 1 1 2 3 3 2 2 4 1 1 3 4 1 4 1 1 2 3 2 4 3 1 2 1 3 3 3 3 3 4 3 2 4 4 4 3 2 1 4 3 4 3 3 1 4 3 2 4 3 3 1 4 1 2 2 3 2 2 4 2 4 2 4 3 4 3 1 1 3 2 1 4 3 3 3 4 2 1 4 2 4 3 3 3 2 3 4 3 4 2 1 2 3 4 2 3 4 4 3 3 2 1 2 2 3 2 1 3 3 3 4 4 3 2 2
3 2 4 4 2 2 2 4 2 0 4 3 4 4 4 4 1 2 2 1 1 3 1 1 4 2 1 4 3 4 1 4 3 1 3 4 4 1 1 3 3 3 4 4 3 3 4 1 1 3 3 4 3 1 1 3 2 1 4 2 1 2 4 3 4 3 2 4 3 3 4 2 2 3 2 2 3 3 3 3 3 3 4 1 1 2 1 2 4 4 4 2 4 1 3 2 4 2 3 3 2 1 2 4 4 2 2 2 1 3 3 4 4 2 2 1 4 2 1 3 1 4 3 2 2 2 2 4 3 2 1 1 2 2 3 3 4 3 4 3 2 1 1 3 2 2 2 4 2 1
3 1 1 4 4 1 3 2 2 2 0 4 3 1 1 3 2 1 1 3 2 2 4 4 3 1 1 3 2 3 1 4 3 3 1 3 3 4 3 4 1 1 1 4 3 4 1 2 1 4 2 1 4 1 1 1 3 3 3 2 2 1 1 4 2 1 4 1 2 3 3 2 4 1 3 4 2 2 1 2 4 4 2 2 3 3 4 2 3 2 4 3 1 4 3 4 1 2 3 2 3 2 3 3 2 1 4 2 3 3 2 3 3 3 2 2 1 3 1 1 2 2 4 2 4 3 1 2 4 4 2 2 2 2 3 3 4 2 1 4 2 2 3 3 4 1 1 4 3 4
4 4 3 4 3 3 1 3 4 4 3 0 4 4 1 4 4 4 4 4 3 1 1 1 4 3 2 1 2 1 4 3 1 3 3 3 3 2 4 4 2 2 2 1 1 1 1 1 2 3 1 4 2 4 1 2 1 2 1 1 1 3 4 3 4 2 4 3 3 1 2 4 3 4 3 2 2 3 1 1 3 2 4 2 3 3 2 2 3 1 3 3 1 3 4 3 1 2 2 4 3 2 2 2 2 3 2 1 3 3 1 3 2 2 3 4 2 3 4 3 3 1 2 3 3 3 2 2 4 3 1 1 3 2 1 4 1 3 1 2 4 4 4 4 4 1 2 4 3 3
1 2 3 4 1 4 3 3 4 2 4 3 0 4 1 4 2 1 2 4 4 1 2 4 2 1 4 2 4 2 2 4 2 1 4 2 2 3 4 2 1 2 3 3 3 3 4 4 1 4 1 1 2 2 1 1 1 1 2 2 1 3 3 1 3 4 3 1 3 3 4 1 4 1 4 2 1 4 3 1 4 1 1 2 4 4 2 1 4 2 2 1 1 4 1 1 3 2 2 2 2 2 2 1 1 3 3 4 1 3 3 1 1 3 3 2 2 4 1 4 2 2 2 2 4 2 4 2 3 2 3 4 1 3 3 3 2 3 2 2 2 4 2 3 1 1 4 2 3 2
3 4 2 4 4 4 4 4 3 1 2 4 2 0 1 1 4 4 4 2 2 2 1 3 3 3 3 3 2 1 1 2 3 3 3 2 2 2 3 3 1 2 4 4 2 2 4 4 4 3 1 2 1 3 2 1 1 3 2 1 3 3 1 3 3 4 2 2 1 3 2 4 1 4 1 1 2 3 4 1 1 4 2 2 4 3 4 2 2 1 1 4 2 2 2 1 1 4 2 1 1 2 1 1 4 4 2 4 2 4 3 4 4 2 1 4 2 2 4 3 3 4 4 3 4 4 3 2 4 3 4 2 3 4 2 3 2 3 3 4 4 2 1 2 4 3 3 1 2 1
3 3 4 2 4 4 2 2 1 2 3 3 1 4 0 1 4 1 1 2 1 4 2 4 3 1 4 4 3 2 1 3 2 3 2 2 2 2 4 3 4 1 3 4 4 2 1 1 3 1 3 4 3 1 2 1 3 4 4 3 1 4 3 4 1 3 3 4 2 3 3 2 4 2 1 3 4 2 4 2 4 1 3 2 3 1 2 4 4 2 4 1 4 1 2 1 1 4 1 4 3 1 3 4 3 4 4 1 4 1 4 2 3 4 2 4 4 4 3 4 1 4 1 1 4 3 3 1 4 1 1 4 2 2 3 4 4 3 4 2 2 1 2 2 4 2 2 3 3 3
4 1 1 4 2 3 1 3 3 1 2 2 2 4 1 0 1 3 4 4 1 3 3 4 4 3 1 3 1 3 2 2 4 1 2 4 3 2 4 3 1 3 2 3 2 3 3 4 1 3 1 2 3 2 3 4 2 1 3 3 2 3 4 1 3 1 1 4 4 3 3 3 1 2 1 2 4 3 3 1 3 3 3 2 2 1 4 4 2 4 2 4 4 4 2 2 4 1 3 3 2 1 3 3 2 3 3 1 3 2 4 1 4 4 2 3 1 1 3 3 1 2 4 3 2 1 3 2 4 1 1 2 3 2 2 4 4 2 4 4 3 4 3 1 2 1 3 4 4 4
3 4 3 3 1 4 4 3 4 2 4 3 3 4 3 2 0 4 1 3 4 3 3 2 1 3 1 3 3 1 4 2 3 1 2 4 3 4 2 2 1 3 4 1 3 1 2 4 4 2 4 4 4 2 2 3 4 4 1 1 3 2 4 2 2 2 4 3 3 3 4 3 1 3 1 3 2 2 1 4 2 4 1 2 1 1 2 1 2 1 1 2 3 4 2 1 2 2 1 3 2 1 1 2 2 4 1 2 4 3 4 4 3 4 4 1 2 1 2 3 2 2 4 2 3 1 4 4 1 1 2 2 3 4 3 3 2 2 3 4 4 1 2 4 1 1 4 4 1 2
2 1 2 2 1 1 2 1 4 1 4 2 1 1 1 2 3 0 1 4 2 2 3 3 2 4 4 4 2 4 1 1 2 3 4 3 2 2 1 2 2 2 3 4 3 1 4 1 3 1 2 4 3 2 2 4 1 1 4 4 2 1 4 3 2 4 3 1 2 3 2 4 2 3 3 4 4 2 4 4 4 2 4 3 3 1 1 1 2 3 1 3 3 2 1 2 1 3 4 1 1 1 1 2 2 1 1 4 1 4 4 2 1 3 1 2 1 2 2 4 4 4 3 2 3 4 3 3 1 1 4 3 1 1 3 2 3 1 1 4 4 3 1 2 1 4 3 4 3 2
1 2 2 1 3 2 4 3 4 4 3 4 3 3 4 3 3 3 0 2 1 4 2 2 1 3 4 2 2 3 1 2 3 2 4 3 3 3 4 3 2 1 3 1 1 3 1 4 4 3 3 2 1 2 2 2 3 1 1 1 3 4 4 2 4 1 3 1 4 1 1 2 3 1 2 2 1 4 2 2 1 1 3 1 1 3 3 3 2 2 4 1 3 4 1 4 2 1 4 4 2 1 4 2 4 4 3 2 1 2 3 1 1 4 3 3 1 3 3 3 4 1 4 1 2 1 3 4 4 1 3 4 2 2 3 1 3 1 2 2 2 3 1 3 3 1 2 1 4 4
4 1 2 3 4 2 3 1 2 4 1 2 1 2 2 1 2 1 4 0 1 3 1 2 2 3 4 4 4 3 2 2 4 4 4 3 3 4 4 1 1 2 4 4 4 3 1 2 3 4 3 3 2 3 3 4 4 4 4 2 4 4 3 2 2 1 3 2 4 3 2 1 3 2 1 2 4 2 4 1 4 1 2 4 4 3 4 1 3 2 2 4 3 3 2 1 3 3 3 1 1 3 2 4 4 3 4 3 1 2 2 3 4 4 3 3 3 1 1 4 1 3 2 3 1 3 3 3 3 2 2 3 3 4 1 2 1 4 4 2 2 3 2 1 4 1 4 3 4 3
3 4 3 2 1 3 2 1 4 2 3 1 4 1 4 3 2 2 4 2 0 4 3 2 4 4 1 2 2 3 3 4 1 1 1 1 4 1 1 2 1 2 1 4 4 2 4 4 1 4 3 4 1 4 4 3 4 3 4 4 4 3 4 1 3 1 3 1 4 2 2 1 4 3 2 4 2 2 1 4 3 4 3 2 4 1 1 2 4 4 2 2 2 3 3 3 1 3 1 4 2 3 4 3 1 1 4 2 3 3 1 1 1 3 1 3 3 1 4 1 2 3 1 3 1 2 4 2 4 1 2 4 1 3 2 3 3 4 2 4 4 1 4 1 1 2 2 3 3 4
1 1 1 3 2 1 3 4 1 4 1 2 4 2 2 1 2 1 2 1 2 0 2 1 1 1 3 2 2 4 4 2 3 4 4 2 4 3 4 1 3 1 1 4 3 3 4 4 1 2 4 3 3 4 2 3 2 3 2 2 2 2 2 1 3 2 1 4 2 1 4 1 3 4 3 1 4 3 4 2 1 2 1 1 3 3 3 3 1 1 4 3 3 2 1 4 3 2 4 3 3 4 4 3 2 3 4 2 2 1 1 3 2 1 2 3 2 2 2 2 2 2 2 1 1 2 1 1 2 2 3 4 3 3 3 3 3 3 1 2 2 1 1 2 3 2 2 2 1 4
2 3 3 3 4 4 4 1 3 1 4 1 2 4 3 2 4 1 4 1 4 1 0 3 1 2 4 2 3 2 1 3 3 3 1 3 2 3 3 1 4 4 2 4 1 4 4 2 3 3 3 3 2 3 1 2 1 2 4 2 2 4 1 3 4 1 3 3 2 4 3 3 3 2 1 4 3 3 2 2 1 4 1 1 4 4 1 3 3 2 3 2 1 1 2 3 4 3 2 3 3 3 2 1 1 1 3 1 2 1 3 2 3 1 3 3 2 4 1 1 1 1 2 4 2 3 2 2 1 3 1 4 4 1 2 4 3 1 1 1 2 2 2 2 3 1 2 2 4 2
1 2 2 4 2 1 2 4 2 3 1 3 1 1 1 4 4 4 1 2 1 2 3 0 3 3 2 4 1 4 3 2 4 2 2 3 1 3 2 2 2 4 2 4 1 3 1 3 3 1 3 4 3 1 3 3 3 1 4 4 1 1 1 3 4 2 3 4 2 3 4 3 4 1 3 2 1 3 2 2 1 1 4 2 2 2 3 4 1 3 4 1 1 1 4 1 1 2 2 1 3 4 3 3 3 4 1 4 3 3 1 4 1 2 3 4 3 2 4 3 2 4 1 4 3 1 2 2 4 3 2 3 4 3 2 3 1 2 4 2 3 1 3 2 2 1 2 1 2 4
3 3 2 1 1 3 4 4 4 2 4 2 4 2 1 1 4 1 2 4 3 4 3 3 0 2 3 2 4 2 1 2 2 3 2 3 4 1 3 1 3 3 1 3 1 2 2 4 3 4 4 2 2 2 2 4 2 3 4 4 2 1 2 1 4 1 4 2 4 3 1 4 4 3 3 4 2 3 1 2 3 1 2 1 3 4 3 2 3 4 1 1 3 1 2 1 2 3 2 2 2 4 3 1 2 3 2 1 1 1 3 4 1 4 1 2 1 4 2 1 4 4 2 4 4 2 4 2 4 2 3 4 2 1 1 3 1 1 3 2 2 2 1 4 4 3 2 3 1 4
3 3 4 2 2 2 2 3 2 2 2 1 1 2 1 2 1 4 1 2 4 4 2 1 2 0 2 2 3 4 1 1 3 4 3 4 3 1 2 2 3 3 2 1 3 1 3 1 4 2 2 3 4 3 4 4 2 1 1 3 3 4 1 1 3 4 4 2 2 3 3 1 1 1 2 3 3 1 4 4 3 2 2 4 1 4 3 3 4 4 4 4 3 3 2 2 1 4 4 4 4 2 4 1 2 4 2 1 2 1 1 4 3 2 2 2 4 1 2 4 2 1 1 3 3 2 3 3 3 1 2 3 1 2 4 4 2 4 2 1 2 3 4 4 3 3 1 3 1 2
1 1 1 4 4 2 1 1 2 1 1 1 1 3 1 4 1 3 1 4 3 3 3 3 4 2 0 2 1 4 2 1 2 2 3 1 1 3 4 2 4 1 3 2 3 4 4 2 4 3 4 3 1 4 3 1 3 3 2 3 2 4 4 4 4 4 3 4 1 3 1 3 4 1 1 4 3 3 3 4 1 1 4 1 2 1 4 4 3 1 2 3 1 1 2 3 1 4 3 4 1 3 4 4 4 1 3 1 3 3 3 2 4 4 3 4 4 4 2 1 4 2 4 4 1 1 4 2 1 4 4 1 3 3 3 2 4 1 1 2 1 2 3 2 3 4 1 1 4 1
3 2 4 2 1 1 4 4 1 4 4 4 4 1 2 4 2 1 3 2 2 1 2 3 2 4 3 0 2 3 2 4 1 2 1 1 1 1 3 4 1 4 2 2 1 2 2 3 4 4 3 1 3 1 4 3 3 1 2 3 2 4 1 2 2 1 3 4 2 4 4 3 2 1 2 3 2 3 3 4 2 2 3 2 2 4 2 2 2 4 4 2 2 4 2 2 2 2 4 4 3 2 2 4 3 4 1 3 4 2 1 1 1 3 4 2 1 3 2 1 3 1 1 1 4 4 3 1 4 4 3 4 3 2 1 1 1 1 1 1 2 1 3 3 2 3 4 2 1 4
4 3 3 4 4 3 4 1 4 4 3 2 3 1 2 2 2 2 1 2 2 1 4 4 3 4 2 1 0 1 3 4 2 4 1 1 3 2 4 3 4 1 3 2 2 4 1 1 4 4 3 4 3 2 1 3 3 1 2 2 2 3 4 1 3 2 3 2 1 4 1 4 2 2 4 1 3 1 4 3 3 1 1 2 2 2 3 2 1 3 1 3 2 2 3 4 4 4 2 1 3 1 2 2 4 1 2 1 1 3 2 1 1 1 3 3 4 2 1 1 4 2 1 4 4 2 1 2 3 4 4 2 2 4 2 2 2 3 4 2 3 4 4 4 4 1 1 1 1 4
1 3 2 3 1 1 3 4 4 2 4 3 2 1 3 3 4 2 4 3 3 1 3 3 1 2 1 2 1 0 4 2 2 4 4 1 4 4 4 2 4 4 3 2 1 3 3 4 1 3 3 4 4 3 2 4 4 1 3 2 4 4 2 3 2 3 4 3 4 2 2 3 3 1 3 2 4 4 3 4 4 1 2 2 2 4 2 1 4 4 2 3 4 1 3 4 3 3 2 4 2 3 3 3 1 1 3 4 4 3 4 3 2 2 1 1 3 4 4 4 3 4 2 3 2 1 1 3 1 2 4 1 2 4 1 2 3 3 3 4 3 4 2 1 1 3 3 2 4 1
2 4 4 4 3 2 3 2 3 3 2 1 1 4 3 4 3 2 2 3 4 4 2 2 2 3 3 3 4 1 0 1 1 1 4 3 1 2 1 2 3 1 1 4 2 3 1 2 1 2 1 4 1 1 1 2 1 4 2 4 3 3 3 4 1 4 3 2 4 4 1 4 1 1 2 4 2 2 3 2 4 3 4 4 2 3 2 3 2 4 3 4 2 1 3 4 3 3 3 2 4 4 1 3 1 1 3 3 3 3 3 3 3 2 2 4 1 3 1 2 2 3 2 3 3 3 3 1 4 1 3 1 4 3 1 1 4 4 3 4 4 3 3 1 2 4 1 1 1 2
3 1 2 2 3 1 3 2 1 1 1 3 3 1 4 3 1 2 3 3 1 2 3 4 3 2 3 4 3 3 1 0 3 4 2 2 1 4 4 4 4 4 1 3 2 2 2 1 2 4 2 2 3 3 2 4 4 4 3 1 1 1 3 3 3 1 3 3 2 1 1 4 2 2 2 2 3 3 4 3 1 4 1 3 4 1 1 1 3 3 3 4 1 2 1 2 2 3 2 2 1 2 3 4 1 2 1 1 4 4 3 3 1 4 1 1 4 2 4 2 2 1 3 3 4 1 3 4 2 1 2 4 3 4 1 1 3 3 3 2 2 1 3 2 2 3 3 1 2 4
2 2 1 2 3 4 3 2 2 4 2 1 1 4 2 2 4 2 1 4 4 1 3 1 1 1 1 3 3 1 3 4 0 2 3 3 3 4 1 2 2 1 4 4 3 3 2 4 3 4 4 3 3 2 3 3 2 3 1 4 4 4 1 1 2 1 3 2 4 3 3 3 4 3 1 2 1 3 3 3 4 4 1 1 3 1 3 3 4 1 1 2 4 1 2 1 2 2 3 2 2 4 3 1 1 4 4 2 4 4 3 1 2 2 1 1 3 2 3 4 3 2 4 2 4 3 4 2 1 3 3 4 1 4 4 4 1 4 4 4 3 2 3 1 1 3 2 4 3 4
1 2 3 1 3 3 2 3 1 3 4 2 1 1 4 1 3 4 1 1 2 4 3 1 4 4 3 1 4 1 1 2 3 0 1 1 1 1 4 4 3 1 2 4 2 3 4 1 2 4 1 4 1 3 2 4 2 2 1 1 4 4 3 1 1 2 2 3 4 4 3 2 2 2 1 4 2 1 2 4 4 2 3 4 2 1 2 1 2 4 2 1 1 1 3 4 4 2 3 2 1 2 2 1 3 3 4 1 1 4 1 3 4 4 2 3 4 3 1 3 2 3 1 4 2 4 3 4 2 4 2 4 1 4 2 3 1 2 3 2 2 1 1 2 4 1 4 2 2 2
2 3 2 1 2 3 4 2 2 2 1 4 2 3 2 1 1 2 1 3 4 1 1 2 4 1 2 3 4 3 4 1 4 2 0 2 4 2 3 2 4 4 1 4 3 4 2 4 1 4 1 4 3 3 1 2 2 3 2 1 2 3 3 4 3 3 2 2 3 2 4 1 4 4 4 4 4 2 4 3 1 2 4 2 1 3 1 1 4 2 1 4 3 1 3 3 3 3 1 2 4 2 4 4 3 3 3 1 2 4 1 2 2 1 2 1 2 1 2 2 4 3 4 2 3 3 3 2 3 3 3 2 4 2 1 2 1 4 1 2 1 1 1 1 4 4 4 2 4 4
4 2 2 2 2 1 1 1 1 3 3 1 3 4 2 2 4 2 4 1 1 2 3 1 4 2 3 2 1 2 1 3 2 1 1 0 2 4 1 1 2 1 3 3 2 4 2 3 2 3 1 2 3 1 1 1 4 3 3 1 3 4 4 2 2 1 3 1 4 3 1 1 2 1 2 1 3 3 3 4 4 3 1 3 1 1 2 2 4 1 2 3 4 1 4 1 3 2 3 2 3 3 1 4 3 2 3 3 4 3 2 2 1 1 1 3 2 1 2 2 4 4 3 2 1 4 1 1 2 1 4 3 2 2 4 4 2 1 3 2 1 3 4 2 4 1 3 1 2 1
3 4 1 4 2 3 4 2 4 3 2 1 1 2 4 4 1 3 3 4 2 2 4 1 4 4 4 1 2 1 1 3 4 3 4 2 0 3 1 4 2 1 2 3 2 2 1 1 3 3 4 2 3 2 2 3 2 2 2 4 3 4 1 3 3 2 1 2 4 2 4 2 4 2 4 2 3 1 3 3 1 2 3 1 2 3 2 3 4 3 3 4 3 4 4 2 4 1 4 2 1 3 1 4 4 3 2 3 2 1 3 1 2 2 1 1 1 3 2 4 2 2 2 1 4 1 1 4 2 3 3 2 4 3 1 1 4 3 2 4 1 1 2 1 3 2 3 2 4 4
3 3 3 2 1 3 2 1 2 2 4 4 2 2 3 3 4 2 4 4 4 3 2 3 3 4 3 1 2 2 4 1 4 2 1 2 3 0 1 1 3 2 1 3 1 1 4 2 1 2 1 1 1 2 1 2 2 3 1 3 2 2 3 1 3 3 3 1 2 3 1 1 4 4 1 3 2 3 2 4 4 3 3 2 1 2 2 3 4 1 2 4 4 4 1 3 2 2 1 3 2 2 2 3 3 1 2 3 2 4 3 4 4 1 4 1 2 3 2 2 4 4 2 2 2 1 2 2 1 4 2 4 3 3 4 2 4 4 2 3 3 1 3 3 2 2 2 1 4 1
3 2 3 4 2 3 1 3 2 1 4 3 3 2 2 4 3 3 2 1 4 4 3 1 2 4 1 2 2 3 3 4 1 3 2 2 1 2 0 4 2 2 4 1 3 4 2 3 4 4 1 1 1 4 1 4 1 1 4 3 1 4 1 3 3 1 2 3 2 4 3 4 4 4 2 3 4 4 4 3 3 1 1 2 2 2 1 3 3 4 2 3 3 1 2 4 1 1 4 3 1 2 3 1 4 1 2 2 2 3 2 2 1 4 2 1 4 1 3 4 3 1 3 1 3 1 3 4 3 2 3 2 1 3 4 1 1 1 3 2 2 3 4 1 3 2 1 1 3 2
2 3 2 3 1 2 2 3 2 4 2 3 4 3 4 4 3 4 2 2 2 2 1 2 4 3 4 3 4 4 3 3 3 4 2 4 4 2 1 0 4 3 1 4 4 1 2 1 1 2 1 2 3 1 4 4 1 4 3 1 4 3 1 3 3 3 1 4 3 3 1 1 1 1 2 3 3 4 4 1 2 4 1 4 1 4 1 4 3 4 1 2 1 2 1 4 3 2 2 1 4 2 3 1 2 2 4 2 2 1 4 2 4 3 4 1 1 3 3 3 2 3 1 2 4 2 1 4 2 4 1 4 4 2 3 4 1 3 4 2 4 1 3 1 1 1 4 4 3 3
1 4 1 2 3 4 4 1 2 3 4 2 2 3 1 4 3 1 3 4 2 3 4 4 1 4 3 2 1 2 4 1 3 2 1 4 3 3 3 2 0 3 4 1 4 1 2 2 4 4 1 2 1 4 3 1 3 4 3 1 3 4 1 4 2 3 1 4 4 1 4 1 3 4 4 1 2 2 4 1 1 4 1 3 3 4 3 4 3 3 3 4 4 4 2 2 3 1 2 4 3 2 2 4 4 3 4 3 3 2 4 3 3 1 3 3 1 3 4 1 1 3 3 4 2 2 2 4 3 4 1 4 1 3 3 3 3 3 3 4 3 2 2 2 4 3 2 2 2 3
3 3 2 2 4 3 3 2 3 3 1 4 2 3 4 2 4 2 4 2 1 2 1 1 4 4 4 1 1 2 1 2 1 1 3 1 1 1 2 4 2 0 4 1 4 3 2 3 1 3 1 1 3 3 3 2 4 1 4 2 3 2 1 4 2 3 2 3 1 3 2 2 2 2 2 4 1 1 1 4 4 4 4 2 2 2 4 4 2 3 4 2 4 3 2 3 4 4 3 2 1 1 2 4 2 3 3 1 4 4 2 4 3 1 1 3 2 4 1 1 2 4 1 3 1 1 1 2 1 3 1 2 4 1 3 4 4 1 1 3 1 1 1 1 4 4 1 3 4 3
4 2 3 4 1 3 4 2 2 2 2 3 2 4 4 2 1 2 1 4 2 1 4 3 1 3 4 4 2 4 3 3 3 4 2 3 3 4 2 4 3 2 0 4 2 4 3 2 3 4 3 4 4 4 4 3 1 4 1 3 2 3 3 4 2 1 1 2 2 3 4 4 1 4 2 2 4 1 2 4 3 4 4 2 1 3 3 4 4 3 1 3 1 1 2 1 1 4 3 3 1 3 1 1 2 1 3 4 4 4 3 4 3 2 1 1 3 4 2 1 3 4 3 4 1 2 1 4 4 3 3 3 4 1 4 4 2 2 2 4 4 1 1 3 1 4 1 1 1 1
1 3 2 3 2 1 2 4 3 3 4 3 4 1 2 2 3 1 4 3 3 3 2 2 2 1 3 3 4 2 3 1 1 2 1 4 2 1 3 1 1 3 2 0 3 1 2 4 1 4 2 1 4 2 2 1 4 3 1 2 1 2 1 2 2 2 2 1 4 4 4 2 4 1 3 4 3 2 2 2 1 1 3 3 3 3 2 1 1 2 1 2 3 3 4 3 4 3 4 2 2 3 2 4 3 2 4 3 4 3 4 2 3 1 4 1 4 3 4 4 1 1 3 2 2 2 2 4 2 2 4 1 3 1 4 4 1 1 3 2 2 3 3 4 1 3 1 4 2 4
4 4 4 2 1 1 1 4 3 1 3 2 1 4 2 4 3 4 4 3 4 2 3 4 3 4 1 4 2 3 4 2 4 4 2 1 3 4 3 4 3 1 4 2 0 4 3 4 3 1 4 4 4 4 2 3 1 1 4 3 2 3 4 4 3 3 3 3 4 3 1 1 3 3 1 4 4 3 2 2 2 2 2 3 2 3 3 4 1 3 4 1 3 3 3 2 2 4 3 3 1 1 4 4 3 2 3 4 3 4 3 4 3 4 2 2 1 4 1 1 3 1 2 4 1 2 4 1 2 2 3 3 4 4 4 1 1 2 1 1 1 1 4 1 3 3 2 4 3 2
1 2 3 3 3 4 2 3 3 2 4 4 1 1 2 3 2 1 2 1 3 3 1 4 2 2 3 2 2 4 4 2 1 2 4 2 1 1 3 1 4 1 4 4 4 0 3 3 1 4 1 1 1 3 1 2 3 4 1 4 2 3 3 1 2 2 2 3 2 2 4 4 2 3 1 1 1 1 2 2 2 2 1 3 2 1 3 4 1 2 4 3 4 2 4 2 1 3 1 4 1 2 2 4 2 3 1 2 3 4 3 1 2 2 1 3 4 4 3 4 2 3 2 4 3 3 3 1 3 2 2 1 4 4 3 4 3 1 4 1 3 4 3 4 1 2 4 4 3 1
2 2 4 4 1 1 1 4 1 2 1 2 1 3 1 3 2 4 3 2 1 2 4 4 4 1 2 1 4 4 1 4 4 3 4 3 3 4 1 3 2 2 1 1 3 2 0 4 3 3 1 1 1 2 2 1 2 1 1 4 3 1 1 1 3 4 4 1 4 4 1 1 2 4 3 1 1 1 2 2 3 1 1 3 3 2 4 2 1 2 4 1 1 3 3 4 1 2 4 1 4 3 1 4 4 4 3 4 3 1 1 1 3 2 2 1 3 2 4 2 4 2 1 2 2 1 4 2 1 3 2 4 1 4 2 2 2 1 1 2 1 2 1 1 2 1 3 4 4 1
1 3 3 2 2 4 2 1 3 2 3 4 2 3 2 4 2 3 2 3 2 2 4 4 1 2 4 4 3 1 2 3 1 4 4 3 1 1 2 2 3 4 4 4 4 3 2 0 4 1 2 2 1 1 4 3 4 2 4 1 3 4 4 2 3 3 2 3 4 3 3 1 2 4 1 1 3 3 3 1 3 4 3 3 4 2 1 1 3 4 2 2 3 3 1 2 3 1 2 2 2 2 3 2 3 1 4 1 3 2 2 3 1 2 2 3 3 1 2 1 1 4 3 2 1 3 4 4 4 1 4 1 1 1 1 3 1 1 1 3 1 1 1 1 4 4 1 3 3 2
2 2 1 3 2 1 4 2 1 2 2 1 4 2 1 2 1 4 4 1 1 3 3 1 3 2 4 4 1 1 1 2 2 3 2 1 1 3 4 1 4 4 4 2 4 4 4 2 0 3 1 2 3 1 2 2 2 4 3 2 1 3 2 4 3 4 4 3 1 4 2 4 1 3 2 3 4 1 3 4 2 2 2 1 1 3 3 1 1 1 4 4 2 4 2 3 2 2 2 3 1 3 1 1 1 1 1 4 1 3 1 2 2 1 1 1 2 2 4 3 2 2 3 1 2 1 4 2 2 1 4 1 4 2 3 2 2 1 4 1 2 3 2 3 1 1 4 4 4 2
1 3 4 1 2 2 2 3 3 3 3 4 4 2 4 4 3 1 1 4 4 2 3 3 2 3 2 4 4 3 3 3 1 3 4 3 4 2 4 2 2 4 4 1 1 3 1 1 3 0 4 1 3 1 4 2 2 2 1 1 4 2 3 1 3 1 2 2 1 2 2 1 3 2 2 2 1 3 1 4 1 1 1 1 1 3 3 1 1 4 3 1 2 4 4 3 3 2 2 3 4 4 3 1 1 1 1 4 4 4 4 1 4 1 2 2 3 4 4 1 2 2 1 2 1 1 3 1 2 1 1 2 1 1 4 2 1 3 1 3 2 2 4 3 4 1 4 2 3 1
3 4 4 2 3 3 1 3 3 2 3 4 4 4 4 4 2 4 4 1 4 2 4 1 4 3 4 2 2 3 1 2 1 2 3 4 3 1 4 3 3 3 3 2 2 1 4 1 1 2 0 2 2 2 2 3 3 4 2 1 3 4 1 2 1 3 3 3 2 4 2 3 1 2 1 4 2 2 1 4 2 2 1 2 2 4 3 2 3 2 4 1 1 3 2 2 1 1 1 4 3 1 4 3 4 1 3 4 4 1 1 1 4 4 4 3 3 3 3 1 2 3 1 2 4 4 4 4 4 1 3 1 4 2 4 3 1 3 1 2 3 1 1 4 4 2 3 1 2 4
4 1 4 3 2 2 4 1 4 1 1 1 2 2 2 4 1 1 2 4 3 2 4 3 2 4 3 2 1 2 1 3 1 2 1 4 3 3 2 1 4 3 2 3 4 1 1 4 4 3 4 0 4 3 4 1 4 2 3 3 3 1 3 3 1 2 2 1 1 2 1 2 3 1 1 3 3 4 3 3 2 4 2 2 2 2 1 4 1 3 4 3 2 2 3 1 2 1 4 1 3 3 2 4 4 4 1 1 4 1 1 4 2 1 3 1 1 4 3 1 2 2 1 2 3 2 3 2 2 3 1 3 1 2 4 2 2 1 2 2 2 2 2 4 3 2 2 4 2 3
4 3 3 3 4 4 3 1 1 4 3 1 3 1 3 1 1 2 2 1 4 3 2 1 4 2 1 4 3 2 1 2 1 1 2 1 4 2 3 1 3 3 4 3 3 2 2 4 2 1 4 1 0 4 4 3 3 2 2 1 2 2 1 3 3 1 3 4 4 1 1 1 1 2 2 3 4 2 1 4 4 3 2 1 3 4 2 1 3 4 1 4 1 4 2 3 2 2 4 2 3 1 2 1 2 1 1 4 1 3 3 4 3 4 3 4 2 4 4 3 1 3 4 2 2 3 1 2 2 1 3 2 4 2 3 3 4 3 4 4 4 1 1 3 1 4 2 4 4 2
1 4 4 1 1 2 1 3 2 3 2 1 1 2 1 2 4 1 4 4 1 1 3 2 1 2 2 2 3 2 4 4 4 4 4 2 1 2 4 4 4 2 3 4 4 3 1 4 4 1 1 4 4 0 3 4 2 3 2 3 2 1 2 1 4 3 3 1 2 4 3 3 4 2 3 4 1 3 1 3 3 3 4 3 4 4 3 2 1 4 1 1 3 4 1 3 3 4 1 3 3 2 1 2 3 3 4 1 4 2 3 2 2 2 4 4 4 2 3 4 1 3 2 4 4 4 2 4 2 1 4 2 4 4 4 1 4 4 2 2 2 3 4 2 1 1 4 3 2 3
4 3 4 1 2 2 4 4 3 3 3 1 2 2 4 3 2 4 2 4 3 2 4 1 1 3 2 4 2 2 4 1 3 1 2 1 4 1 4 3 1 4 3 1 3 1 4 1 1 2 1 2 3 4 0 1 1 1 4 1 4 4 2 4 2 3 2 3 4 3 2 2 3 4 4 3 3 1 2 4 4 1 2 2 2 2 2 2 1 4 3 3 3 1 3 1 2 1 3 4 2 3 2 2 3 1 4 4 1 2 2 3 1 4 1 2 3 2 3 3 4 3 2 4 2 1 4 2 1 2 4 4 4 1 1 4 2 2 2 3 3 1 2 1 1 2 2 2 2 1
3 4 2 4 3 1 3 4 3 2 4 1 3 3 3 2 1 1 4 4 3 4 4 3 4 2 2 1 2 3 1 2 1 2 3 2 3 1 2 3 4 2 2 4 4 1 1 3 2 1 4 4 2 4 1 0 1 2 2 3 4 4 1 4 1 4 2 2 4 1 4 2 2 3 2 2 3 1 4 4 4 2 3 2 4 4 1 3 1 1 1 4 3 3 4 3 2 4 1 2 1 3 3 2 1 2 3 4 3 2 3 2 2 4 4 4 1 4 1 1 2 3 1 1 3 4 3 4 2 2 4 1 1 1 2 1 3 4 4 1 4 1 1 4 2 4 4 1 3 1
2 2 4 4 4 3 3 1 2 4 1 3 1 1 1 3 3 2 2 2 3 3 4 3 3 3 2 3 1 2 2 4 1 2 2 4 4 2 4 2 3 1 2 3 4 1 2 4 3 2 3 2 1 4 3 2 0 1 4 4 4 4 1 4 2 4 1 2 4 4 2 1 2 4 1 2 3 1 1 4 2 1 3 4 4 4 1 2 4 2 4 2 4 4 3 2 1 3 4 4 1 1 3 3 3 1 2 4 4 4 4 2 3 1 3 3 1 3 3 2 4 2 2 4 4 3 3 1 4 4 3 2 3 3 2 1 3 1 3 2 1 2 1 4 2 1 2 3 3 2
1 4 2 3 4 2 2 4 1 2 3 1 1 1 4 3 4 4 4 1 2 2 3 3 1 4 2 2 3 1 3 3 2 4 1 1 4 2 4 1 2 2 3 3 3 2 2 3 2 2 4 4 1 1 2 1 2 0 2 1 2 2 3 4 4 1 3 4 2 4 3 1 2 1 4 3 2 1 2 1 4 4 4 4 1 1 1 3 1 4 3 4 3 3 2 2 2 2 4 4 4 4 3 2 2 4 4 1 3 1 4 1 3 3 1 2 4 4 4 1 4 1 2 1 2 1 2 4 1 2 2 4 1 3 2 3 4 2 1 3 2 1 2 2 4 3 2 1 2 1
2 3 4 2 2 4 1 1 2 1 3 3 1 3 2 2 3 4 1 3 4 4 2 1 3 2 2 3 2 4 4 1 4 3 3 3 1 2 4 3 1 2 2 1 1 2 3 3 4 1 1 1 2 3 4 3 3 1 0 3 2 1 3 2 2 2 3 1 2 4 4 2 2 2 2 3 1 1 1 1 1 1 4 1 3 2 4 4 1 4 4 3 2 4 3 4 1 2 1 1 2 1 3 2 4 1 3 3 2 1 4 4 2 2 2 4 2 2 3 3 4 4 2 1 1 3 3 3 4 3 3 4 1 2 2 2 1 2 4 3 2 1 3 1 3 4 3 1 3 2
4 4 4 2 3 2 4 4 2 1 1 3 2 1 3 3 1 1 4 4 3 4 3 2 1 1 4 3 1 3 4 2 2 3 3 1 3 3 3 4 3 1 2 3 4 2 1 1 4 3 4 3 4 1 2 2 3 3 1 0 1 2 4 4 1 3 2 4 1 4 3 3 4 1 3 4 2 2 3 3 1 1 1 2 1 4 4 1 3 1 3 4 1 3 4 4 4 2 1 4 1 2 3 2 2 4 1 3 3 4 1 3 1 1 2 1 2 3 3 2 4 3 2 4 1 3 1 4 3 2 1 3 3 4 2 2 1 2 3 4 1 1 2 2 4 4 1 2 4 3
4 4 2 4 1 3 1 1 2 4 1 3 2 3 4 4 4 3 1 3 4 3 1 4 1 2 1 2 1 1 1 4 2 2 3 4 4 1 1 2 2 2 4 2 1 2 3 3 4 1 1 3 1 2 1 1 4 3 1 2 0 1 4 1 1 2 1 3 1 3 3 3 3 3 3 3 4 1 3 3 1 1 3 4 1 3 1 3 3 1 3 4 2 2 2 4 1 3 3 1 4 2 4 3 2 3 3 3 3 4 1 3 4 2 1 4 4 1 1 4 4 3 2 3 4 2 3 3 1 3 4 3 1 3 2 1 1 4 3 1 1 1 4 4 1 2 1 3 2 2
2 1 1 4 4 1 1 4 1 2 4 4 1 1 1 1 4 2 2 1 2 2 2 1 3 1 2 2 3 1 1 3 1 1 4 2 3 3 1 3 3 3 1 1 4 1 2 1 4 3 3 4 2 2 4 2 2 2 1 4 4 0 4 3 3 4 4 3 4 1 2 4 1 1 4 3 4 4 3 3 4 2 1 3 1 1 3 4 4 2 2 4 2 2 2 3 4 4 2 3 2 4 1 2 2 4 2 2 3 3 4 3 2 1 2 4 4 4 2 3 2 1 4 4 3 4 3 3 4 4 4 4 2 4 4 4 1 3 2 1 1 2 2 3 3 2 2 4 2 2
1 1 3 1 3 4 1 1 3 1 4 2 3 1 4 4 1 2 2 4 2 3 4 3 3 4 4 1 3 4 4 2 1 2 2 2 2 4 4 1 3 1 1 3 2 4 1 4 3 3 4 4 4 3 2 3 2 3 3 2 2 1 0 2 3 1 1 2 3 4 4 2 1 3 3 3 2 4 4 2 1 1 2 3 1 4 1 1 1 4 4 4 2 3 2 4 1 4 4 1 3 4 4 2 2 3 4 2 3 2 4 3 1 2 1 1 3 4 2 4 2 3 4 1 3 1 4 3 2 1 1 1 4 1 3 3 3 1 3 1 4 1 4 4 4 1 4 2 4 4
3 1 2 1 2 4 4 4 3 3 1 3 3 2 2 3 2 1 1 4 4 3 3 4 2 2 2 2 3 4 4 4 4 1 3 1 4 4 1 2 4 2 3 3 2 4 4 3 1 1 1 3 3 3 4 2 2 2 1 1 4 3 3 0 2 2 3 2 2 1 2 2 2 3 2 2 1 2 2 3 3 2 2 1 4 4 3 2 1 4 4 3 4 3 1 3 1 3 3 1 4 1 2 4 3 3 1 1 3 1 1 1 3 4 2 3 1 2 3 2 3 4 3 4 3 3 3 3 4 4 2 3 2 4 2 1 3 1 4 4 1 2 4 1 4 3 4 2 2 1
1 1 3 2 2 3 4 2 2 2 4 1 3 3 1 1 4 1 4 3 2 4 4 2 2 4 2 4 2 4 2 2 3 3 4 4 4 4 2 2 3 4 2 2 4 3 3 2 2 1 3 1 2 4 3 3 3 3 3 2 1 3 1 2 0 3 3 2 4 1 4 1 1 1 2 2 1 2 1 4 4 3 2 1 2 2 1 2 4 2 2 3 4 1 2 1 1 1 4 2 1 4 4 2 1 4 2 3 4 1 4 4 1 3 1 3 4 2 4 4 2 1 1 1 4 3 4 1 1 3 3 3 4 4 1 1 1 3 4 2 1 3 4 4 3 4 3 1 3 2
4 3 3 4 3 2 1 2 1 3 1 4 2 2 1 2 1 3 3 2 3 4 1 3 3 2 4 2 3 4 2 2 2 3 1 4 2 1 1 2 1 3 3 3 2 1 4 3 4 2 2 2 1 3 4 4 2 3 4 4 2 4 4 4 3 0 3 3 2 2 2 1 1 4 2 4 1 4 4 4 4 4 4 3 3 4 1 3 2 4 3 2 2 2 1 3 2 2 1 2 4 2 1 1 4 3 2 4 4 4 4 2 1 3 2 1 1 3 4 4 3 1 2 1 2 3 4 3 4 3 1 3 2 3 3 1 1 1 4 1 2 4 2 3 2 4 4 3 1 1
1 3 1 2 4 2 4 2 4 3 4 3 1 4 4 1 1 4 1 1 3 3 1 1 3 2 1 2 2 2 4 2 3 4 3 1 1 2 2 4 4 3 3 3 3 4 4 2 1 1 4 3 1 4 2 3 4 1 2 2 3 2 1 4 4 2 0 3 4 4 2 2 3 2 3 1 4 1 2 1 2 1 2 2 1 3 2 4 4 3 4 2 4 4 2 3 1 2 1 3 2 1 4 1 3 1 3 1 3 3 4 1 3 3 1 1 2 2 2 4 1 4 3 3 1 4 2 2 2 4 4 3 1 4 4 3 4 4 4 1 4 2 3 3 2 3 2 2 3 1
1 4 3 1 1 2 2 2 1 2 4 1 1 4 3 4 1 1 3 4 2 4 1 3 3 3 4 4 4 1 4 4 2 3 1 3 4 3 4 2 3 2 3 3 1 2 2 2 1 3 3 4 1 1 4 1 1 3 1 1 2 4 2 1 3 1 1 0 1 4 3 4 3 3 2 2 2 4 2 2 3 1 4 3 3 1 2 3 4 2 3 1 1 3 3 3 2 3 4 2 4 1 3 2 2 2 2 3 1 3 1 3 2 1 3 3 1 1 2 3 2 2 1 2 3 3 4 2 4 1 3 2 1 4 1 3 4 4 1 1 4 3 1 4 3 2 4 1 3 2
2 4 4 2 2 1 3 1 4 2 4 2 3 1 1 3 2 2 1 3 3 1 3 1 1 2 2 2 3 4 3 2 2 2 3 3 4 1 4 1 2 4 2 1 3 4 1 1 3 3 4 3 3 3 4 2 3 1 2 3 1 1 3 4 2 2 2 2 0 2 3 3 4 4 3 2 3 1 4 1 1 3 4 1 3 3 1 2 2 2 2 2 3 3 3 3 3 4 3 3 1 1 1 1 2 3 3 2 1 4 3 4 4 2 1 2 1 1 4 1 4 2 4 2 1 4 1 1 3 3 3 1 3 2 4 2 1 4 2 3 1 3 2 2 1 1 3 1 2 1
1 1 2 2 2 4 2 3 1 2 3 1 2 2 4 3 4 3 2 3 3 2 4 4 2 4 1 3 1 4 1 1 4 3 2 2 1 4 2 4 3 1 1 1 1 3 4 2 2 1 3 1 1 2 2 1 4 2 2 1 4 2 2 4 2 2 2 4 1 0 2 4 2 3 2 3 2 2 4 2 1 1 3 4 1 1 2 4 4 3 2 3 2 2 1 2 3 1 3 3 3 2 3 3 4 3 1 4 3 1 4 1 2 4 2 4 1 3 1 3 2 3 4 2 1 1 1 1 1 2 4 3 1 3 4 3 3 4 3 1 4 3 3 1 4 2 4 3 4 4
1 1 3 2 1 4 3 3 4 4 2 4 3 1 2 4 4 4 3 1 4 1 3 1 3 4 2 4 4 2 2 1 4 1 4 4 1 1 4 3 2 2 3 2 3 1 3 2 4 2 1 3 1 3 3 3 1 1 1 2 1 4 3 4 3 2 1 2 3 1 0 4 3 2 3 3 1 1 4 1 1 4 4 3 3 1 3 1 4 1 3 4 2 4 3 1 1 2 1 1 3 3 3 4 3 1 4 1 3 1 3 4 3 1 3 2 2 2 3 3 2 4 4 1 3 1 1 1 1 2 4 3 2 1 3 4 4 2 1 2 2 2 4 3 3 2 2 4 4 3
2 4 2 2 4 1 3 1 2 1 4 4 4 1 3 1 2 3 2 4 1 3 2 4 4 1 4 3 4 1 2 3 2 2 1 2 2 4 2 2 3 3 4 2 1 4 1 2 3 4 2 3 4 2 1 3 2 4 2 3 1 3 4 2 2 2 1 1 1 3 4 0 1 3 2 2 3 3 3 2 1 3 4 3 4 3 2 3 3 4 1 4 1 1 3 1 3 4 2 2 2 4 1 4 1 2 2 3 2 4 1 3 3 4 4 2 3 4 3 3 4 4 1 3 1 1 1 4 2 1 4 4 2 4 2 1 2 1 2 2 2 4 2 2 3 2 4 1 3 2
3 1 4 2 3 3 1 1 1 4 1 1 4 4 4 3 3 4 4 1 4 1 3 4 3 3 4 4 4 4 3 4 1 4 3 2 2 3 1 3 4 1 2 4 3 3 1 1 4 3 4 2 1 3 1 4 3 4 4 4 4 4 4 1 1 3 4 4 2 4 2 2 0 2 3 4 4 1 2 3 2 4 4 3 3 3 1 4 4 4 2 3 3 1 1 2 4 4 3 4 2 1 3 3 3 4 3 2 4 2 3 1 4 4 3 3 1 2 1 2 3 4 3 3 4 2 3 4 4 4 2 1 3 1 4 2 3 3 2 3 2 3 4 2 2 1 1 3 3 4
3 4 3 3 2 1 1 4 3 2 4 2 3 1 4 1 3 4 1 3 2 1 1 2 3 3 3 2 2 1 3 1 2 2 4 2 4 1 2 1 2 2 2 4 1 2 2 1 2 1 2 4 1 4 2 2 1 4 2 2 4 4 1 1 1 4 3 3 4 4 4 1 3 0 4 2 3 3 3 2 4 3 2 3 1 1 2 3 3 3 4 1 3 4 2 1 1 3 3 4 2 4 1 3 3 1 1 1 2 4 4 3 4 4 4 1 3 2 1 4 4 1 2 4 1 1 1 3 2 2 2 1 3 3 2 1 2 3 2 2 1 3 3 2 1 4 1 3 2 1
3 1 2 4 4 4 3 2 2 4 2 2 1 1 3 4 1 3 2 3 1 3 4 2 2 4 3 4 1 2 1 4 4 1 1 1 1 1 1 1 4 3 2 3 1 2 3 4 1 1 2 4 1 4 4 1 2 4 1 2 1 4 2 1 1 2 4 3 3 4 2 4 1 3 0 4 2 2 4 2 4 2 4 1 3 3 2 4 1 3 4 1 1 4 1 1 3 4 2 1 1 3 1 3 3 1 4 1 2 2 3 3 3 4 1 3 2 1 2 1 3 2 2 4 3 4 2 2 1 4 4 3 2 3 1 4 3 3 4 3 2 1 3 1 2 1 4 3 4 2
1 1 2 1 2 1 1 2 4 1 1 3 3 2 3 3 2 4 2 4 1 2 4 2 4 2 4 4 1 1 3 3 3 4 4 3 3 3 3 2 2 2 3 1 3 1 3 2 3 1 1 2 2 3 4 1 2 4 4 1 2 4 1 2 3 3 1 2 1 2 1 2 4 3 1 0 2 2 2 4 4 4 2 3 1 3 4 3 2 3 3 4 4 1 3 4 2 3 1 4 3 4 4 1 1 2 1 1 3 4 3 2 2 2 1 1 2 2 2 4 3 4 2 4 4 2 1 1 2 3 3 1 2 2 3 4 1 2 2 4 2 3 4 3 4 1 3 1 2 1
4 4 4 4 3 3 4 2 2 4 3 2 4 2 3 3 4 4 1 4 3 1 1 4 1 4 1 2 1 2 3 2 4 2 3 1 1 3 1 3 4 2 4 3 1 2 4 4 3 1 2 4 1 4 4 1 2 4 3 3 3 1 4 4 2 2 3 1 3 4 4 1 2 3 2 1 0 2 2 1 1 3 1 3 4 2 2 1 3 4 4 2 3 4 4 4 2 4 2 1 4 2 1 1 3 4 3 1 2 4 4 4 1 1 3 2 4 3 3 3 2 1 3 4 3 4 2 4 1 3 3 1 3 1 2 3 4 4 3 3 3 1 1 1 4 2 3 4 2 4
2 3 4 3 4 1 4 1 2 2 4 2 1 3 3 2 4 4 4 2 2 3 3 3 3 3 4 3 3 1 4 3 4 4 4 2 4 3 4 3 1 3 4 3 2 4 1 4 2 4 2 4 1 4 2 1 4 3 1 4 3 4 2 1 2 1 4 3 1 1 1 2 1 4 1 4 1 0 3 2 1 1 1 1 3 2 3 2 2 2 2 3 4 3 2 4 3 4 3 3 1 2 3 1 1 4 2 3 4 3 1 2 1 4 2 4 4 2 1 2 2 4 4 1 3 1 1 1 3 4 3 4 3 4 3 4 3 4 4 3 2 2 3 4 2 1 3 3 2 1
1 4 2 3 2 1 4 2 4 2 4 2 1 3 3 1 3 2 1 4 3 4 3 4 3 2 2 1 2 3 4 1 2 4 3 3 2 3 4 4 1 2 1 2 1 3 3 2 2 1 2 4 4 1 2 2 1 1 4 2 1 3 2 1 2 4 1 1 3 2 3 4 2 1 3 4 4 2 0 4 1 2 4 4 1 4 4 4 4 2 1 4 1 3 3 2 2 4 4 2 1 2 4 2 3 3 2 1 3 4 2 1 4 2 3 1 3 3 4 4 2 3 1 1 3 3 1 2 4 4 3 4 3 1 3 1 2 1 4 1 1 2 4 1 1 4 3 1 2 1
3 1 1 4 1 4 2 2 1 3 2 2 3 3 2 1 3 1 4 3 1 3 2 2 2 4 2 2 2 3 3 2 1 2 1 2 3 2 1 1 4 2 2 3 1 3 3 2 4 1 3 2 1 3 4 1 3 2 1 1 2 3 3 4 1 3 3 3 1 4 3 3 4 3 1 3 2 4 4 0 1 4 1 3 2 2 2 4 3 1 4 2 3 4 3 3 1 4 1 3 1 4 4 3 2 1 1 1 1 4 4 3 2 1 3 1 2 4 4 2 2 4 3 4 4 1 3 1 4 1 4 4 1 2 2 1 3 2 3 4 2 2 2 4 3 1 4 4 1 2
4 1 1 4 2 2 2 2 1 3 1 3 3 1 1 3 1 2 4 4 4 3 2 3 4 1 2 3 2 1 1 3 3 2 4 1 4 2 1 1 1 2 4 1 4 1 2 4 1 1 2 1 2 2 2 2 4 4 4 2 1 4 4 2 3 2 2 1 4 1 1 3 1 2 4 1 3 4 2 1 0 1 2 1 2 3 4 3 4 3 4 1 1 2 4 3 1 3 3 4 4 3 3 3 2 3 4 4 4 3 3 1 1 4 2 2 3 1 4 3 3 3 2 2 3 1 4 4 1 2 3 1 2 2 3 1 4 2 3 1 4 3 3 2 1 3 1 3 4 1
3 2 1 3 3 4 3 1 3 3 3 2 2 1 1 1 2 4 4 2 1 3 4 4 4 1 2 3 4 3 4 3 2 4 1 4 4 2 4 2 4 1 1 1 4 4 3 3 4 4 3 2 3 3 2 3 4 3 4 3 1 1 4 2 3 3 3 3 2 3 4 2 3 2 1 3 2 3 1 4 3 0 3 1 4 2 4 1 2 2 1 2 3 2 3 3 2 4 1 2 3 3 4 3 1 3 2 4 4 1 2 4 3 4 3 1 3 2 2 3 2 1 4 1 2 2 3 3 3 4 4 3 3 2 1 1 4 3 3 1 2 3 4 3 2 3 1 3 2 1
4 2 4 1 3 2 2 4 2 4 2 3 1 1 3 2 1 2 3 1 3 2 2 2 4 2 3 2 2 3 4 2 4 3 4 3 2 1 4 1 1 4 2 2 4 1 2 3 2 3 2 3 1 4 1 3 3 2 2 3 4 2 2 1 1 3 4 3 3 3 4 3 3 3 4 4 1 2 3 4 2 2 0 1 3 1 4 2 1 4 1 3 1 1 4 3 4 4 3 1 4 2 3 1 3 1 1 3 3 4 1 3 4 3 4 3 1 3 1 2 1 4 4 3 1 4 1 3 4 4 2 1 4 3 4 3 2 3 3 1 1 3 2 1 2 2 3 4 2 3
3 1 3 1 4 2 1 1 4 1 4 4 1 2 3 3 4 3 1 2 1 4 2 4 2 1 3 3 2 3 4 3 3 1 1 2 3 1 4 4 1 1 4 2 2 3 3 1 2 2 1 1 2 2 1 2 4 2 1 4 2 3 4 2 4 2 3 2 4 1 4 2 1 1 3 2 4 4 3 2 4 3 3 0 4 2 2 1 3 2 4 2 1 1 1 3 1 4 4 1 4 4 2 1 1 3 3 3 1 4 1 4 2 4 1 1 1 1 3 4 4 3 3 2 3 2 3 1 1 3 3 4 2 3 4 3 4 4 2 3 4 3 1 2 2 1 3 1 2 2
4 4 4 1 1 2 1 4 3 1 2 2 4 3 2 3 3 4 2 3 2 1 2 2 4 2 4 3 1 2 1 4 4 4 4 4 4 3 2 3 1 4 4 4 4 4 4 1 3 3 2 3 3 3 3 4 1 3 2 1 4 2 4 2 2 2 2 1 4 1 2 2 1 3 2 2 1 4 2 2 2 2 4 2 0 4 4 3 2 2 1 4 3 2 1 2 3 3 2 4 3 1 2 1 1 1 3 3 2 3 2 3 2 1 4 1 2 1 2 1 3 2 3 3 1 3 4 3 1 1 2 2 3 3 4 3 4 1 3 3 4 2 3 2 1 1 1 2 3 1
1 4 3 1 4 1 4 3 2 3 1 1 1 3 3 1 3 4 2 1 4 2 4 3 4 3 2 4 1 4 2 2 3 3 1 3 2 3 1 1 1 1 2 1 4 1 4 4 1 3 3 4 4 2 3 2 4 3 3 3 1 4 1 2 3 3 1 1 2 3 3 1 3 3 2 3 1 3 4 4 4 3 4 2 2 0 1 4 2 4 3 3 1 1 2 2 4 4 4 1 4 2 3 4 1 3 3 2 3 2 2 2 2 2 1 4 3 2 1 2 1 2 2 2 3 1 1 2 4 2 2 3 2 1 4 4 1 4 3 1 3 1 1 2 4 1 1 4 2 1
1 2 4 3 1 2 4 1 4 3 1 2 4 3 2 1 4 3 4 3 3 4 3 1 2 2 1 3 3 1 3 2 2 4 1 1 3 3 2 4 4 1 3 1 1 4 3 2 1 2 3 1 4 2 2 4 2 2 1 3 3 4 4 2 2 1 4 4 1 3 1 2 3 3 2 4 2 3 1 1 2 1 1 2 1 2 0 3 2 3 1 4 2 1 2 4 3 4 4 4 3 2 2 1 1 2 4 2 4 2 1 4 3 3 2 4 2 3 1 3 2 2 1 3 4 3 3 4 3 1 2 2 1 3 1 4 3 4 4 2 2 2 2 3 2 1 4 1 4 2
3 2 3 2 4 3 4 4 1 1 2 1 4 2 4 3 3 3 1 3 1 1 4 2 4 2 4 4 4 2 1 1 3 3 2 1 2 4 2 1 2 4 3 1 2 2 1 3 3 4 2 3 3 2 4 2 4 4 1 4 2 1 3 1 2 3 2 4 3 2 1 2 2 4 4 3 2 4 1 1 3 4 2 3 2 1 1 0 3 2 2 3 2 1 3 2 4 2 4 3 1 1 2 1 1 1 2 3 1 2 4 2 3 3 4 1 3 4 4 3 1 3 4 2 4 2 3 2 1 2 2 4 3 2 4 4 2 1 3 1 4 2 3 3 4 1 4 4 1 2
3 3 1 2 2 1 1 2 4 3 4 3 2 1 2 1 2 3 1 2 2 4 2 4 1 1 4 4 2 3 1 2 3 4 3 4 1 2 4 3 2 1 1 1 2 2 1 1 1 1 3 3 1 4 3 4 1 3 3 2 2 2 3 3 2 2 4 4 1 2 1 4 1 4 4 3 2 4 1 2 2 1 3 3 4 2 4 3 0 3 3 1 1 2 1 2 4 1 4 1 2 1 3 1 2 4 3 2 4 2 4 1 3 3 2 1 4 2 1 4 3 1 4 4 2 4 2 1 2 3 1 4 3 2 4 4 1 3 3 4 3 1 1 4 3 3 2 3 3 1
1 1 2 4 1 1 3 3 1 2 3 2 3 3 4 2 3 2 2 2 1 4 4 3 3 3 3 3 1 1 1 4 3 1 2 1 2 4 1 2 3 3 2 4 3 4 2 3 1 4 2 2 2 3 3 4 2 1 2 2 1 1 4 2 1 3 2 1 1 4 3 1 1 3 1 3 4 4 1 2 4 3 2 4 3 1 3 1 1 0 1 1 3 2 4 3 3 1 4 4 4 1 1 4 3 4 1 3 2 2 2 2 3 4 1 2 2 1 1 1 1 1 1 1 4 1 4 1 4 1 1 2 3 4 1 3 1 3 4 2 1 1 4 1 1 2 1 2 1 4
4 2 4 2 4 1 2 1 2 4 2 1 3 1 3 1 3 3 3 1 3 2 1 3 1 3 1 1 2 4 2 4 2 4 3 2 1 4 3 4 3 4 3 2 1 4 1 4 4 3 3 1 4 4 2 2 1 4 1 2 4 4 3 3 4 3 2 1 4 4 3 1 1 3 2 2 4 3 4 3 4 1 3 2 1 1 2 1 2 2 0 3 3 1 4 4 1 1 3 3 2 4 4 1 1 4 4 2 2 2 2 4 3 2 3 1 3 2 2 2 4 1 4 2 3 4 2 2 1 2 2 3 4 2 4 2 1 4 2 2 4 3 1 1 1 3 1 2 4 4
2 3 3 3 1 4 1 2 1 2 1 3 3 3 1 4 3 1 4 4 3 4 3 2 1 4 4 3 3 1 1 2 2 4 2 4 2 1 3 3 1 3 3 4 3 1 4 2 1 3 3 1 4 4 1 1 4 1 2 1 4 1 1 4 3 3 3 2 1 2 4 4 1 1 1 4 4 3 4 2 1 2 2 3 3 4 4 2 3 3 3 0 1 1 4 1 3 4 1 2 3 1 4 4 4 4 3 2 4 3 1 1 2 3 3 1 3 1 2 1 4 2 4 2 1 2 4 3 1 4 2 2 1 2 3 1 3 1 3 2 3 3 1 1 1 3 2 2 3 3
2 1 4 3 3 1 4 2 2 3 2 4 2 4 2 1 3 2 1 2 3 3 4 2 3 3 2 1 1 1 4 3 4 2 2 1 4 2 1 2 3 2 1 1 4 3 1 1 2 4 4 3 4 4 1 1 2 3 4 2 1 1 3 4 3 4 3 1 4 4 4 1 3 3 4 3 1 1 3 1 3 4 1 1 2 1 2 2 4 3 4 4 0 2 4 1 3 4 4 3 2 4 3 2 1 1 3 4 1 1 1 2 4 2 1 4 4 3 2 3 1 1 1 2 3 1 1 3 2 2 3 1 3 3 2 1 3 2 2 2 2 1 2 4 3 2 4 3 1 3
4 4 3 3 2 1 1 1 3 2 3 3 3 3 3 4 2 1 1 1 2 1 4 4 4 4 2 1 4 3 2 2 2 2 3 1 3 2 2 3 2 1 4 4 3 4 4 4 1 4 1 3 2 3 1 2 1 3 4 1 3 1 3 1 2 1 1 2 2 1 4 3 1 2 3 4 1 2 4 4 3 4 3 1 4 4 4 1 1 2 2 4 2 0 1 3 4 4 4 4 2 4 4 3 4 4 4 4 2 1 3 4 4 2 1 3 2 2 4 4 3 1 3 1 1 4 2 1 1 2 1 3 3 1 1 3 3 3 4 1 3 2 4 1 4 3 2 1 2 2
1 3 1 2 2 3 2 3 3 2 3 1 1 4 1 4 1 1 4 1 2 1 2 3 1 3 3 3 4 1 2 1 1 2 1 1 4 2 4 4 3 3 1 1 2 2 2 1 3 3 4 4 3 2 4 4 4 2 1 1 3 4 2 2 1 2 3 2 3 1 3 4 2 3 3 4 4 3 2 1 3 3 3 1 2 4 1 1 4 4 1 2 1 3 0 4 1 1 3 3 3 1 2 4 4 1 3 3 4 4 2 4 2 3 1 1 4 4 4 2 2 4 2 3 1 4 3 2 1 3 1 2 4 3 3 2 4 4 1 4 1 2 2 1 2 4 2 1 3 1
4 3 1 1 3 4 1 4 4 3 3 1 1 4 1 4 3 4 2 4 2 1 4 1 2 2 3 1 1 3 3 2 1 3 1 2 1 4 3 1 2 2 1 1 4 3 4 3 3 4 2 3 1 3 1 3 1 1 4 2 1 3 4 2 2 3 1 3 2 3 1 3 2 4 2 3 4 3 4 3 2 1 4 2 2 4 3 4 3 1 2 1 2 1 3 0 1 2 1 3 2 3 1 2 3 4 1 4 1 4 3 3 4 3 3 3 4 3 1 3 3 4 1 3 2 2 1 4 1 1 2 2 4 3 2 1 2 3 2 3 4 2 4 4 3 1 1 4 1 4
1 3 2 2 4 1 3 4 4 4 4 1 3 1 4 3 4 3 3 2 3 1 2 2 3 3 2 2 2 1 2 3 2 2 3 2 2 1 3 4 2 1 3 4 2 2 4 1 3 4 4 1 4 1 4 3 1 1 3 3 1 3 4 3 4 1 1 4 1 1 3 1 2 3 1 2 2 2 3 3 1 4 2 1 4 2 4 1 3 2 2 3 3 2 1 4 0 1 1 4 3 4 2 4 4 1 2 3 1 2 2 3 4 2 4 1 2 1 3 3 2 3 4 2 1 1 1 4 2 3 4 2 1 3 4 2 2 4 1 2 1 2 1 2 2 3 2 4 3 3
1 3 1 4 2 3 1 2 4 4 1 4 4 3 2 3 2 3 3 4 2 2 3 3 3 3 4 4 4 3 2 2 1 4 1 3 4 3 2 1 2 2 3 2 2 2 3 1 4 1 4 2 2 3 3 4 2 2 4 2 3 4 2 2 1 4 3 4 4 1 1 1 2 2 2 4 1 2 3 3 3 1 1 3 1 2 4 4 3 2 4 3 4 2 1 4 2 0 1 4 2 3 3 2 4 2 2 2 3 4 4 1 3 3 4 4 2 1 3 3 2 1 3 3 4 3 1 2 3 1 2 2 3 2 2 4 3 1 4 1 3 4 3 2 1 3 1 2 1 3
3 2 4 1 1 4 2 3 4 1 2 2 1 4 1 1 3 2 4 2 3 1 2 1 1 3 2 1 2 2 2 3 4 2 4 4 1 1 2 2 3 3 4 2 1 4 2 3 1 3 1 1 1 2 2 2 2 2 2 2 4 1 3 2 4 1 2 2 3 1 4 4 3 1 3 1 3 2 3 4 4 4 4 2 3 1 2 2 2 3 3 2 4 3 4 1 3 1 0 3 3 1 1 4 2 1 1 4 3 3 3 1 2 3 4 3 4 2 1 4 2 3 4 1 4 2 2 1 2 2 3 2 2 4 3 3 3 1 4 3 1 3 4 4 4 4 1 4 2 1
3 2 3 3 2 1 3 1 1 4 2 2 1 1 4 4 3 4 4 2 3 1 3 1 3 4 2 3 4 1 1 4 3 2 1 1 2 4 3 1 1 2 2 3 1 2 4 1 2 2 1 2 4 3 2 4 2 2 2 3 3 2 3 1 3 1 3 3 1 3 1 3 2 4 1 4 4 1 2 1 1 4 3 2 4 3 2 1 3 4 1 3 4 1 4 3 1 3 1 0 2 4 3 3 2 3 4 3 3 1 2 4 1 2 2 1 4 4 1 2 4 2 2 2 3 1 2 4 4 2 1 1 3 1 3 2 4 3 1 4 4 1 4 1 4 3 1 3 1 3
2 1 4 3 1 3 4 2 4 3 3 1 1 3 1 1 4 3 2 4 1 3 3 3 2 3 3 1 2 3 4 3 1 3 2 2 1 2 2 4 2 2 2 1 3 2 4 2 1 3 4 4 4 1 3 3 1 1 3 2 3 3 3 3 4 4 4 3 1 4 1 1 4 1 3 3 3 2 2 1 2 3 1 4 3 1 3 4 2 3 2 3 1 4 4 3 3 3 2 1 0 4 2 2 4 4 2 1 1 1 1 4 1 2 3 1 3 3 2 1 4 2 3 2 2 2 1 1 4 3 1 3 2 1 1 1 2 3 1 2 2 2 3 3 2 1 3 3 2 3
3 2 2 1 4 3 2 4 2 2 3 2 2 4 1 2 2 2 3 1 3 4 1 4 1 2 1 1 4 2 3 2 3 3 3 2 1 1 3 1 4 4 4 4 4 4 3 4 2 1 1 3 3 1 3 3 3 4 1 1 1 4 4 1 2 1 2 4 2 1 1 1 4 4 1 2 2 4 4 2 1 1 3 2 3 2 1 3 3 1 4 1 1 2 1 1 1 1 2 1 2 0 2 3 3 2 2 3 3 1 2 1 1 4 3 2 3 3 4 4 2 2 3 1 1 3 1 2 3 4 1 4 1 2 4 2 4 2 3 4 4 3 4 4 3 4 3 2 4 3
1 3 3 1 2 3 2 1 1 4 1 2 4 1 4 3 4 4 4 2 1 3 2 2 3 3 2 4 3 4 1 2 2 4 1 4 3 2 2 4 1 3 2 4 4 4 1 4 3 2 1 4 2 1 2 1 1 2 3 4 2 4 1 1 3 4 3 3 3 2 1 2 2 1 1 2 1 1 3 1 4 2 4 1 1 1 4 1 2 1 2 4 2 3 1 3 2 2 2 3 3 2 0 3 1 3 4 3 2 2 4 3 2 3 1 3 1 4 1 2 3 3 3 2 1 4 3 3 2 3 1 3 2 3 4 3 2 1 3 2 3 1 4 2 4 4 4 1 4 4
2 3 2 1 4 3 4 1 2 4 4 4 4 4 1 2 2 2 1 2 2 1 2 3 4 2 1 2 3 4 4 2 3 4 1 2 4 2 4 2 1 3 3 2 1 2 3 2 4 3 1 2 4 1 2 2 1 4 3 3 3 1 4 1 2 4 2 1 2 2 2 2 3 4 1 1 1 3 3 4 4 3 4 4 2 3 3 1 1 3 3 3 4 2 3 1 3 4 2 4 1 2 4 0 4 3 4 1 3 4 2 3 4 3 2 1 3 2 2 1 1 2 3 1 4 4 2 4 4 1 1 1 3 3 2 1 4 2 1 4 2 2 2 4 1 2 2 1 3 3
3 3 3 3 1 4 1 3 4 1 4 4 4 2 4 4 1 3 2 1 2 2 1 1 1 2 2 1 2 2 1 2 3 1 4 2 3 3 4 1 3 3 3 2 1 3 1 3 3 2 2 3 4 1 2 1 4 4 3 4 3 3 4 1 4 4 4 2 4 2 4 1 1 3 1 4 3 2 4 2 3 2 1 2 1 2 4 2 4 2 3 3 1 2 2 1 1 2 2 4 2 2 4 2 0 1 3 4 3 3 1 2 1 3 1 3 3 1 4 4 4 1 2 4 4 4 4 1 4 4 1 2 3 2 3 1 2 2 3 1 4 2 3 2 1 2 4 1 2 2
2 3 2 4 2 4 2 3 1 4 2 4 4 2 2 2 2 2 3 4 1 3 1 4 1 4 2 1 2 3 2 4 2 4 2 3 1 2 4 1 3 2 4 3 1 2 4 3 4 4 1 4 1 2 4 3 3 3 2 4 1 2 3 2 1 2 1 4 3 2 3 4 1 4 1 2 1 2 1 1 1 1 2 2 4 2 3 4 3 4 3 1 2 3 4 2 2 3 3 4 4 3 3 4 2 0 4 3 3 4 2 1 4 1 1 1 2 4 4 2 2 1 4 3 2 2 1 3 3 4 3 4 2 2 2 2 3 2 3 4 3 4 4 4 1 4 2 1 4 1
3 4 1 1 4 3 2 2 3 1 2 4 1 1 1 4 4 1 1 4 2 3 1 3 2 3 2 4 4 1 4 1 3 3 2 4 3 1 3 3 3 2 2 1 3 1 4 1 2 3 4 1 2 4 3 3 1 1 3 1 1 1 3 3 3 2 2 4 4 4 2 2 4 3 2 2 1 2 3 1 4 3 1 3 3 1 3 2 4 2 4 1 2 3 1 4 2 4 1 2 3 2 3 2 2 2 0 3 2 1 4 4 3 3 2 4 4 4 2 3 4 3 4 3 2 1 2 2 2 1 3 4 3 2 1 3 4 2 1 4 3 2 2 1 1 1 2 3 1 2
4 4 1 4 4 4 1 2 3 2 1 4 1 2 2 2 2 1 1 4 3 3 3 1 1 3 1 1 1 2 3 4 3 2 1 2 4 4 3 4 3 3 4 4 1 2 2 4 3 3 1 4 2 2 1 1 2 4 4 2 4 4 3 4 4 4 2 4 1 1 3 3 3 3 3 2 4 1 3 3 4 3 3 4 3 1 2 3 1 3 2 4 2 1 1 4 3 2 3 4 4 2 1 4 2 4 3 0 2 1 4 3 2 3 1 4 2 1 2 2 3 3 2 3 2 2 4 3 2 4 1 4 4 3 3 3 4 2 3 2 3 1 3 4 2 4 1 3 2 3
3 4 2 1 4 2 3 3 1 2 2 2 3 1 3 2 4 1 1 1 4 3 2 2 3 3 3 2 3 2 1 1 3 4 4 2 4 4 3 1 4 2 4 2 2 2 3 2 1 4 1 1 3 1 1 3 1 4 4 1 4 4 2 2 3 3 4 2 3 3 2 1 1 3 1 4 2 2 1 4 4 1 4 1 3 2 1 1 4 2 2 3 1 4 4 3 2 4 4 3 4 4 4 1 1 2 3 4 0 2 2 3 3 3 2 1 1 2 3 2 3 2 2 1 1 4 4 1 2 3 1 2 4 2 2 3 2 4 3 4 4 3 3 2 2 2 2 2 2 1
2 1 2 1 3 2 2 3 2 2 3 3 3 3 1 2 4 4 2 3 1 4 3 1 4 3 2 1 2 1 1 3 1 1 2 1 3 4 1 2 1 4 2 3 2 3 3 1 2 2 1 4 2 3 3 1 3 3 4 1 2 1 4 4 2 3 2 1 4 1 4 3 3 1 3 2 1 2 2 4 3 3 4 2 3 3 1 4 3 2 1 4 2 3 4 3 3 2 4 1 1 4 2 4 4 3 4 4 3 0 1 1 4 3 3 4 3 4 4 2 3 1 4 2 1 4 2 1 1 1 1 4 3 1 3 3 1 1 3 3 4 4 2 2 2 2 4 4 3 2
3 1 3 3 1 1 4 1 1 1 2 3 3 1 4 4 4 1 4 2 1 3 3 3 3 1 4 2 2 2 1 3 3 4 1 2 2 4 2 4 2 2 4 4 1 4 1 2 4 2 2 1 2 4 3 4 1 2 4 1 1 4 1 3 2 1 3 3 2 4 3 2 2 4 1 4 1 4 3 4 4 1 1 4 4 3 1 4 3 2 4 1 2 2 2 1 2 1 3 3 4 4 3 2 2 4 3 4 1 1 0 1 4 2 3 4 1 2 4 3 3 3 1 2 4 4 1 3 1 4 1 3 1 3 2 3 2 3 3 2 3 4 2 4 1 2 3 4 4 2
3 1 4 2 2 1 4 2 4 3 4 4 4 1 4 4 3 2 3 4 1 3 1 1 4 1 1 2 4 1 4 1 4 4 1 1 3 1 4 2 4 1 1 2 1 2 4 1 3 3 3 1 1 4 2 3 3 3 4 2 1 3 2 3 3 4 1 2 3 3 2 2 1 4 4 4 4 1 4 3 2 4 2 1 1 4 4 4 4 4 3 1 2 1 3 1 1 2 1 4 4 3 2 4 2 3 1 4 1 4 4 0 3 1 4 4 4 3 4 2 2 1 3 4 3 3 3 2 4 1 1 1 4 2 3 4 4 1 4 1 1 4 1 4 4 2 2 1 3 2
4 1 1 1 4 2 3 2 3 1 4 1 4 3 4 2 4 3 1 3 1 2 4 4 1 2 1 1 3 3 4 3 1 2 4 4 1 2 1 2 3 2 1 2 2 2 3 1 1 4 4 4 2 2 3 4 2 1 3 1 2 1 3 3 4 3 3 4 1 3 2 2 1 3 1 3 1 1 3 4 1 4 1 2 4 3 3 2 3 1 1 4 3 4 3 2 2 4 2 1 1 2 3 3 4 4 1 3 4 1 1 3 0 2 2 1 4 4 4 1 1 1 4 1 4 4 4 3 2 2 1 2 4 3 4 2 3 3 1 4 1 1 2 2 3 3 3 2 1 3
2 2 4 1 1 2 1 3 3 1 3 3 4 2 4 2 3 3 1 2 2 1 1 1 3 3 1 4 1 3 2 3 4 2 2 1 3 4 3 1 3 1 4 3 1 1 1 1 1 2 1 3 2 1 4 1 4 2 4 1 3 2 3 3 1 1 1 2 4 3 1 3 4 3 3 4 2 1 2 2 2 4 1 2 4 3 3 1 1 1 2 1 1 2 2 3 2 2 1 3 1 1 2 3 3 1 1 1 4 3 3 3 3 0 4 2 1 3 2 2 1 1 3 3 4 1 2 4 2 2 4 3 2 1 4 3 2 2 1 3 2 1 2 2 3 3 1 3 4 1
3 1 4 3 4 4 3 2 3 3 1 1 4 1 4 4 3 3 2 2 3 1 1 3 4 1 1 1 1 4 1 1 1 3 4 3 2 1 4 4 2 3 3 3 2 3 3 2 2 4 2 3 2 2 3 2 2 3 1 1 4 4 3 4 1 2 3 4 1 3 2 2 1 2 4 4 2 2 4 3 4 4 4 2 2 1 2 2 2 4 2 1 1 4 1 2 2 3 4 3 1 2 3 3 2 1 2 2 1 4 1 2 1 2 0 2 4 2 4 4 2 1 1 1 4 1 2 4 3 4 3 1 4 2 3 2 3 3 4 2 4 2 4 1 4 3 2 4 3 2
3 2 3 4 4 3 2 4 2 1 1 1 3 4 3 2 1 2 2 4 2 3 3 2 1 4 1 1 3 1 2 2 3 4 3 3 1 4 2 2 4 3 3 1 1 4 3 1 1 1 4 4 4 1 2 2 3 2 2 3 2 4 3 3 3 2 4 3 1 1 3 2 3 4 3 2 3 1 2 1 3 4 2 4 2 3 1 2 1 2 3 3 3 2 3 2 1 2 1 4 2 1 2 1 3 4 2 2 1 2 4 4 3 3 4 0 3 1 4 1 4 2 2 1 3 2 4 2 3 2 2 4 3 2 2 1 1 3 2 3 3 2 3 4 4 2 2 2 4 1
2 2 4 1 2 1 4 2 3 3 1 3 4 2 3 4 4 2 2 4 2 4 4 1 2 1 2 4 3 1 3 1 2 3 4 2 2 1 1 1 2 1 3 1 4 3 3 4 4 4 4 1 2 1 3 2 1 3 1 3 1 1 4 4 2 3 4 2 4 1 2 3 3 1 3 1 4 2 2 1 3 4 2 1 4 2 2 3 4 1 3 3 1 1 3 3 3 2 2 3 1 4 4 3 4 3 2 4 2 2 2 4 2 4 1 2 0 4 1 2 4 4 1 2 4 3 2 3 4 3 1 1 3 2 1 2 3 3 2 2 4 2 1 2 1 1 3 4 2 2
1 3 3 3 3 4 2 4 1 2 1 1 3 4 4 1 1 3 2 4 3 1 1 1 3 2 4 1 4 3 4 3 2 1 4 1 3 3 3 3 4 4 1 3 3 3 2 2 1 2 3 2 2 4 1 3 4 1 4 2 3 2 4 1 3 4 1 4 1 2 4 2 1 1 4 4 2 4 1 3 2 1 3 4 2 1 1 1 2 3 2 4 2 3 1 2 1 4 1 2 2 2 1 3 3 1 4 2 3 1 4 4 3 3 2 3 3 0 4 2 4 4 1 4 4 1 1 3 3 2 3 1 3 1 4 3 3 4 2 3 4 4 2 4 1 3 3 1 3 1
4 1 3 3 4 1 2 4 1 4 1 1 2 2 2 2 3 4 3 2 3 3 2 3 1 4 3 1 3 3 2 2 4 3 4 2 3 2 1 4 1 3 2 3 1 1 2 3 1 3 4 1 1 2 2 4 3 2 4 3 3 2 2 2 1 1 3 4 3 3 4 2 2 1 2 2 2 2 2 3 4 2 1 2 2 1 4 4 4 3 2 1 1 1 1 1 2 4 3 4 4 2 1 4 2 3 4 1 3 2 2 1 2 2 3 3 3 4 0 4 2 1 4 3 3 4 3 1 3 2 2 1 2 4 2 3 3 1 2 3 3 3 2 1 1 4 2 1 3 3
2 3 3 1 4 3 1 2 2 4 1 2 1 3 4 2 1 2 2 1 4 1 3 4 3 1 2 4 4 4 2 1 3 2 1 2 3 4 1 4 2 4 3 4 2 4 1 3 1 4 3 4 3 2 1 2 4 3 2 3 3 4 4 3 3 1 4 1 1 2 1 1 4 1 1 3 1 2 3 1 1 3 2 4 2 1 3 4 2 4 4 1 4 1 1 1 2 3 3 4 1 3 4 3 2 1 1 4 1 2 4 3 3 1 3 3 4 3 4 0 2 1 2 1 3 2 1 3 1 1 3 4 1 2 1 2 3 1 3 2 4 3 3 4 2 1 4 4 3 3
3 1 1 4 1 1 4 2 4 3 1 1 2 1 1 2 1 3 2 3 2 3 4 3 3 4 2 1 1 2 3 4 3 2 4 4 1 1 3 3 4 2 1 1 4 2 3 3 3 3 3 1 2 1 3 2 1 2 1 3 1 1 2 4 3 4 1 4 2 4 2 1 4 3 1 4 3 4 2 3 4 2 3 3 3 1 4 2 4 1 3 1 3 2 1 3 3 4 3 3 3 2 1 3 4 1 4 2 1 4 4 2 1 3 1 2 1 3 2 4 0 4 2 4 2 4 2 4 4 1 1 4 4 3 2 2 4 4 3 2 1 3 2 2 1 3 1 4 3 1
2 2 1 4 2 2 3 1 4 1 1 2 2 2 2 2 3 2 1 3 2 3 1 4 1 3 4 4 3 3 3 4 1 4 4 1 2 1 1 4 4 4 2 3 2 4 4 4 1 3 4 3 4 1 1 4 3 4 1 4 3 4 3 1 4 4 2 4 3 4 1 3 2 3 1 2 4 4 4 3 2 1 1 4 3 3 2 3 1 1 1 2 4 4 3 4 1 1 1 3 4 1 3 2 2 3 4 1 2 1 1 1 3 1 4 1 1 3 1 3 1 0 4 3 3 1 1 3 4 2 2 3 4 2 2 4 3 3 1 1 2 2 4 3 2 2 4 1 2 3
1 3 1 2 2 4 4 2 1 1 4 1 1 4 1 3 4 3 3 4 3 4 2 2 3 2 3 3 1 4 2 1 3 4 3 2 2 4 1 2 2 1 1 1 3 3 4 1 1 3 4 1 3 2 1 2 2 2 4 4 3 4 4 3 2 1 1 3 3 4 1 4 4 4 2 2 2 2 2 2 1 2 3 4 1 2 3 2 2 1 4 2 2 2 2 1 3 2 2 2 1 2 1 4 1 2 1 1 1 2 3 4 3 2 2 1 3 4 3 3 1 3 0 4 4 1 4 3 2 1 3 2 1 2 1 2 1 2 2 4 4 1 3 4 4 2 1 4 1 3
3 3 3 1 4 3 4 2 2 4 2 3 2 2 1 1 4 2 4 1 3 1 4 3 1 1 1 2 1 3 2 3 1 2 1 4 1 1 1 2 1 4 4 2 4 2 4 4 2 4 1 4 4 2 2 1 3 4 2 2 1 3 4 1 1 2 2 2 4 1 2 2 2 4 4 3 3 1 4 4 2 3 1 3 4 1 3 4 2 4 1 3 1 1 1 4 2 1 3 3 2 3 3 2 3 2 3 1 2 3 1 2 2 1 1 4 2 4 2 2 3 4 1 0 3 4 2 1 2 2 3 3 1 2 1 3 1 2 3 2 2 1 3 2 4 4 4 2 2 2
4 4 1 2 2 3 2 4 3 2 4 3 2 1 1 4 4 3 3 3 4 3 1 3 4 3 4 2 3 1 3 4 4 3 2 4 3 2 4 4 2 2 3 4 1 3 4 1 1 4 3 4 2 2 4 2 4 1 1 4 4 4 2 2 2 4 2 1 3 3 2 1 2 3 2 1 3 4 2 4 3 3 4 3 4 2 1 1 2 4 4 1 4 4 1 1 1 2 4 4 4 2 1 1 2 4 3 4 2 3 1 4 1 4 2 4 1 2 3 4 3 1 4 3 0 3 1 1 1 3 3 4 2 1 1 3 2 4 3 2 2 2 3 3 2 3 3 3 2 2
4 3 2 1 2 4 2 4 3 4 2 1 4 1 1 4 3 1 4 4 4 4 3 1 1 1 1 4 1 1 1 2 2 2 4 1 3 1 2 3 2 2 3 2 4 4 2 1 1 2 4 1 3 3 2 3 4 1 2 4 4 4 3 4 1 4 2 3 2 1 2 4 4 2 3 1 2 1 4 3 4 4 2 2 1 2 1 4 4 3 4 1 4 1 3 2 3 2 2 4 4 4 2 3 1 1 2 3 4 1 2 3 2 2 4 1 2 1 1 2 2 2 4 1 2 0 1 4 4 4 2 4 2 2 1 4 1 1 3 3 2 2 3 4 1 4 3 1 2 1
1 1 3 1 1 4 1 4 4 2 4 2 4 3 3 4 2 1 2 2 2 1 4 2 1 1 1 3 1 3 1 2 3 2 3 4 3 3 4 2 3 1 3 2 4 2 2 1 2 1 3 1 3 4 3 3 4 2 1 3 3 1 1 3 2 2 4 1 1 2 1 4 3 4 2 2 1 4 2 3 4 2 1 1 4 3 3 4 4 4 1 1 2 3 3 1 1 1 2 3 2 2 3 3 4 3 4 1 3 1 3 4 4 4 4 3 3 4 3 3 3 3 2 1 1 1 0 3 2 1 4 2 3 1 1 4 4 3 3 3 1 4 4 3 2 4 4 3 4 3
2 3 1 3 1 4 4 2 3 2 2 2 3 4 4 3 1 3 1 2 3 2 3 4 2 3 3 3 1 1 3 2 3 2 4 4 2 2 1 3 4 4 4 1 3 2 2 1 2 4 2 2 2 3 3 4 2 3 2 2 2 4 3 2 2 4 2 1 2 3 1 1 2 4 1 1 3 2 2 4 1 4 2 1 1 1 2 1 1 3 2 4 2 2 2 1 2 1 3 1 3 3 4 3 1 1 4 1 1 1 2 4 3 2 2 2 4 2 3 1 1 4 3 3 1 3 2 0 1 3 2 3 3 3 3 1 2 4 1 1 1 4 1 3 4 3 2 4 1 1
1 2 2 1 3 1 1 3 4 3 1 4 3 4 4 1 4 4 3 1 1 3 3 1 4 2 4 3 1 1 2 1 2 3 2 2 4 3 2 1 3 1 4 2 2 2 2 1 4 3 2 4 2 1 3 2 3 3 4 2 3 3 3 4 3 2 1 1 1 1 1 3 3 2 2 3 1 4 2 1 4 3 4 1 1 3 4 4 3 4 3 4 2 3 3 2 3 1 3 1 4 3 1 2 2 2 4 4 4 1 2 4 2 2 2 4 2 4 4 1 2 1 3 4 1 4 3 2 0 1 1 2 4 4 2 2 1 4 1 4 4 1 1 3 2 4 4 4 2 3
4 1 3 4 4 2 2 1 4 1 1 3 2 1 4 3 1 4 4 1 2 2 3 1 3 3 3 4 2 2 3 4 4 4 1 1 1 3 2 1 2 1 3 4 2 2 2 2 2 2 2 2 4 2 4 2 3 4 4 3 1 4 3 4 3 2 2 1 4 2 2 1 1 1 4 4 3 1 1 4 3 1 4 2 3 1 4 4 1 1 1 1 2 2 1 3 1 1 1 1 4 2 1 1 2 3 2 1 2 1 4 4 4 3 3 1 4 3 2 4 2 1 3 1 1 4 1 3 3 0 1 3 1 3 1 2 2 4 3 3 3 3 4 3 1 1 4 1 3 3
3 4 3 3 4 3 1 4 2 2 1 3 3 3 2 2 3 3 4 1 3 1 2 2 1 4 3 3 4 3 4 2 4 1 4 1 1 3 2 1 1 2 3 1 1 2 1 2 1 2 4 3 2 4 1 4 1 4 2 2 1 4 2 2 3 4 4 3 4 1 3 1 1 2 3 1 3 2 4 4 4 4 3 2 3 2 2 4 1 2 1 2 3 4 4 2 4 1 2 3 1 3 4 3 1 4 1 2 1 3 2 3 1 1 4 2 4 3 3 1 4 1 3 2 1 3 4 1 2 2 0 4 1 1 2 2 1 3 1 3 2 1 3 2 3 2 2 2 4 1
2 3 4 2 3 1 4 2 1 2 3 3 3 4 1 4 1 2 4 4 1 4 3 2 4 4 2 2 2 4 2 4 2 3 1 2 3 1 2 3 4 4 2 1 2 1 4 3 4 1 3 3 3 2 3 1 3 3 1 3 1 4 4 3 1 2 4 1 1 3 3 1 1 1 2 1 1 3 4 2 1 2 2 4 4 3 2 3 2 1 4 2 3 3 2 2 2 2 3 1 2 1 2 1 3 3 2 4 1 4 4 2 4 2 4 4 2 1 2 3 1 4 3 3 4 1 1 2 4 3 1 0 1 2 2 3 2 4 2 2 4 2 4 2 2 3 1 2 4 3
4 3 4 4 3 2 1 4 4 1 2 2 2 2 1 2 3 1 3 4 2 4 1 2 3 3 2 2 4 4 3 1 1 4 1 4 3 2 1 4 1 4 2 3 2 2 1 4 1 2 2 1 3 1 2 2 4 2 2 4 1 4 3 2 1 1 3 2 4 2 1 2 3 3 3 2 1 3 1 3 4 2 3 1 2 3 2 2 3 2 4 3 2 4 2 1 2 1 3 2 3 3 1 4 2 2 1 1 1 2 3 1 3 3 2 2 2 4 2 3 4 4 2 2 1 3 3 2 2 1 2 3 0 4 4 4 4 4 1 1 3 2 4 2 2 3 3 3 3 3
1 4 3 4 3 1 2 1 1 2 3 4 2 3 2 4 2 3 2 4 4 3 3 3 4 1 3 4 3 3 1 3 4 4 1 4 2 2 3 3 2 4 1 1 3 2 4 1 1 4 4 2 2 4 3 4 2 2 3 1 2 3 3 2 1 1 4 4 3 3 4 4 4 2 3 2 2 2 3 1 3 2 4 2 4 3 3 2 3 2 2 1 1 3 3 4 2 1 3 4 4 4 3 4 2 2 3 3 2 1 1 4 4 4 4 3 4 1 2 1 4 2 2 2 2 3 4 1 4 3 2 4 2 0 1 2 3 3 3 1 1 4 4 1 4 3 1 2 2 2
4 4 3 2 3 2 2 3 1 1 4 1 1 1 3 1 2 4 4 2 3 3 4 1 2 4 2 2 3 4 1 3 2 3 3 1 2 2 4 1 3 1 1 2 4 2 2 2 3 1 2 1 3 3 1 1 3 3 4 4 2 4 4 1 3 4 1 1 2 4 1 3 2 1 4 4 2 4 3 3 1 4 2 1 1 2 1 2 4 1 3 4 2 3 2 3 2 3 4 2 3 2 4 1 4 3 4 2 1 2 3 4 1 3 1 1 3 3 4 1 3 4 1 1 4 1 1 2 1 3 4 3 3 2 0 2 3 4 2 3 4 3 4 2 3 2 3 1 4 2
4 1 1 2 3 1 3 2 1 2 1 3 4 1 4 2 2 4 4 3 3 1 3 1 3 3 1 1 1 1 1 3 2 3 4 3 4 2 2 4 2 4 3 3 2 3 2 1 3 3 4 1 2 4 2 2 2 4 4 2 1 4 1 4 3 4 2 4 1 3 4 3 4 2 4 4 1 3 2 2 4 1 4 2 2 2 4 1 3 1 2 4 4 4 1 3 4 1 4 2 4 3 2 3 2 4 3 1 2 4 4 4 3 3 3 1 3 4 2 3 1 1 4 4 2 2 3 4 4 1 1 3 1 3 2 0 2 1 4 2 1 4 2 4 3 3 4 4 2 1
2 3 3 2 4 3 2 2 4 2 2 3 4 1 4 3 2 2 1 2 2 2 3 2 4 3 1 1 4 2 3 4 2 1 4 3 1 2 4 1 3 2 3 4 2 4 4 3 2 4 2 1 1 4 3 1 3 3 3 4 4 1 1 3 3 2 2 1 3 2 1 3 2 3 1 1 2 4 1 1 2 2 1 3 2 3 4 3 2 4 2 4 3 3 2 4 4 1 2 1 3 4 4 2 1 3 1 3 1 3 1 2 1 3 2 4 1 1 3 4 1 4 1 4 1 4 1 2 4 4 3 3 4 3 4 1 0 3 3 2 4 1 3 3 1 4 3 4 2 3
1 4 3 3 4 2 2 3 4 1 1 1 1 4 4 1 3 3 1 1 3 1 3 4 1 2 3 4 1 2 3 2 4 4 1 4 2 4 2 4 3 4 1 4 2 3 2 2 2 1 3 2 2 2 4 3 4 1 2 3 3 3 2 1 1 1 1 2 2 3 2 4 1 4 2 4 1 4 2 3 1 2 3 3 4 1 4 4 3 2 1 4 3 4 2 4 2 4 1 4 3 1 4 2 4 2 1 3 1 4 1 3 2 3 4 3 4 4 2 4 3 4 1 2 3 3 2 4 4 1 3 1 1 4 4 4 4 0 1 2 4 2 1 2 3 4 4 1 2 4
1 1 2 3 4 4 2 3 4 2 3 3 3 4 4 3 3 2 1 3 2 2 4 1 4 1 2 2 3 1 3 2 2 4 3 1 3 4 2 2 4 3 3 3 3 1 4 2 3 1 2 4 2 1 1 1 4 1 3 2 4 1 3 1 4 4 4 4 2 2 1 1 4 2 4 4 4 1 3 2 1 2 1 1 2 4 1 4 1 4 3 1 1 3 2 2 1 2 2 2 3 2 1 1 2 4 4 3 4 4 4 4 2 1 2 3 4 2 2 4 4 4 1 1 3 1 2 4 2 3 4 4 3 2 2 4 4 1 0 2 3 2 4 2 1 1 4 2 4 4
3 3 1 3 2 4 1 4 3 4 4 4 4 1 3 1 2 2 4 1 1 2 2 1 4 2 3 1 1 4 4 4 4 1 1 4 2 1 1 2 1 1 3 4 3 3 3 1 1 4 4 2 3 2 4 2 3 4 1 3 3 1 2 3 3 3 1 3 1 1 1 4 3 1 4 3 4 3 1 3 1 1 3 1 3 4 3 3 3 4 1 2 4 1 4 4 4 3 4 4 3 3 1 2 1 2 2 4 3 4 1 3 1 4 4 1 1 3 1 2 3 1 2 2 4 4 4 4 3 3 3 4 1 4 4 1 3 2 4 0 2 4 3 1 2 1 2 3 1 4
4 2 2 4 2 3 1 3 3 1 4 1 3 1 4 1 4 2 2 1 3 3 1 1 3 4 2 2 2 4 2 4 4 3 4 3 3 1 2 1 2 3 4 1 1 4 2 4 3 4 2 2 1 1 4 1 1 4 4 1 3 4 3 2 3 1 3 1 4 1 4 4 1 1 3 2 3 4 4 1 2 2 4 1 1 3 2 2 1 2 1 3 2 1 4 4 4 4 3 1 1 3 1 2 2 1 2 3 4 2 3 4 4 3 1 2 4 4 2 4 1 3 4 3 1 1 4 2 3 4 1 4 4 4 3 4 3 3 1 4 0 2 1 1 1 1 4 1 1 1
3 3 1 2 3 4 2 2 3 4 1 1 3 1 3 2 3 4 2 2 3 4 3 2 3 2 4 4 1 4 2 1 3 4 2 4 3 4 1 2 4 3 1 4 3 1 3 2 4 1 2 3 4 4 1 2 1 4 1 2 3 3 2 2 3 1 4 2 4 2 1 4 3 4 3 4 1 4 2 3 3 4 4 2 1 2 2 4 3 2 4 1 2 1 2 1 2 2 2 4 4 1 1 3 2 2 4 3 3 1 2 2 3 3 2 3 3 1 2 3 3 2 2 1 3 2 4 1 3 4 1 4 3 3 3 4 3 3 1 1 4 0 4 4 4 2 1 1 3 2
4 4 1 1 4 4 2 4 3 1 1 3 4 4 3 1 3 4 3 4 4 1 3 4 4 3 4 4 4 1 1 3 1 3 4 4 4 4 2 4 3 2 2 4 2 4 4 1 2 1 4 4 2 4 3 1 4 4 3 4 2 2 1 4 2 4 1 1 1 3 3 3 1 2 1 3 1 2 3 2 4 3 1 4 3 2 4 4 2 2 1 1 3 2 3 1 1 4 1 1 1 3 4 2 1 3 1 1 4 2 1 4 3 4 4 2 1 1 3 4 4 1 1 2 2 2 1 4 2 1 2 3 4 4 4 4 4 1 3 1 2 3 0 4 1 4 3 2 4 4
3 2 3 3 1 4 2 1 4 1 4 1 2 2 1 1 3 3 2 1 2 2 2 4 4 4 3 4 4 3 2 1 3 1 1 4 4 3 4 1 1 4 2 3 2 4 2 3 4 2 1 2 1 2 4 2 1 3 4 2 1 4 2 2 3 1 1 2 1 1 3 3 2 2 1 2 2 1 4 3 4 4 2 2 2 2 3 3 1 3 2 4 1 3 3 2 2 1 3 4 1 1 4 2 2 1 4 3 3 4 2 2 3 4 3 4 3 2 3 1 3 3 1 1 4 4 3 3 4 4 4 1 2 2 3 1 3 4 3 2 1 4 3 0 2 3 2 2 4 3
2 3 4 4 4 4 1 4 2 3 4 2 4 1 3 2 3 4 2 3 3 3 2 2 3 3 3 1 1 1 2 2 4 3 4 2 4 2 1 4 2 2 2 2 3 3 4 2 2 3 4 4 1 3 2 1 4 3 1 2 3 4 1 2 3 2 2 4 1 2 2 3 1 2 4 1 3 1 1 2 4 3 4 3 1 2 1 2 1 1 4 2 4 2 4 2 4 2 3 4 4 2 2 3 2 2 2 3 1 3 4 2 1 2 3 2 3 3 3 3 2 4 1 3 1 3 2 1 4 4 4 3 3 1 3 2 2 1 4 4 2 4 1 1 0 1 1 4 4 4
4 3 1 4 1 2 4 2 4 4 3 4 1 1 2 4 1 1 2 1 3 1 2 2 4 1 4 1 4 3 2 4 4 2 3 4 4 3 1 1 4 2 2 4 4 3 4 2 4 1 4 3 1 3 2 1 3 1 4 2 2 1 1 2 4 4 3 2 2 4 4 3 1 4 3 3 4 3 2 3 2 2 4 2 4 1 1 3 2 4 2 2 3 2 2 2 4 3 4 1 4 2 3 4 1 2 4 4 2 2 3 2 2 1 4 2 1 1 4 4 3 4 3 1 4 4 4 4 2 3 1 2 2 2 3 4 3 2 4 3 4 4 2 4 4 0 4 3 1 4
1 2 2 1 3 2 3 2 1 3 1 2 1 1 4 4 1 2 4 2 3 4 4 2 2 4 4 4 4 3 2 3 4 2 1 1 3 4 4 1 3 1 3 1 2 2 3 4 4 3 1 2 4 4 2 4 1 4 2 4 3 2 2 2 4 1 3 2 4 2 3 1 1 1 4 2 2 3 4 4 2 3 4 2 3 3 2 4 4 3 3 1 1 2 1 2 1 2 1 1 1 2 3 1 3 2 4 1 2 2 2 3 1 2 3 1 3 2 3 3 4 2 1 4 4 2 4 1 1 3 4 4 4 1 4 1 2 3 1 4 2 4 3 1 3 1 0 4 3 4
4 2 3 2 4 3 1 2 2 1 1 4 3 4 3 1 1 4 3 3 2 1 4 4 4 1 4 4 3 1 1 2 2 2 1 3 3 1 1 1 3 3 4 3 1 1 4 2 4 2 4 3 1 1 3 3 4 4 3 2 1 4 2 1 4 4 4 4 1 4 1 3 1 2 3 3 4 1 3 2 4 1 2 4 4 4 1 1 2 4 3 4 3 1 4 3 3 3 2 3 3 2 2 3 1 3 4 3 1 4 4 4 4 1 1 2 3 1 1 4 1 4 1 2 1 4 1 3 2 3 2 3 4 4 1 3 1 3 2 2 1 1 4 4 2 3 3 0 4 4
1 3 4 1 2 3 4 3 1 3 1 1 2 4 4 4 4 3 2 2 3 4 2 3 1 1 4 3 4 1 1 3 1 2 4 1 4 1 2 4 4 4 4 1 4 4 4 2 4 3 2 2 2 2 4 3 4 2 2 4 1 1 1 1 3 4 2 1 3 4 1 3 2 2 3 1 4 4 4 1 2 2 4 4 2 3 3 3 3 2 4 4 2 1 3 4 3 2 3 4 2 4 3 1 1 2 2 3 4 3 3 3 2 4 2 3 3 3 1 1 1 1 3 1 4 3 3 3 2 3 2 4 3 3 1 4 3 1 2 3 1 4 2 1 2 4 2 4 0 3
3 1 4 4 2 1 2 1 1 2 3 1 3 1 3 3 1 2 2 3 4 1 3 1 4 1 3 2 4 1 3 3 2 3 4 2 1 2 2 1 1 1 3 4 2 4 2 3 4 3 4 2 2 4 3 2 4 4 2 3 1 1 3 1 3 2 4 3 2 1 2 3 3 1 1 3 3 4 3 3 1 1 2 2 3 2 1 1 3 4 1 4 3 3 4 2 2 3 3 4 3 2 3 3 2 4 2 2 3 1 4 3 1 4 3 3 3 2 1 1 4 4 3 3 4 3 1 1 3 2 1 1 2 1 3 1 4 2 1 2 4 1 2 4 4 2 1 4 2 0