150
5 104 110
3 48 51
13 33 47
11 94 105
7 45 54
9 87 104
10 83 93
2 85 88
8 13 28
10 71 81
12 20 34
6 35 41
7 14 23
9 23 35
11 74 85
10 85 97
6 75 82
6 90 96
5 12 18
10 20 31
10 90 103
6 32 39
10 4 16
13 103 117
6 103 109
6 32 39
4 40 44
6 46 59
13 3 20
5 103 108
15 25 41
12 101 113
8 70 81
10 60 72
12 101 114
10 37 50
10 27 37
6 28 34
5 45 50
9 37 49
3 7 10
4 70 74
11 32 43
14 7 30
1 29 32
1 5 8
10 102 120
1 17 18
11 69 83
10 70 84
2 91 93
8 2 10
6 29 35
7 28 36
6 15 22
4 4 14
1 93 94
16 40 56
14 28 44
10 76 86
5 74 79
9 9 18
8 40 51
3 71 74
9 92 103
7 18 25
8 45 53
8 104 115
12 111 127
11 85 103
1 102 104
7 13 20
3 40 43
12 78 93
2 73 79
6 89 95
5 31 40
5 62 70
5 42 47
9 103 112
17 83 100
7 22 30
14 25 39
7 107 117
1 42 44
8 47 58
4 73 78
2 106 109
4 70 74
5 9 21
11 36 49
7 11 22
5 100 108
14 97 111
2 96 98
7 109 116
10 14 25
11 61 72
9 82 93
1 27 28
13 46 60
10 61 71
9 17 27
10 84 94
13 67 80
3 75 78
6 32 39
5 7 16
11 10 22
9 55 66
9 64 75
9 44 53
5 13 18
8 91 99
8 7 15
12 46 60
11 13 34
3 2 5
10 76 87
4 21 26
9 98 107
4 37 44
4 57 62
2 50 53
1 104 105
8 110 118
7 96 103
9 108 117
7 11 19
11 12 27
7 0 8
11 87 98
6 109 119
14 51 65
4 40 44
7 95 103
1 93 96
15 86 103
5 108 113
4 67 74
11 82 95
7 55 62
1 24 27
12 21 39
13 83 96
3 32 35
6 85 92
5 31 36
2 60 62
2 91 100
0 2 4 7 7 1 7 3 8 8 2 1 4 5 5 3 7 6 3 3 1 2 6 3 5 1 7 7 4 5 6 7 5 8 1 1 2 2 2 6 3 6 3 2 3 4 3 1 4 5 5 6 1 3 7 4 2 5 6 8 2 7 6 5 4 6 6 5 6 7 3 2 4 4 6 2 7 10 6 1 3 5 6 2 7 4 2 1 1 4 2 2 1 2 3 2 9 3 1 7 7 5 5 4 6 7 6 1 1 6 2 9 2 5 5 4 5 4 2 1 5 4 8 2 1 7 2 1 4 4 5 7 5 3 6 4 1 4 10 6 6 2 5 7 5 3 4 7 6 1
1 0 2 4 5 3 3 5 5 4 2 4 5 1 3 4 6 1 2 2 3 6 1 4 6 5 4 1 2 2 1 1 1 1 5 2 5 4 1 4 2 1 1 2 3 5 3 6 1 3 4 2 1 3 3 3 2 1 1 5 3 4 3 2 6 3 6 4 4 1 2 4 4 5 1 5 3 2 2 3 3 2 4 3 5 1 4 1 1 3 5 5 5 2 1 1 3 1 2 4 1 1 1 5 2 4 3 1 2 5 1 4 1 2 3 3 3 5 1 1 4 3 2 3 3 3 2 5 1 4 4 5 4 3 1 1 3 4 2 1 4 3 2 3 1 2 4 2 2 6
13 2 0 3 8 11 11 11 7 13 8 1 4 7 6 11 5 7 7 12 5 3 11 13 8 7 2 12 9 11 6 8 8 2 6 10 3 10 11 1 13 2 5 9 1 9 2 8 8 4 13 11 13 13 9 8 11 6 5 6 3 5 11 11 6 11 13 10 3 4 13 9 4 5 13 10 1 5 10 12 4 6 13 9 5 12 12 12 13 12 5 1 8 9 6 4 8 11 4 13 11 7 1 10 8 9 6 6 10 11 10 7 1 6 10 1 7 11 2 13 8 5 9 7 6 2 1 7 6 2 6 2 11 13 5 13 4 1 2 4 6 11 9 7 8 12 1 13 9 10
9 1 7 0 2 4 11 9 11 10 4 10 1 3 11 6 3 7 9 3 11 9 4 9 4 2 5 3 4 6 5 2 2 10 1 2 4 8 7 11 3 3 7 2 10 6 5 9 3 6 2 7 4 5 2 5 9 7 10 3 1 6 11 1 4 8 8 9 5 6 1 11 9 2 7 1 8 2 9 10 8 7 9 1 3 11 11 11 9 2 4 3 5 2 2 8 1 8 10 1 7 6 9 9 8 2 4 6 7 11 7 7 6 1 5 7 11 1 10 7 4 10 5 8 6 1 2 7 3 10 8 1 11 3 3 8 10 3 5 7 1 9 1 2 6 5 7 1 7 3
4 9 7 10 0 5 7 9 3 5 8 2 3 10 6 3 6 5 4 1 5 1 6 5 3 1 7 1 5 6 9 3 7 9 4 6 5 3 1 6 1 5 1 7 1 8 10 8 1 1 7 9 5 8 8 10 6 4 6 8 9 9 5 3 6 1 3 3 9 1 5 7 4 6 2 1 8 10 5 9 4 1 7 7 9 7 4 3 2 1 4 5 3 12 5 7 4 5 6 8 11 6 4 8 6 9 6 2 11 5 11 7 5 9 9 9 6 8 5 8 13 11 7 2 9 8 4 8 7 6 1 5 5 4 11 5 4 13 7 5 3 9 10 6 3 3 12 5 5 1
3 6 7 3 5 0 6 3 1 7 5 6 9 2 7 8 8 2 6 8 1 6 6 9 5 1 2 4 8 9 3 5 2 8 9 2 6 9 6 2 2 5 7 4 2 2 3 7 6 9 3 8 1 9 5 5 2 5 2 2 3 4 5 2 8 6 8 8 8 7 2 4 2 9 1 9 3 8 7 3 8 6 4 7 2 5 1 8 5 6 2 8 1 4 3 2 3 5 2 6 7 2 3 4 6 1 6 9 4 6 1 2 7 2 4 6 8 5 9 5 3 7 2 8 9 9 8 3 5 4 7 5 9 8 3 2 9 4 8 9 2 2 9 7 9 6 7 4 8 7
7 4 9 3 7 1 0 5 7 10 3 9 4 3 9 8 8 10 10 3 8 2 3 7 6 6 6 2 7 9 5 8 4 4 5 4 9 1 5 6 1 5 7 1 9 7 3 1 4 1 5 2 7 9 1 1 2 1 4 10 7 5 8 3 7 8 3 5 6 10 6 3 1 6 9 4 8 2 10 7 1 4 10 10 4 3 8 2 7 8 3 1 3 4 8 6 4 2 5 5 6 7 2 1 7 4 7 5 10 5 9 9 7 9 3 2 3 6 5 7 1 7 3 4 10 6 1 3 3 5 10 4 3 8 10 4 4 10 1 3 5 4 1 8 1 2 6 5 2 3
2 2 2 3 3 3 1 0 3 3 3 3 3 1 3 1 2 3 1 3 3 3 1 2 1 3 3 1 3 4 2 2 1 2 1 4 2 1 3 1 3 2 2 2 4 2 3 1 2 3 3 4 4 1 3 2 1 4 3 3 3 2 1 2 2 4 2 1 2 4 3 1 2 3 3 1 1 3 1 1 2 1 3 2 3 4 4 1 2 3 3 2 1 1 1 1 3 4 4 3 1 1 2 3 1 4 1 3 1 3 3 2 2 4 1 2 3 3 1 3 2 2 3 2 3 3 2 1 2 2 1 1 4 1 3 2 3 3 4 3 1 3 1 1 4 2 4 2 4 1
1 5 6 8 5 3 2 8 0 7 2 5 7 2 8 6 2 8 4 8 8 2 8 4 7 5 3 2 3 7 1 2 5 1 8 7 3 5 7 2 6 2 3 1 5 5 7 1 5 8 2 2 2 5 3 3 1 8 7 6 8 5 7 1 1 6 1 2 1 1 5 3 3 1 3 8 4 2 1 6 3 6 1 4 6 6 3 7 7 6 5 7 4 4 8 8 2 7 3 7 5 2 2 3 6 5 6 4 4 4 4 1 3 8 8 4 1 3 5 5 6 5 6 5 3 3 8 3 2 6 7 4 3 4 5 5 7 4 2 4 8 6 2 3 1 7 1 1 6 8
8 1 4 8 6 1 2 7 10 0 1 10 9 3 1 3 3 7 3 4 6 9 8 5 10 2 1 4 1 6 4 1 9 5 6 7 4 5 7 6 2 6 4 2 4 10 9 4 2 10 3 5 3 1 7 6 5 10 6 1 1 4 9 10 4 5 8 1 9 9 5 3 9 1 3 2 10 10 2 5 9 8 5 10 8 6 10 8 10 5 10 4 6 7 6 1 2 4 5 3 9 10 10 8 10 1 1 3 2 8 3 10 5 2 6 9 1 5 8 4 8 1 1 1 7 3 3 9 9 6 6 10 10 8 4 10 10 3 8 3 8 8 5 6 9 9 9 9 8 6
3 9 7 12 6 7 2 5 4 2 0 7 6 7 8 6 3 6 12 3 12 8 12 1 2 4 5 7 10 6 12 10 12 6 6 4 11 12 10 3 5 2 9 11 4 5 6 5 5 2 1 3 9 2 6 7 9 4 5 2 9 7 3 2 4 11 5 10 9 1 2 6 3 4 10 4 7 8 5 10 11 3 5 12 2 5 9 1 10 3 5 7 4 1 11 11 12 10 10 3 5 6 10 5 1 4 7 12 11 11 3 4 6 3 1 8 7 10 1 4 6 6 2 9 2 7 4 12 12 5 3 1 4 4 3 6 7 5 12 1 7 8 6 6 2 1 6 3 7 12
3 5 3 9 9 3 1 4 10 3 4 0 1 6 4 9 8 7 4 10 7 11 3 9 4 5 4 1 7 1 9 7 2 9 5 4 9 6 4 3 7 2 8 1 10 7 3 5 2 3 3 5 2 1 6 2 11 12 1 3 1 1 3 4 1 6 1 2 8 6 5 11 9 3 10 7 12 12 9 12 5 6 2 7 1 12 3 1 12 8 1 10 5 4 3 5 5 6 10 4 7 9 5 3 1 7 6 6 4 6 5 2 5 6 9 8 3 7 1 11 7 1 7 3 5 1 8 3 3 6 8 2 7 1 4 7 4 6 10 7 5 7 8 3 2 8 8 2 7 3
1 5 3 4 9 9 7 5 7 10 3 4 0 4 6 3 10 6 7 3 8 11 3 4 3 7 2 1 7 6 3 12 1 9 4 4 4 6 4 11 2 9 3 7 1 7 8 2 3 2 2 5 11 9 8 13 2 6 5 3 11 4 5 5 12 10 5 1 4 2 3 2 6 8 7 3 10 5 11 4 7 5 7 3 5 10 1 2 4 12 6 9 8 1 5 6 13 10 7 3 11 9 10 4 7 4 12 4 4 11 2 1 12 8 1 2 4 1 2 3 7 7 3 3 5 2 4 2 3 1 8 4 12 11 3 7 9 7 4 14 8 12 7 8 1 4 8 2 5 7
2 5 4 9 7 2 2 8 2 9 9 3 7 0 3 2 6 9 1 8 3 9 7 1 7 6 3 9 9 1 7 1 3 3 1 3 1 7 8 4 7 5 7 7 9 3 4 3 9 6 2 8 5 8 8 2 4 6 9 1 9 5 3 9 5 2 2 7 8 2 3 9 1 4 8 2 6 5 9 4 9 4 9 1 2 1 6 1 9 8 5 8 9 4 5 2 8 9 2 9 7 4 6 9 7 4 7 9 6 7 6 9 8 7 3 7 9 3 2 4 9 7 1 9 5 5 2 2 6 2 2 3 3 1 6 2 5 4 5 3 3 7 2 5 4 3 7 6 6 7
11 1 4 1 10 1 4 11 10 7 6 3 2 11 0 11 5 7 6 10 8 4 3 2 1 1 5 3 3 1 11 3 7 7 6 7 8 9 6 5 4 1 7 1 9 5 2 1 5 7 1 4 2 10 5 5 11 2 1 8 9 2 1 9 6 8 9 4 5 11 6 8 10 4 3 7 9 10 3 1 11 3 4 2 8 5 5 8 3 1 5 8 10 11 6 4 7 2 6 5 2 9 5 10 1 10 7 1 9 11 1 8 1 7 1 6 5 10 7 2 7 10 4 7 8 6 10 4 8 5 11 8 2 8 5 9 3 8 11 10 4 9 6 6 10 7 11 7 5 1
1 5 8 7 3 2 9 8 9 1 7 1 1 4 8 0 8 8 9 5 10 5 10 7 2 6 3 10 9 8 7 10 6 8 9 1 10 10 4 10 4 2 8 9 2 9 5 9 7 7 8 2 6 3 6 6 8 3 5 8 8 10 7 5 4 1 1 3 5 2 6 8 1 8 1 4 6 3 7 6 1 5 8 3 6 8 9 6 9 6 4 8 9 6 2 8 2 4 1 5 6 1 5 5 9 8 8 10 5 10 2 10 5 1 7 3 3 1 6 3 5 3 4 7 5 6 4 7 2 3 2 6 8 6 2 8 1 7 6 2 2 1 5 4 4 10 8 8 6 4
1 7 10 8 8 1 6 4 5 4 4 5 8 1 7 5 0 6 7 5 5 3 6 7 8 5 2 8 11 7 8 4 1 4 10 2 5 6 5 2 3 4 5 3 5 6 6 1 1 2 8 4 8 7 8 6 6 7 3 4 4 8 1 4 3 3 8 3 2 5 2 7 2 6 3 5 7 6 9 6 7 1 5 2 10 3 3 6 8 6 7 5 4 4 8 9 6 8 7 11 3 2 2 1 5 6 5 7 3 2 1 11 6 10 7 2 7 7 4 1 1 2 7 9 5 1 9 7 9 2 10 4 7 12 1 10 8 6 5 7 3 8 5 1 3 1 1 2 1 3
3 3 10 6 2 9 5 8 1 5 8 6 4 4 9 4 6 0 3 6 3 1 4 2 1 4 1 5 5 8 4 10 4 1 9 9 5 1 8 4 1 2 5 1 11 2 7 9 5 2 5 4 5 2 3 10 5 1 6 2 6 1 1 5 6 6 1 7 2 8 6 1 5 1 8 5 5 3 10 9 7 3 4 7 7 8 5 3 3 5 7 6 5 7 8 3 2 1 12 2 4 6 3 8 7 2 8 6 1 3 3 3 10 5 7 6 10 5 8 3 4 7 6 5 10 9 5 9 2 8 6 6 4 3 6 3 6 8 9 2 7 10 6 8 6 8 6 3 7 1
6 4 3 4 1 3 1 6 5 7 4 4 3 6 9 3 7 1 0 1 8 6 3 10 8 8 4 5 2 3 7 1 4 2 6 4 6 6 5 5 6 4 5 3 10 1 8 8 5 8 8 7 6 7 7 6 2 4 2 3 8 5 2 6 9 2 4 6 5 8 5 8 1 6 6 9 1 6 2 4 5 7 5 5 1 10 7 1 1 5 7 9 8 3 7 6 4 4 2 1 6 6 3 6 2 6 3 3 3 1 1 10 8 9 4 3 8 5 5 2 8 4 8 9 3 6 8 10 1 2 4 1 5 5 1 6 4 4 1 6 4 6 4 7 6 5 7 8 3 1
5 5 6 6 7 2 7 10 10 3 3 7 1 6 8 1 2 2 2 0 8 8 6 8 4 10 4 3 9 1 3 4 6 1 9 9 3 5 4 1 2 3 8 9 5 7 10 1 3 5 5 4 9 7 5 9 9 7 2 8 8 2 6 9 5 4 8 8 6 9 9 2 10 4 9 8 6 2 9 2 10 1 3 5 1 8 10 6 6 8 3 4 3 7 6 5 2 4 4 7 3 10 3 3 10 5 2 5 2 2 9 2 9 6 6 2 7 1 3 6 4 8 7 4 4 10 9 8 5 10 6 7 3 1 8 6 6 1 3 10 3 8 7 7 9 9 1 3 2 1
4 9 3 10 5 8 9 1 5 7 1 3 1 7 9 7 1 8 9 10 0 7 5 6 9 5 8 6 4 3 1 9 2 3 7 10 2 8 6 1 4 2 5 9 9 7 10 3 2 5 9 10 9 5 8 3 3 3 10 7 4 10 6 8 8 1 3 10 1 5 8 3 2 8 7 8 9 6 2 8 10 5 6 5 7 1 2 7 4 1 10 5 8 9 1 1 8 1 6 6 8 5 3 7 6 7 6 1 8 1 9 10 4 8 4 6 8 1 8 10 9 4 3 7 1 7 2 8 4 10 5 5 4 6 2 4 10 10 10 7 8 1 1 8 10 8 7 5 2 1
1 10 8 9 4 3 7 8 6 6 7 9 12 2 11 5 8 8 1 3 10 0 4 5 11 5 12 9 4 1 9 4 2 3 7 7 2 3 2 11 2 4 7 1 1 6 4 5 2 7 6 8 7 4 4 10 3 4 10 6 4 9 6 2 10 3 2 12 6 7 2 6 5 2 3 9 2 9 9 5 2 4 9 8 1 8 1 7 3 3 5 1 1 6 5 11 3 8 7 4 10 7 8 9 7 3 8 4 4 6 1 7 4 5 1 4 7 2 11 2 4 5 5 6 3 3 8 9 3 3 7 9 2 10 4 8 2 6 1 9 8 9 3 1 6 5 6 5 6 1
6 1 8 7 1 5 1 10 8 9 10 10 2 1 2 6 3 3 3 6 5 1 0 10 9 7 9 7 7 2 7 1 6 2 6 7 5 5 9 7 5 10 2 1 3 7 5 4 1 3 3 9 4 6 1 5 7 3 1 5 5 3 2 1 9 1 5 3 10 8 10 9 8 4 10 7 2 6 2 4 2 5 6 2 8 1 6 8 3 4 7 8 1 2 7 4 6 9 7 5 1 7 2 9 10 9 9 2 6 6 3 1 1 5 4 4 8 10 2 1 3 6 9 8 9 4 6 5 9 5 3 1 1 1 9 3 3 8 6 3 1 2 2 6 9 3 9 3 2 10
5 12 5 6 5 11 13 8 7 1 2 6 6 7 10 13 4 11 1 4 11 3 11 0 8 8 8 13 10 7 9 12 1 9 4 1 13 11 12 5 9 2 2 2 10 3 2 10 7 13 7 4 2 10 5 11 6 2 13 8 8 2 7 10 13 12 9 13 6 3 11 13 3 10 10 5 4 12 6 4 11 7 5 7 11 8 6 11 10 13 7 2 11 4 6 12 8 10 3 8 5 11 11 2 12 4 5 7 5 8 5 2 13 7 7 8 1 2 4 4 8 13 8 10 13 6 8 2 6 1 9 9 6 13 13 9 2 11 11 1 11 3 12 7 11 3 6 2 8 6
6 8 1 4 7 7 9 1 7 8 8 1 3 7 1 3 10 3 1 8 5 1 1 6 0 7 6 10 7 5 9 3 3 10 1 2 10 4 9 3 6 4 3 7 2 11 4 3 7 4 7 11 11 8 6 4 2 7 8 8 3 1 2 7 2 9 10 7 6 4 3 1 11 5 7 7 4 4 10 5 3 3 8 7 3 4 6 5 1 2 4 3 7 8 7 1 3 6 2 3 2 8 7 5 7 5 7 5 8 6 1 1 2 1 6 2 6 1 1 7 8 2 7 3 10 2 11 2 5 2 12 4 9 2 6 3 2 1 9 3 9 9 10 7 4 2 7 8 10 2
5 4 7 6 8 1 2 6 6 7 7 4 4 3 8 7 5 5 11 3 7 10 8 1 1 0 2 2 2 7 2 1 5 3 2 5 4 2 3 5 6 7 2 2 5 7 5 6 6 7 10 6 9 8 1 2 1 3 8 10 3 2 6 7 3 9 5 6 8 1 4 1 4 8 3 9 8 1 3 2 10 5 4 7 3 11 4 1 4 3 1 1 7 3 1 2 2 8 1 3 9 3 9 5 10 10 3 3 5 5 1 8 11 5 1 2 1 9 2 1 1 7 5 5 8 4 4 2 8 1 7 7 1 6 3 7 7 8 5 4 8 2 4 2 3 8 4 5 9 2
3 2 4 6 2 4 1 5 4 1 6 3 2 6 1 2 6 3 2 4 1 5 6 3 3 5 0 1 6 2 3 4 2 2 4 6 2 6 1 2 2 3 5 2 3 3 7 2 6 3 3 5 7 1 4 7 3 1 3 3 4 2 4 3 3 3 3 1 8 2 5 7 4 8 4 6 2 3 3 1 2 3 2 5 5 4 6 2 3 6 4 3 3 6 6 3 1 7 5 4 4 5 6 2 1 7 7 2 2 6 1 6 7 7 5 3 1 4 4 3 5 5 1 6 2 1 2 3 4 2 4 3 3 7 2 2 6 7 5 6 4 4 2 8 7 6 3 2 3 3
3 5 6 3 6 2 10 4 9 4 10 8 3 1 2 1 8 1 6 5 3 5 6 8 7 6 2 0 6 1 6 5 11 3 7 7 5 10 5 2 8 4 7 8 5 5 9 8 6 5 7 5 6 9 7 8 5 5 3 3 9 7 9 7 7 7 6 7 8 11 8 3 9 1 6 10 7 8 6 8 8 8 5 6 7 12 1 9 5 7 6 2 5 3 3 4 5 7 3 7 6 3 1 7 4 11 1 7 10 1 5 2 11 4 4 6 2 7 2 11 9 1 5 2 9 8 4 2 6 3 6 10 4 4 2 3 1 4 5 1 8 8 11 5 2 7 6 9 3 4
13 10 10 5 1 2 12 3 4 5 8 2 4 13 1 7 4 13 4 9 10 10 4 10 8 2 12 10 0 8 5 3 8 3 9 12 1 4 12 4 6 12 12 11 12 3 6 9 11 8 8 6 12 7 7 2 6 12 4 2 12 9 12 2 3 9 6 13 10 1 10 8 1 1 12 4 3 9 11 1 4 8 9 1 7 2 13 4 6 4 10 1 1 9 1 3 7 12 1 5 7 13 9 8 4 2 10 3 8 4 10 8 6 1 13 11 3 10 8 11 3 4 13 6 6 1 12 5 13 5 11 5 6 13 11 10 5 11 9 11 9 7 12 10 1 3 5 3 13 5
5 7 4 9 5 4 9 1 2 4 3 4 6 7 7 1 4 2 5 3 8 5 3 2 6 6 5 5 6 0 4 9 6 2 6 4 4 3 7 4 4 10 8 2 9 3 6 8 1 3 3 1 1 3 2 6 5 1 3 7 3 8 7 3 2 8 9 2 2 1 6 4 6 6 1 8 8 8 6 4 7 4 6 6 9 2 1 4 5 9 6 6 8 1 8 4 6 7 1 7 5 1 2 6 5 2 5 2 1 4 6 4 10 2 3 2 4 6 3 6 6 7 2 4 10 3 6 7 6 7 2 1 7 1 6 6 7 3 2 2 5 6 6 1 3 1 2 6 1 4
5 12 1 6 7 7 11 3 7 8 15 2 3 1 14 9 8 9 14 11 1 8 2 9 8 2 9 15 15 11 0 15 11 1 9 3 10 12 1 7 13 11 12 1 11 14 8 14 9 8 9 1 1 11 10 13 15 14 13 3 13 14 8 3 14 3 8 7 7 1 5 14 12 1 7 8 2 3 13 1 8 9 13 10 1 3 3 12 10 5 2 3 9 12 15 2 13 10 9 4 11 6 10 2 1 11 15 14 6 2 3 8 2 1 5 12 6 12 10 4 9 8 8 4 7 1 15 13 3 10 2 8 4 10 8 4 15 2 12 14 11 10 9 8 6 8 14 9 10 4
6 5 7 3 1 1 2 7 10 9 1 2 12 6 1 3 2 11 7 7 8 6 9 12 10 11 5 2 8 9 1 0 5 12 3 3 6 5 3 2 9 2 8 12 2 5 7 4 6 5 10 10 2 4 10 8 10 8 10 10 12 9 5 4 12 4 1 3 6 3 6 2 2 2 3 12 10 12 10 2 5 8 12 2 12 10 2 12 9 6 11 4 8 4 10 1 2 12 6 12 8 1 12 1 2 5 12 11 5 12 12 2 12 8 12 8 12 10 7 3 6 2 7 12 2 5 7 1 7 11 5 2 4 7 2 9 3 8 9 3 1 12 10 11 1 9 6 3 9 1
5 1 7 6 2 5 6 4 8 1 4 3 3 6 8 3 2 5 4 6 2 7 7 8 1 1 2 4 2 8 2 3 0 4 7 4 3 7 8 1 8 1 4 7 8 7 2 6 1 7 7 1 1 2 3 2 4 5 7 7 8 3 5 2 5 3 5 2 7 8 3 6 1 3 3 7 8 8 6 1 5 7 7 4 8 4 2 1 7 5 4 8 4 4 5 4 1 5 7 1 8 5 4 7 3 1 5 2 6 2 4 7 8 7 3 3 8 3 3 2 2 4 4 2 1 6 2 3 6 6 1 4 4 3 7 7 8 6 6 4 7 2 5 7 2 2 1 5 5 6
8 9 7 7 2 9 10 3 2 5 6 2 4 10 8 8 1 7 3 7 10 1 10 3 2 5 8 5 4 1 5 8 8 0 4 3 1 8 2 1 4 6 4 9 7 8 6 8 9 6 6 1 6 4 5 4 1 2 7 4 7 4 1 6 5 8 9 2 7 4 10 4 1 9 9 6 2 3 9 3 2 3 2 10 4 2 3 7 1 3 9 3 3 8 1 9 5 3 6 8 6 2 3 4 8 5 6 7 1 8 9 5 8 4 4 4 10 10 6 6 7 10 8 7 1 3 6 1 3 3 2 2 3 5 6 7 5 6 8 1 1 1 7 8 5 9 5 8 10 2
1 7 4 1 7 7 12 7 12 5 2 10 10 6 2 9 3 1 7 4 3 6 10 10 2 1 5 2 2 4 10 5 7 12 0 3 2 4 1 4 6 6 2 4 2 8 9 11 12 1 11 5 10 9 7 6 10 9 3 9 4 5 11 7 12 4 1 9 11 2 8 11 10 4 1 11 11 1 8 7 9 11 3 3 6 12 12 4 4 10 7 11 7 3 2 11 5 7 7 11 11 10 11 5 5 2 8 9 12 6 8 9 5 11 6 6 4 11 4 8 4 2 10 10 4 10 3 3 8 4 7 4 10 4 9 7 9 4 4 12 2 3 2 10 2 6 8 8 11 4
1 9 5 3 5 7 5 3 4 2 2 2 6 10 2 3 2 2 9 7 5 10 3 10 2 7 9 2 4 8 4 1 7 5 1 0 5 10 8 10 5 4 1 2 10 10 6 1 3 3 8 10 9 4 10 1 7 6 4 10 4 3 1 10 8 7 10 10 3 8 2 4 3 4 2 2 9 1 2 9 4 2 6 9 1 5 7 1 8 2 7 8 10 2 9 6 9 3 2 9 1 6 9 7 1 7 9 3 5 3 2 5 9 10 8 1 2 4 6 4 10 8 10 9 9 6 2 1 3 3 9 3 10 7 7 9 10 6 10 2 1 1 1 6 8 8 7 5 5 3
5 7 7 4 10 1 9 8 7 7 9 5 3 4 9 2 1 3 9 1 9 1 4 4 3 1 1 10 8 5 6 2 10 5 10 8 0 7 5 10 9 8 1 10 7 8 4 6 4 3 7 8 8 4 8 9 10 10 6 6 7 2 10 9 5 9 1 10 5 8 8 6 2 6 10 3 4 7 6 9 3 5 4 3 5 5 8 3 5 4 3 9 7 8 4 3 2 4 5 1 7 6 5 7 5 10 9 9 8 6 7 4 2 3 1 5 10 4 1 10 8 3 10 5 3 4 6 7 9 2 5 5 7 4 3 8 8 9 5 7 2 10 4 1 1 8 9 4 10 2
4 12 3 10 4 8 5 2 2 7 1 6 7 10 8 3 6 4 9 10 6 1 2 1 4 1 3 5 1 1 5 5 5 2 8 9 3 0 5 7 6 5 10 5 2 8 6 3 5 3 6 1 5 7 8 1 6 8 3 6 10 11 2 5 7 12 1 5 5 3 8 5 1 4 11 8 8 4 9 5 7 8 8 8 7 7 11 5 6 1 4 6 2 8 4 8 7 5 10 6 4 10 7 4 9 7 9 3 2 1 8 7 7 8 10 7 2 10 1 2 3 4 6 3 9 6 6 5 7 1 9 3 7 2 8 1 8 5 5 4 5 7 9 2 4 2 1 6 6 11
8 6 3 5 1 8 2 6 3 5 3 2 4 1 4 4 3 6 1 7 6 2 1 4 3 8 8 1 1 1 5 1 4 6 5 1 3 3 0 1 4 6 2 7 1 3 8 6 9 4 6 9 4 1 1 5 2 1 3 9 6 8 1 5 3 5 4 3 7 1 6 2 9 7 5 5 4 1 5 4 6 8 4 5 4 1 5 7 1 8 2 5 2 3 4 4 2 5 3 6 7 4 1 4 6 4 1 7 1 5 3 8 2 9 2 6 5 1 5 1 6 4 6 5 4 7 9 1 5 7 4 6 7 5 6 3 7 7 10 1 5 8 1 6 2 6 4 5 7 2
6 1 8 4 5 4 1 6 3 9 8 2 3 9 5 7 5 3 2 8 5 8 2 4 5 2 3 3 8 2 3 4 8 4 1 1 6 8 5 0 2 5 1 7 6 9 8 4 5 6 6 7 8 7 5 5 8 8 4 3 4 7 5 3 9 6 9 5 7 6 3 8 5 1 1 9 2 8 4 9 1 7 4 7 5 1 8 6 7 9 7 5 1 1 8 8 7 9 5 1 1 1 5 5 6 9 7 3 6 9 6 1 4 7 8 4 5 5 6 6 8 7 3 1 1 1 4 8 3 1 2 3 9 7 2 1 8 5 8 6 6 3 6 9 1 9 1 3 8 9
4 4 3 2 2 6 4 5 4 3 6 4 1 4 2 4 2 4 6 6 3 1 4 4 2 2 3 4 3 3 1 1 2 2 4 2 2 1 4 1 0 1 4 1 2 5 5 4 5 1 1 6 1 1 4 5 4 4 5 4 3 2 2 4 6 5 1 2 4 3 1 5 3 1 4 1 6 1 3 1 1 4 1 3 5 2 5 2 1 6 3 5 1 1 3 1 2 5 2 4 4 5 4 1 4 6 4 6 3 3 4 4 5 1 5 4 1 5 3 4 3 3 1 3 3 5 1 5 4 1 4 3 3 4 4 5 1 6 2 5 4 5 1 6 1 4 2 3 1 4
6 2 7 1 4 2 1 2 3 7 7 3 5 1 3 3 3 6 4 3 2 1 2 4 5 4 3 3 2 4 6 3 7 6 5 4 2 2 3 1 5 0 7 6 4 4 6 1 3 2 6 3 4 2 4 2 6 1 4 3 4 7 3 1 4 2 4 3 4 6 4 5 3 6 3 1 4 7 2 1 7 1 1 3 5 5 7 7 6 2 7 8 1 1 3 6 7 6 1 2 3 6 1 5 4 4 3 6 5 1 1 1 6 3 5 2 5 3 4 1 5 6 6 6 5 5 2 3 4 3 4 5 2 8 4 5 2 2 7 8 6 5 3 1 1 5 4 3 2 4
7 5 7 8 3 5 11 3 1 7 8 9 10 1 7 5 7 11 7 11 6 11 3 11 1 1 8 8 7 5 10 3 7 2 3 9 7 4 3 5 2 3 0 1 10 7 9 2 8 7 10 11 8 11 4 5 5 9 1 1 6 1 8 6 6 1 11 4 1 6 3 8 2 8 10 2 5 11 8 2 1 5 7 1 1 6 2 9 10 6 6 10 6 2 1 3 9 3 3 5 3 5 1 11 1 11 7 5 1 3 3 4 2 10 4 4 2 9 2 3 1 3 6 8 5 6 10 1 3 11 3 3 4 10 2 5 1 8 3 9 4 2 2 10 4 5 8 1 7 7
6 11 14 11 14 12 12 11 8 9 5 5 8 1 12 8 8 11 4 3 11 10 1 14 8 5 2 11 8 11 3 10 5 8 12 4 11 2 13 11 8 6 2 0 12 5 7 14 5 10 9 7 5 10 2 1 9 1 7 10 1 14 3 14 14 4 4 13 6 9 3 4 8 10 5 7 14 2 5 11 7 11 1 12 12 2 11 13 10 6 14 12 4 5 11 13 10 3 7 11 9 12 6 4 11 12 7 11 5 13 14 5 13 4 8 5 13 10 3 4 8 10 4 14 11 3 2 11 4 2 4 6 9 3 11 12 14 1 11 11 13 4 13 6 9 8 5 7 14 7
1 1 2 2 2 2 1 2 2 2 1 1 2 2 1 1 1 2 1 2 2 2 2 1 2 2 2 1 2 2 2 2 2 1 1 1 2 1 2 1 1 2 2 2 0 1 1 1 2 1 2 2 1 2 1 1 1 1 1 2 1 1 2 1 1 2 1 2 2 2 1 1 1 2 1 1 1 1 1 1 2 1 2 2 2 1 2 1 2 2 1 1 1 1 2 2 1 2 2 1 1 1 2 2 2 2 1 1 1 1 2 2 1 2 2 1 2 2 2 2 1 1 2 2 2 1 2 1 1 2 2 1 2 2 1 1 2 1 1 2 1 1 2 1 2 1 1 2 2 2
1 1 2 1 2 1 1 2 1 2 2 1 1 2 1 1 2 2 1 2 1 1 1 1 2 1 1 1 2 2 2 1 2 1 1 2 1 1 2 2 1 2 2 2 1 0 2 2 2 1 2 1 2 1 2 2 2 2 2 1 2 1 1 2 1 1 1 1 2 2 1 2 1 2 1 2 1 2 1 1 1 2 2 1 2 1 2 1 1 2 1 2 1 2 1 2 2 2 2 2 2 2 1 1 2 2 2 1 2 2 2 1 1 1 1 2 1 2 1 1 2 1 2 2 1 2 2 2 2 2 2 2 2 2 1 2 1 1 2 2 1 2 2 1 2 2 2 1 2 2
1 1 10 1 7 2 2 9 5 4 2 2 7 6 10 6 1 2 5 5 7 10 2 4 5 6 10 8 8 8 1 7 6 6 8 1 1 5 9 8 9 4 5 4 6 4 0 2 2 3 10 10 7 9 8 9 2 6 10 3 5 6 7 1 10 2 10 9 3 10 3 6 6 3 7 7 7 1 3 2 1 9 6 2 7 3 10 6 10 6 2 10 5 6 7 10 7 6 4 3 5 2 6 4 3 2 7 10 7 9 1 5 3 5 10 3 6 6 9 1 4 4 7 8 6 7 2 2 5 6 3 9 2 1 4 3 8 3 7 10 3 8 5 5 8 1 8 2 7 3
2 2 2 1 1 2 1 2 1 1 2 2 1 2 2 2 2 1 2 1 2 1 1 2 1 2 1 2 1 1 1 2 1 1 2 2 2 1 1 2 2 1 2 1 2 1 2 0 2 1 1 2 2 1 2 2 1 2 1 2 1 1 1 2 1 1 1 2 2 1 2 2 2 1 1 2 2 2 1 1 2 2 1 2 2 2 1 2 1 1 2 2 1 2 1 2 1 2 2 2 2 1 1 1 2 2 1 2 1 2 1 2 2 1 2 1 1 1 2 1 2 1 1 1 2 2 2 1 1 1 1 2 1 1 2 1 1 1 1 1 1 2 1 2 2 2 1 2 1 2
10 11 5 4 8 10 11 5 9 3 11 3 10 10 4 7 1 9 1 4 2 5 11 11 1 2 4 11 3 7 5 4 9 7 4 2 3 1 4 11 11 8 7 1 2 9 6 3 0 9 5 1 2 9 8 1 11 7 4 1 1 7 8 5 4 5 11 5 8 5 10 9 3 1 11 3 9 1 2 5 9 9 10 8 2 2 1 5 8 1 8 8 4 4 10 4 6 11 7 5 3 5 6 6 10 7 5 5 8 6 10 8 1 1 9 10 4 2 2 1 5 8 4 8 9 4 5 5 4 10 2 2 5 2 11 1 3 1 6 6 7 7 1 5 4 8 9 2 11 3
3 2 4 1 5 1 10 6 6 2 8 5 3 6 8 8 5 4 2 6 4 4 1 9 6 10 6 1 7 6 1 4 8 8 10 2 8 7 8 6 10 1 10 4 2 3 8 1 2 0 8 9 4 2 9 7 6 10 4 9 6 9 8 8 3 2 6 4 8 1 6 1 6 4 1 10 10 7 7 2 9 3 10 8 5 10 8 5 9 9 7 5 7 9 4 10 2 5 6 10 10 7 10 4 6 8 4 6 5 9 1 5 6 6 10 3 3 5 1 9 3 8 6 5 2 10 8 9 2 3 2 3 4 5 5 3 3 1 9 6 6 10 4 10 10 5 7 3 6 3
1 1 1 3 2 2 2 3 3 1 1 1 2 3 4 2 2 3 2 4 4 3 4 4 2 3 2 1 3 3 3 4 1 2 3 1 3 2 4 3 4 4 1 3 3 3 2 3 4 2 0 3 1 2 2 1 2 1 1 4 3 1 1 3 1 3 3 3 1 2 2 3 1 4 3 3 2 1 2 1 2 3 3 3 1 4 1 1 3 1 3 4 1 2 4 3 3 4 3 1 1 2 2 1 4 1 4 2 4 1 2 2 2 1 4 2 2 4 1 3 3 3 1 1 3 1 2 1 2 3 2 1 3 1 3 3 4 1 4 3 2 2 4 2 2 1 2 3 2 4
4 2 5 1 7 7 6 3 6 8 4 1 5 2 4 3 4 3 1 3 7 1 4 7 5 6 5 2 8 6 5 5 6 4 7 4 4 8 7 2 1 6 5 1 4 7 3 3 5 4 8 0 7 3 3 1 3 1 3 8 1 3 1 1 1 6 7 1 8 1 1 6 2 7 2 8 6 6 1 7 6 4 3 6 7 8 1 7 1 5 8 2 2 3 2 3 8 7 5 2 6 8 2 8 7 8 4 3 8 5 1 5 1 7 3 4 8 1 4 7 1 2 8 4 7 8 7 1 3 6 1 2 1 8 3 5 4 4 6 1 2 7 3 7 4 6 6 2 2 1
9 11 7 4 4 7 5 2 6 2 1 7 4 5 12 9 2 5 2 6 8 1 3 6 7 1 7 2 7 4 8 3 4 10 9 3 1 6 5 4 6 3 5 8 8 4 4 2 4 3 9 4 0 6 4 10 2 3 6 5 3 7 5 4 3 2 10 7 9 5 3 3 3 8 1 7 3 9 12 5 3 3 7 5 7 1 2 6 4 6 10 9 4 6 3 1 3 7 5 7 10 2 3 9 3 9 5 6 1 8 5 2 9 6 5 10 4 5 9 5 2 1 2 3 4 8 2 6 7 3 7 12 1 2 7 6 6 5 4 5 9 2 2 4 1 8 8 5 2 2
8 2 8 1 6 12 7 3 4 11 13 7 8 2 2 12 2 7 8 1 7 2 11 4 8 7 1 14 1 6 1 1 4 9 7 8 3 12 11 7 2 5 1 6 4 4 6 13 11 1 8 7 5 0 5 4 6 11 6 7 3 1 11 7 4 7 1 3 1 6 5 6 7 11 10 7 7 2 11 11 8 12 10 6 12 8 10 8 7 3 1 5 8 12 8 13 4 2 8 9 3 4 4 3 1 7 2 3 10 1 1 2 13 4 1 4 9 10 6 7 1 7 1 10 9 7 9 8 7 2 2 3 7 10 10 13 7 10 6 5 5 12 9 4 3 3 9 1 5 4
1 4 6 2 6 7 10 5 2 8 4 3 3 8 11 8 5 3 5 6 7 7 4 5 6 3 2 6 4 1 3 6 3 5 3 2 9 1 3 1 9 9 6 5 3 7 2 7 3 5 3 9 6 7 0 5 8 4 10 3 4 3 4 8 8 2 4 3 7 8 3 2 5 6 5 2 1 4 2 4 6 5 5 12 9 2 3 3 8 4 6 4 7 5 9 6 7 7 7 8 5 3 7 1 8 5 6 1 7 4 5 5 6 8 5 5 7 7 8 10 1 4 10 4 12 7 7 8 5 4 3 1 6 3 5 7 2 4 8 6 6 10 2 11 1 6 1 4 6 10
6 3 5 3 2 4 1 5 1 3 3 7 7 2 4 6 7 5 5 1 5 6 3 2 2 5 4 7 1 5 5 4 2 2 6 7 4 3 6 4 4 5 5 4 1 4 1 5 7 2 1 2 7 4 4 0 1 2 8 4 1 4 8 5 2 4 7 2 6 5 5 1 5 6 2 4 6 3 4 6 3 3 4 2 5 1 3 3 5 4 5 4 1 3 2 3 5 6 3 3 2 5 7 1 4 4 5 1 5 2 4 3 4 2 5 2 2 6 6 6 2 5 2 3 6 2 6 1 2 3 6 3 7 5 3 2 3 3 2 4 5 4 2 4 1 4 7 2 1 3
2 2 2 2 2 2 1 1 1 2 1 1 2 2 2 2 1 1 2 1 2 2 2 1 2 1 2 1 1 2 1 2 1 2 2 1 1 2 1 1 2 1 2 2 2 2 2 1 2 1 2 2 2 2 2 1 0 1 2 2 2 2 2 2 2 1 1 1 1 1 2 2 1 1 2 1 1 2 1 2 2 1 1 1 2 1 1 1 1 2 1 2 2 2 2 1 1 1 2 1 1 2 2 2 1 2 2 2 2 2 2 2 2 1 2 1 2 1 1 2 2 1 2 2 2 2 1 1 1 2 2 1 2 1 1 1 2 1 2 1 2 2 2 1 1 2 2 2 2 1
11 3 9 13 16 2 14 13 7 7 8 3 14 12 3 12 15 14 4 11 12 12 8 16 1 12 11 2 13 7 7 1 14 15 9 10 8 6 13 1 15 16 11 9 4 13 11 15 10 11 16 15 8 16 15 4 11 0 15 11 4 5 12 4 2 1 4 7 3 4 6 8 5 12 12 10 16 4 16 9 5 15 10 13 8 11 16 10 4 2 8 3 5 16 16 15 2 9 4 5 2 13 10 14 2 1 6 14 16 6 4 14 9 16 8 7 1 14 13 5 7 2 10 4 13 1 3 4 2 15 5 3 4 3 15 13 1 3 12 3 13 12 11 16 9 16 9 12 8 12
14 4 11 10 4 9 8 11 6 11 9 14 9 4 6 1 8 9 8 3 9 10 6 1 12 10 7 6 13 3 14 7 9 14 6 12 12 11 14 9 2 13 13 14 11 13 13 8 1 7 2 1 11 14 2 6 9 6 0 7 13 13 1 1 14 11 7 3 4 4 6 12 3 1 10 3 6 9 11 12 14 5 7 3 3 6 10 12 7 6 14 11 13 5 6 10 14 10 9 4 6 4 13 9 12 6 10 3 7 11 6 6 12 2 10 3 13 8 11 11 5 9 4 9 8 8 8 4 8 11 1 5 3 1 10 11 13 14 5 3 4 6 12 6 6 2 12 10 6 2
3 5 8 4 5 10 9 2 9 4 2 4 2 1 7 3 4 1 3 3 1 10 4 4 4 10 5 7 1 7 2 6 10 5 8 2 9 5 9 8 3 5 6 6 7 8 8 10 10 5 9 3 2 4 8 3 7 10 5 0 1 9 8 8 9 1 10 8 5 7 9 2 1 2 4 6 10 9 9 3 7 8 6 2 6 1 8 7 4 7 3 10 4 4 3 10 2 6 6 3 7 10 6 4 8 9 9 1 9 8 9 10 7 2 8 1 8 8 4 9 6 5 5 6 8 1 2 9 6 3 5 1 8 3 6 8 5 2 4 6 7 2 2 8 1 8 4 2 8 7
2 1 6 5 6 6 7 9 3 3 7 3 7 3 1 6 6 1 5 3 6 2 1 8 7 4 10 7 5 6 1 2 1 2 4 6 7 4 5 3 3 7 2 7 3 1 2 7 5 5 4 4 9 7 10 4 6 3 6 1 0 2 3 4 2 1 7 3 4 2 3 10 7 2 7 6 3 6 2 2 3 4 3 4 5 4 2 6 3 1 9 10 6 3 9 8 5 6 6 8 5 6 6 2 7 4 2 6 1 4 7 5 6 4 6 10 5 7 2 1 2 3 2 4 2 5 3 5 4 2 8 7 1 10 5 7 2 4 3 6 6 4 4 1 4 8 6 3 8 3
7 5 8 3 9 5 7 2 8 2 1 1 9 9 9 2 9 5 1 7 1 5 6 1 8 1 1 9 2 4 9 8 8 2 3 2 6 2 7 2 4 5 4 3 7 9 4 8 3 5 2 9 5 1 5 7 7 9 3 2 2 0 5 1 5 6 2 7 2 9 8 5 9 2 7 9 4 2 5 4 7 4 7 7 6 3 8 5 1 2 2 6 6 7 3 1 8 6 4 1 4 6 1 4 7 4 1 9 5 2 7 8 5 7 7 1 1 8 7 3 3 9 4 1 9 8 3 1 1 9 6 8 8 9 8 7 5 4 6 2 7 3 9 1 9 5 3 4 2 2
3 1 7 4 1 2 4 8 7 1 3 8 8 6 5 4 6 7 5 3 4 1 1 8 2 5 8 2 7 8 7 4 7 2 2 6 1 6 1 7 1 6 4 6 5 4 7 3 3 5 5 6 1 2 6 3 4 8 8 4 2 6 0 8 5 6 5 5 3 8 2 3 2 5 6 4 8 4 1 4 2 4 4 2 7 1 5 4 8 1 5 4 4 5 5 2 8 6 7 3 1 2 1 8 5 7 6 7 7 5 6 5 1 8 2 8 3 2 8 6 5 4 7 5 2 6 1 7 8 4 3 8 6 6 5 1 2 2 7 5 8 1 5 2 3 8 1 5 2 5
4 1 1 1 1 1 2 4 2 1 1 3 6 2 1 1 3 5 5 3 4 1 5 5 2 2 5 1 5 1 3 3 1 4 1 2 2 2 4 4 2 5 5 4 3 3 4 4 2 4 4 3 1 4 1 2 2 4 2 5 6 4 3 0 5 1 3 2 1 2 3 4 1 4 6 1 1 1 4 3 1 4 4 2 1 3 1 1 2 1 3 1 4 4 5 5 4 2 5 2 4 2 4 2 1 2 1 4 1 2 1 3 1 2 5 2 1 4 2 2 6 3 4 5 4 4 5 5 4 3 6 1 3 5 1 5 4 3 1 6 2 1 3 3 3 4 3 2 4 1
1 2 9 3 9 2 6 2 2 9 6 9 8 4 6 1 7 8 5 2 9 1 4 6 5 2 8 3 9 6 2 2 9 2 5 6 9 4 8 9 9 6 6 4 5 3 4 8 8 3 8 5 2 7 4 6 7 7 9 3 3 4 2 8 0 5 4 4 9 7 6 9 1 6 1 2 9 1 8 6 1 9 1 4 2 8 8 5 1 1 3 8 6 1 5 8 7 5 9 9 8 6 4 6 6 9 9 3 5 2 3 5 7 4 1 3 7 9 6 1 3 9 9 8 7 1 6 9 4 6 9 5 4 3 4 5 5 3 8 7 9 1 8 8 4 5 9 2 3 4
2 10 6 2 3 2 5 10 7 4 1 5 9 11 5 5 2 8 8 5 2 8 8 2 13 10 5 3 3 2 2 4 6 7 5 5 5 3 7 1 12 10 1 8 9 3 3 7 5 12 14 11 9 7 4 2 1 1 10 4 10 9 4 9 4 0 14 11 9 8 6 3 7 8 1 4 8 9 12 10 4 14 6 2 10 5 10 9 3 9 9 6 2 9 14 10 11 8 5 2 3 10 10 8 10 2 8 10 6 5 7 9 10 8 4 8 7 2 10 4 11 3 2 8 1 13 5 10 5 14 5 4 6 4 3 4 7 7 8 3 2 5 2 6 5 11 6 9 4 10
6 5 3 6 7 6 7 1 7 6 7 8 2 5 5 5 3 3 2 2 7 6 6 3 4 4 5 3 3 7 2 8 7 2 4 4 6 4 4 6 2 3 5 3 3 1 1 1 8 3 1 8 2 7 2 6 5 8 6 7 7 4 8 5 4 7 0 7 4 8 7 8 5 3 5 8 4 4 3 7 1 5 6 4 1 2 5 8 2 6 4 6 2 1 3 7 3 7 7 3 1 2 6 4 2 5 4 3 6 7 5 3 1 5 7 7 2 4 4 1 5 6 1 4 2 5 1 6 4 8 5 4 3 3 6 6 3 3 3 2 1 3 5 4 1 3 7 5 6 8
6 8 6 1 3 3 7 6 6 5 7 3 6 8 4 7 6 2 4 4 2 3 1 4 4 1 4 7 5 3 5 6 6 5 5 8 8 2 3 8 7 5 6 2 1 3 6 4 2 8 2 6 4 5 1 3 5 3 5 4 4 7 2 3 3 5 5 0 5 8 5 6 2 1 5 8 8 6 5 1 8 1 2 1 7 2 2 2 3 5 3 8 8 2 8 6 1 5 8 7 8 4 3 1 4 6 6 6 6 7 3 1 7 8 8 4 5 7 5 2 2 5 4 4 6 2 8 6 8 5 4 1 2 4 5 3 2 5 7 4 4 2 5 5 1 1 4 6 2 7
6 1 7 7 3 1 1 11 2 9 5 4 2 11 8 11 8 6 2 7 11 2 4 9 5 2 8 2 4 11 8 7 1 9 5 8 7 9 12 5 1 3 11 12 8 10 11 9 7 8 5 3 4 11 8 2 1 1 9 11 12 10 11 3 2 6 10 6 0 5 2 8 1 6 10 8 7 10 2 8 7 1 10 2 1 11 7 3 6 3 3 12 2 2 9 4 10 1 10 3 1 9 4 12 8 11 9 3 9 5 10 2 10 10 10 9 1 6 7 5 10 6 4 6 9 12 3 2 7 11 7 10 10 12 7 3 11 1 12 5 7 7 3 12 2 5 7 9 7 11
9 5 5 7 3 6 2 5 9 8 4 10 3 6 9 7 9 11 10 4 6 10 11 2 2 10 7 5 7 3 2 5 9 7 9 4 9 6 10 5 5 3 4 6 7 6 11 6 3 5 5 2 8 8 9 10 2 3 4 1 8 3 8 9 7 8 2 9 10 0 3 11 11 10 3 3 4 7 4 9 2 3 5 3 7 11 8 5 11 10 10 5 10 2 1 3 1 4 9 4 8 6 4 5 10 11 2 9 6 5 1 11 6 3 1 3 7 4 10 7 9 9 8 10 10 11 8 7 9 4 9 2 3 1 7 6 11 2 11 3 2 8 6 10 9 8 1 11 8 2
2 2 1 2 1 1 2 2 1 2 1 2 2 2 1 2 2 1 1 1 2 2 1 1 1 2 2 1 1 1 1 2 1 2 1 1 2 2 1 2 1 2 1 1 2 2 2 2 2 2 2 1 1 1 2 2 1 1 2 1 2 1 1 2 2 2 1 1 1 1 0 2 1 1 2 1 1 2 1 2 1 2 1 1 2 1 2 2 1 1 2 1 2 2 1 2 2 1 1 2 1 1 2 2 2 2 2 1 1 1 1 1 1 2 2 1 2 2 1 1 2 1 1 2 2 2 1 2 2 1 2 1 1 1 2 2 1 1 1 2 2 2 1 1 2 2 2 2 1 1
5 5 2 2 7 9 2 1 4 10 6 9 12 3 7 7 13 3 9 6 5 10 1 2 5 3 8 6 1 4 5 6 8 7 8 2 10 7 1 12 9 8 10 4 9 2 9 13 8 7 7 3 7 2 5 1 6 1 2 3 4 11 7 10 10 3 3 10 8 7 2 0 7 4 7 5 12 2 6 8 2 2 6 7 5 10 8 6 10 5 3 6 12 7 13 8 7 2 7 7 9 10 8 11 7 6 5 4 2 6 9 1 9 10 9 3 8 6 5 4 5 13 8 11 11 13 8 4 13 10 5 6 5 9 8 6 3 9 11 5 6 6 1 7 6 3 8 9 10 8
2 1 3 2 1 4 3 2 1 4 3 4 4 5 1 3 1 1 2 1 3 3 6 3 3 1 5 4 4 3 1 3 3 5 5 4 5 4 2 5 2 3 2 2 1 4 4 5 2 5 2 2 3 1 1 2 3 4 1 2 5 2 2 1 4 1 3 1 2 3 4 2 0 1 3 4 4 1 4 1 3 3 4 1 4 2 1 5 2 4 1 4 4 1 4 5 2 2 5 2 4 1 3 4 5 4 2 3 1 2 3 3 1 5 4 2 3 4 3 6 1 4 3 1 1 2 5 5 3 3 3 5 4 3 3 4 4 1 4 3 1 4 3 6 4 1 4 4 5 1
4 4 6 6 8 12 12 12 4 1 2 4 10 8 11 8 4 2 11 7 12 11 6 1 7 2 2 5 2 11 6 6 2 5 8 8 10 11 2 12 10 4 9 2 3 3 8 1 5 10 5 6 4 4 5 5 1 10 11 3 6 1 10 1 4 5 2 2 7 6 1 6 11 0 1 3 3 2 4 10 2 11 10 8 9 11 2 4 2 11 9 8 11 4 8 6 12 3 11 12 10 1 3 9 5 6 10 8 3 12 11 7 3 5 6 12 9 3 9 6 9 5 7 2 4 6 10 2 11 2 11 2 12 1 1 7 2 5 8 12 3 11 11 4 8 1 4 12 3 4
2 1 2 3 2 2 1 2 4 1 2 3 2 3 1 3 3 2 1 3 1 4 2 2 3 2 2 1 1 1 1 3 1 3 2 4 1 1 2 3 1 1 2 2 2 3 1 1 1 2 1 3 3 3 3 4 3 3 3 2 2 3 3 4 3 2 3 1 3 2 2 3 3 2 0 4 3 3 2 2 1 3 3 1 3 1 1 3 3 1 2 3 3 1 3 1 1 3 4 3 3 4 1 1 4 1 2 3 3 1 1 1 3 2 3 3 3 1 4 1 3 4 2 4 1 1 2 3 4 2 3 4 4 3 2 2 2 1 2 3 1 1 1 3 2 3 1 2 4 2
6 2 3 3 2 3 6 1 10 6 3 9 5 9 10 9 8 6 5 6 11 7 5 4 3 8 1 8 4 11 7 2 3 2 2 3 5 8 2 7 12 10 3 2 9 10 4 11 6 7 1 9 5 9 5 5 5 4 7 8 1 7 3 6 7 7 3 5 4 6 4 2 5 8 1 0 7 3 11 7 3 5 11 9 2 6 5 5 4 9 9 9 6 6 8 7 4 2 7 5 2 4 1 5 3 1 5 3 1 2 2 2 5 2 5 9 4 6 6 3 5 7 4 11 10 3 4 4 2 1 4 3 9 8 1 6 1 4 1 1 9 7 3 3 9 2 7 4 2 8
5 6 2 6 2 1 1 6 2 3 1 6 2 3 2 1 6 6 8 1 3 3 4 9 9 6 7 6 3 6 4 4 8 7 2 8 8 7 1 1 8 3 8 1 7 2 7 1 1 7 9 3 2 8 6 7 5 6 6 8 4 4 7 5 2 4 4 2 3 9 1 3 6 1 1 7 0 3 3 6 5 4 7 3 2 7 5 8 2 8 7 5 1 3 3 3 2 7 8 9 4 8 9 4 1 8 3 5 1 2 2 7 4 3 6 10 2 7 6 4 1 4 2 1 3 5 10 2 3 1 7 1 4 5 3 8 3 3 4 4 7 1 3 3 3 8 2 3 4 3
2 2 3 6 7 9 2 6 7 10 6 1 3 4 1 6 2 3 5 5 6 3 3 3 3 4 1 1 6 5 1 1 4 6 1 5 4 10 3 6 5 3 6 4 7 9 9 2 4 4 3 6 1 9 6 1 4 6 3 6 7 3 4 6 6 4 2 2 2 6 3 3 1 4 5 4 6 0 3 3 2 1 1 1 2 4 5 4 5 2 1 4 1 10 2 5 2 2 4 1 6 1 10 8 4 5 5 1 5 8 3 3 2 2 2 2 9 4 7 4 2 3 2 4 6 4 5 1 8 2 1 2 1 9 6 1 7 1 2 2 5 1 6 4 4 8 4 8 7 4
10 5 2 5 7 8 3 5 9 4 2 5 5 6 7 5 5 2 4 2 4 3 3 9 1 7 3 7 6 5 1 5 8 1 2 8 4 4 3 6 2 6 7 2 10 4 8 8 4 6 2 1 7 1 6 7 4 8 6 5 4 6 8 5 4 9 6 8 7 4 7 2 7 2 5 7 7 5 0 2 2 9 2 9 4 1 3 4 6 9 2 2 3 6 3 6 8 8 2 6 7 8 4 9 2 6 6 1 4 5 10 3 8 7 5 6 5 5 6 2 2 8 4 7 5 6 6 3 4 9 3 8 10 1 6 6 6 3 5 4 2 4 4 5 6 4 6 4 4 7
2 7 3 2 4 4 9 4 3 7 3 3 9 9 8 6 1 2 3 1 7 4 2 7 7 4 8 2 3 4 3 6 9 8 1 7 1 6 3 6 2 8 3 9 2 4 6 3 9 2 1 5 6 3 2 9 6 5 6 5 9 4 5 1 6 5 3 3 2 1 1 8 4 2 6 1 7 5 4 0 9 6 1 8 9 4 9 3 6 5 6 1 1 8 6 7 2 8 6 5 6 2 9 7 6 5 6 8 9 5 6 5 4 2 9 4 1 8 1 2 3 1 1 8 2 3 5 4 7 9 2 7 4 1 4 9 9 5 5 4 6 3 2 2 6 2 5 7 5 5
11 11 15 7 16 12 9 9 3 14 6 17 13 6 8 7 1 17 15 16 1 7 3 7 17 4 11 10 16 17 12 2 5 14 7 12 10 15 11 8 6 10 3 2 8 17 7 9 3 6 4 10 17 7 14 4 16 7 10 6 12 7 16 17 4 16 16 14 17 12 7 4 17 11 1 15 10 6 8 17 0 9 1 12 1 14 4 4 14 5 13 10 12 7 8 3 9 13 14 1 6 3 3 11 15 16 12 12 7 6 12 16 5 12 10 7 5 8 7 11 12 12 10 13 7 13 2 7 3 10 3 5 5 6 17 17 12 17 10 15 3 9 14 14 17 15 10 6 15 11
9 11 9 5 6 7 10 12 2 5 3 9 8 8 3 3 4 9 2 2 11 3 2 9 5 10 7 5 11 12 11 9 4 1 2 13 4 7 7 5 7 7 3 5 10 9 3 9 3 4 5 10 6 3 1 6 8 8 7 1 12 1 4 5 11 10 10 6 9 9 3 8 6 5 2 1 4 4 4 4 1 0 6 4 3 8 13 3 6 6 8 10 11 2 6 10 9 1 3 8 2 3 9 8 10 9 2 11 5 4 2 1 10 7 7 4 3 12 3 7 5 10 1 3 6 7 4 8 2 8 7 7 4 6 11 7 2 11 6 8 11 7 7 6 4 4 8 4 5 6
8 12 2 10 9 6 11 14 12 3 12 8 8 14 11 6 1 5 8 3 12 6 12 14 6 14 12 5 14 10 3 6 1 10 5 4 1 12 5 14 1 12 2 8 6 8 10 1 14 10 9 3 9 12 7 1 11 14 14 12 13 4 1 6 8 7 12 3 5 12 9 5 2 14 12 10 9 7 10 1 3 7 0 11 7 1 13 1 3 10 6 4 8 10 9 4 2 4 6 8 13 2 5 7 3 12 6 14 8 9 5 6 12 13 3 9 5 9 5 4 4 9 6 8 8 9 9 3 7 3 5 5 5 14 1 11 6 13 5 5 1 8 7 1 8 11 9 7 11 4
14 13 6 1 3 6 3 1 4 5 8 13 10 7 4 1 10 4 8 2 12 2 8 6 8 3 3 6 10 9 5 3 8 5 8 4 3 1 8 6 7 14 7 12 4 1 6 7 5 1 7 12 8 1 4 10 10 2 6 8 6 4 2 2 1 2 1 5 14 4 4 13 4 10 2 4 4 4 1 14 10 5 8 0 2 2 6 5 2 3 3 5 8 8 7 7 12 7 8 6 3 2 10 8 10 1 6 1 5 7 11 10 7 10 11 7 3 8 7 5 6 6 4 2 3 2 8 5 7 6 2 4 3 2 6 6 5 9 2 3 9 7 11 7 2 8 5 12 9 10
1 2 1 1 2 1 2 2 1 2 2 1 2 2 1 1 2 1 1 1 2 1 2 2 2 2 2 1 2 2 1 1 2 1 2 2 1 1 2 1 2 2 1 1 2 2 2 1 1 2 1 1 2 2 2 2 1 2 2 2 2 2 2 2 2 1 2 1 2 2 2 2 1 1 1 1 2 1 2 2 2 1 1 1 0 2 1 1 1 1 2 2 1 2 1 1 2 1 2 1 1 1 1 2 1 2 2 1 1 1 2 1 1 1 2 1 1 1 2 1 1 2 2 2 2 1 1 1 2 2 1 2 1 1 2 1 2 1 1 2 2 2 2 1 2 1 2 1 2 1
1 4 4 2 7 8 1 7 4 7 2 4 5 4 5 3 3 7 2 7 5 7 8 1 4 4 2 2 7 6 2 4 5 3 8 7 7 7 4 1 7 5 4 4 1 6 7 6 5 2 4 6 1 3 2 8 4 1 1 6 4 1 5 7 8 3 8 2 8 2 5 5 2 4 1 5 7 6 1 8 7 5 5 5 1 0 4 1 2 8 1 3 8 4 7 7 6 2 5 2 5 6 4 5 8 2 8 6 8 6 2 5 2 3 2 7 1 3 8 4 2 5 7 1 4 5 8 1 7 8 6 2 2 6 1 8 8 2 3 8 2 3 1 8 7 2 4 5 6 3
1 3 5 4 4 4 6 3 2 1 4 3 2 4 2 4 2 5 6 3 3 5 3 1 3 1 8 3 2 1 1 4 5 4 3 3 1 3 1 4 4 5 3 8 2 6 7 6 4 4 4 7 2 3 1 4 1 6 1 7 4 1 3 3 3 6 2 8 4 5 4 2 7 6 4 3 3 2 1 1 3 3 5 3 7 2 0 7 7 6 2 5 4 3 3 4 2 1 6 4 2 2 1 5 1 3 3 2 2 1 1 1 4 4 7 2 3 5 4 3 3 5 6 1 2 3 8 4 7 2 5 4 2 3 1 5 4 7 1 3 1 4 4 6 1 4 6 2 2 7
3 1 2 2 2 2 1 2 3 3 2 1 3 2 1 3 1 4 3 1 3 4 1 2 3 3 2 1 3 2 1 4 1 3 2 2 3 1 2 2 2 3 2 2 4 3 1 4 1 1 2 2 2 3 4 2 3 3 2 1 2 3 2 3 2 1 3 3 2 1 2 1 2 2 1 2 4 4 2 4 1 1 1 3 1 2 2 0 4 3 2 2 3 3 3 2 3 2 3 3 4 3 3 1 2 3 1 3 2 4 2 2 3 3 3 3 2 1 4 4 2 2 1 1 2 1 2 1 3 3 3 1 1 1 1 3 4 1 1 2 2 2 1 2 2 2 4 3 1 3
2 3 5 6 5 5 1 5 5 3 1 3 2 6 4 2 6 1 8 5 1 4 3 6 3 5 1 1 5 2 5 6 4 2 2 4 5 4 3 4 3 6 5 6 3 5 1 3 8 7 6 1 2 1 2 3 2 3 2 6 2 1 2 4 1 7 3 2 1 6 5 5 3 1 4 4 3 3 3 3 5 4 5 1 4 5 3 1 0 4 7 7 4 7 3 3 2 2 3 2 3 4 4 6 2 2 3 5 5 2 1 1 8 6 7 3 5 3 4 3 4 7 2 3 7 5 5 6 2 5 5 2 2 2 3 5 5 3 3 4 4 1 3 7 6 1 2 4 3 5
1 5 1 2 2 4 8 1 5 4 3 5 9 6 8 2 3 6 2 6 6 6 8 4 7 5 8 8 5 7 4 5 2 6 6 2 3 3 8 5 9 1 6 4 1 8 8 6 1 3 3 4 4 1 1 9 4 2 1 4 9 1 7 4 5 2 2 5 9 6 3 3 8 7 3 2 5 3 7 2 3 8 8 5 2 4 1 4 1 0 7 6 4 7 9 5 8 6 1 6 4 9 6 5 8 10 4 4 6 2 4 6 1 7 6 7 7 5 8 8 1 6 5 5 3 9 5 1 2 3 2 4 2 4 3 6 1 2 4 7 6 6 3 6 6 5 2 4 6 3
2 6 3 5 5 3 10 1 1 9 4 6 10 1 7 1 10 4 1 6 10 9 1 7 8 1 9 7 10 10 3 1 6 5 11 3 3 8 10 4 4 3 11 11 8 4 1 9 10 1 6 7 2 10 11 3 8 8 2 4 1 11 11 5 2 9 3 3 2 1 6 5 10 5 4 3 4 5 8 10 7 7 11 8 1 8 3 2 9 7 0 9 4 8 5 11 7 11 5 1 2 11 1 8 8 5 8 2 7 3 2 9 11 9 10 8 1 5 7 6 1 4 1 8 3 8 7 4 4 10 4 4 10 11 7 11 4 5 9 2 6 10 6 7 8 10 7 8 5 7
4 3 7 8 8 2 4 7 5 4 1 3 7 9 7 7 4 6 12 8 11 3 10 5 1 1 5 12 4 7 6 9 11 3 11 10 2 12 1 1 1 2 3 2 3 1 12 2 7 2 8 3 2 8 13 6 8 7 9 7 3 6 2 4 1 7 1 9 6 9 10 8 2 8 1 5 2 12 5 1 11 3 7 9 3 5 2 5 3 8 9 0 9 3 8 7 9 3 4 10 8 4 2 12 13 7 6 8 7 6 6 7 4 11 6 8 6 7 13 7 4 2 1 2 5 6 5 10 2 11 9 4 9 4 2 5 9 9 5 5 9 5 7 11 8 6 6 2 14 3
8 8 5 4 2 5 6 3 3 2 7 3 4 6 3 6 6 3 5 6 1 9 2 6 7 6 8 2 3 5 8 4 6 3 7 6 1 5 7 6 4 6 4 3 2 1 2 8 3 6 1 8 1 8 5 7 1 8 7 2 7 4 8 4 3 2 4 4 8 2 4 8 7 2 8 1 5 2 7 5 2 5 4 4 5 3 3 10 8 4 3 4 0 5 10 2 6 3 6 8 6 1 7 2 6 6 3 1 9 9 5 4 4 4 7 6 3 1 5 3 8 4 7 5 9 1 2 5 2 6 4 2 6 4 2 1 6 1 3 6 2 1 6 2 1 10 6 7 1 8
7 5 2 12 1 8 12 14 10 4 14 12 8 9 4 5 2 14 11 3 5 11 4 10 3 13 6 4 4 3 6 2 12 11 11 9 2 4 6 4 8 11 3 9 11 3 5 12 7 6 6 13 3 7 8 13 3 11 8 3 3 1 9 1 5 4 1 1 13 9 2 7 2 6 9 4 10 6 14 3 7 10 14 2 2 12 13 3 3 5 2 6 5 0 3 4 13 8 9 2 9 8 12 6 9 11 12 8 5 4 14 1 2 8 11 3 5 4 8 3 13 7 5 4 3 5 14 14 7 3 11 12 2 3 8 1 14 3 11 10 8 1 9 9 9 8 13 1 3 12
1 1 2 3 1 2 2 3 1 3 3 3 2 2 3 1 1 3 1 3 4 1 3 2 3 4 2 2 2 3 1 2 2 1 3 1 3 2 2 2 2 2 4 2 2 4 2 3 3 2 1 4 2 4 2 4 1 3 2 2 4 2 3 2 3 4 3 1 3 1 3 3 2 2 2 3 3 2 4 3 3 3 3 3 3 3 4 1 2 1 2 1 2 3 0 1 1 1 1 2 2 2 2 2 1 1 2 3 3 1 1 2 2 4 1 4 3 1 2 1 2 1 3 3 2 3 2 4 1 1 1 2 2 2 3 1 2 2 1 1 1 2 3 1 3 3 1 1 3 2
8 7 7 4 5 7 7 6 5 12 3 7 5 6 1 1 7 3 8 7 6 2 2 3 4 11 2 7 3 1 8 6 2 1 9 9 6 3 11 3 7 9 8 5 8 4 6 4 8 7 2 2 6 6 8 3 12 9 5 3 5 1 6 2 2 9 5 4 12 5 2 7 12 10 11 8 9 11 7 12 3 4 12 11 3 2 6 4 10 3 4 3 1 1 14 0 8 10 9 7 8 10 7 5 5 3 9 4 12 8 5 1 3 7 2 8 5 6 1 10 5 4 7 13 12 14 9 4 1 6 10 7 10 12 5 2 2 4 8 9 4 3 7 7 2 4 6 6 12 5
2 3 7 4 3 5 10 3 4 5 10 3 3 6 9 6 7 8 3 7 1 3 6 4 6 5 7 7 6 2 7 6 9 1 8 3 5 7 10 10 9 9 4 9 4 4 1 1 2 4 8 7 7 8 8 8 3 9 4 8 1 1 1 1 2 5 2 5 1 3 10 4 2 8 9 1 10 3 8 8 9 4 4 6 10 8 9 5 7 4 1 10 6 9 6 10 0 5 8 3 4 2 4 1 8 4 6 4 5 6 10 10 10 7 9 2 3 10 3 2 4 7 2 5 2 5 3 4 2 4 8 5 6 9 8 6 6 6 1 1 4 10 3 7 10 3 6 2 5 4
5 4 1 11 8 9 5 3 8 2 6 1 6 5 3 2 2 4 11 10 5 11 5 4 3 8 4 9 4 7 10 2 11 2 4 1 3 4 1 5 8 10 2 7 10 6 7 6 9 10 4 8 1 4 2 5 11 9 2 8 6 5 4 2 6 10 8 10 8 11 1 7 2 1 4 11 7 4 3 4 1 2 4 1 3 8 6 11 5 5 11 5 1 8 6 5 4 0 10 1 7 8 9 9 1 2 4 10 5 9 8 2 11 6 1 4 2 1 5 4 1 1 5 7 11 1 5 5 8 9 6 2 1 9 1 7 11 5 6 6 6 1 1 2 11 10 5 3 3 4
8 6 4 1 3 3 3 6 6 8 3 4 5 8 9 5 5 3 4 7 1 5 6 7 5 7 7 8 1 1 9 4 8 5 3 9 2 8 8 5 4 2 9 8 4 8 1 8 7 7 5 8 8 8 8 9 8 3 5 9 5 1 9 8 1 4 4 9 6 5 7 5 3 7 3 9 5 3 4 9 1 9 9 2 2 2 3 5 9 2 4 3 2 4 4 1 5 7 0 4 9 7 3 6 5 3 7 4 5 9 3 8 9 6 3 2 6 1 4 5 4 7 2 7 3 2 7 5 3 9 9 3 4 1 8 1 4 6 5 1 2 5 9 8 1 9 8 5 8 3
1 2 2 2 1 1 1 2 1 1 2 2 2 2 1 1 2 2 1 1 1 2 2 2 2 2 2 2 1 1 1 2 1 2 2 1 2 2 1 2 1 2 2 2 2 1 1 2 2 2 1 1 2 1 2 1 1 1 2 1 1 2 2 2 1 1 2 2 2 2 2 1 2 2 2 1 2 1 2 1 1 1 1 2 1 1 1 2 1 2 2 2 1 1 2 2 1 1 2 0 1 2 1 1 1 2 2 1 1 2 1 1 1 1 1 1 1 2 1 1 2 2 2 2 1 1 2 1 1 2 2 2 1 1 2 2 1 1 2 2 1 2 2 2 2 1 2 2 2 2
10 10 2 3 11 5 9 9 12 9 7 10 13 4 12 12 2 11 7 1 13 10 9 1 3 10 7 5 12 12 11 13 12 12 5 8 13 9 12 7 5 6 11 12 7 12 1 7 11 5 7 1 12 2 13 6 12 1 5 8 8 11 2 1 12 1 8 9 6 13 10 5 7 1 2 8 5 5 7 5 5 6 13 2 1 3 4 9 13 13 6 10 6 2 1 6 3 4 4 6 0 9 8 1 13 6 13 5 3 11 6 12 5 13 11 1 5 7 4 1 1 7 5 4 3 10 8 11 2 7 11 2 10 9 2 2 4 9 5 10 5 5 13 10 11 12 7 10 5 8
1 7 5 2 10 6 6 1 1 7 2 6 2 5 2 6 4 9 5 8 2 10 5 7 5 4 3 10 8 10 2 10 4 3 4 2 1 2 2 1 6 5 4 8 10 7 9 9 4 5 1 4 2 9 7 9 4 8 7 4 7 1 2 9 4 5 6 9 4 6 2 6 3 8 6 7 4 9 2 2 2 3 6 9 2 7 10 5 2 6 9 2 6 10 2 9 4 3 10 7 1 0 7 1 4 8 7 4 3 8 9 2 8 3 6 4 2 8 2 2 2 10 2 2 9 6 9 6 5 9 7 3 6 5 2 6 2 3 3 9 8 4 10 6 6 7 5 2 1 4
5 2 4 6 8 1 2 9 9 2 5 7 5 6 8 7 5 1 8 1 9 1 9 6 2 3 7 6 6 3 2 3 8 8 3 1 5 7 3 5 1 8 4 3 8 8 1 1 3 9 7 8 1 6 5 5 2 7 1 5 7 5 7 1 8 1 5 5 4 4 1 7 5 6 2 4 9 8 3 5 7 8 6 2 2 9 1 9 2 9 6 8 9 7 5 1 2 8 8 2 2 8 0 1 1 3 7 9 1 7 6 8 9 8 5 9 8 8 9 9 3 7 4 6 8 2 2 1 4 3 9 5 6 1 7 2 3 6 3 5 6 5 3 1 3 4 2 8 5 7
6 7 8 9 10 8 8 8 9 1 2 3 6 7 4 9 3 6 3 1 7 9 2 9 4 4 1 7 8 6 8 6 4 6 1 1 5 1 1 5 1 8 3 8 8 7 2 7 5 2 4 2 5 4 6 8 7 4 1 5 5 9 8 6 2 5 6 6 5 8 9 7 10 3 8 6 8 8 4 3 3 10 4 5 1 8 2 7 7 9 4 7 9 10 3 8 4 3 4 10 4 10 1 0 3 10 9 1 1 6 4 3 7 10 3 7 10 4 4 2 2 8 10 6 7 6 9 5 3 6 5 4 10 9 2 1 1 7 1 2 8 1 5 5 2 2 8 6 10 7
11 9 10 5 11 11 8 12 4 1 9 3 5 9 1 1 7 7 1 5 6 4 4 11 6 8 6 12 8 11 4 2 1 5 12 2 11 6 9 3 6 5 4 12 11 8 3 10 5 3 5 2 8 12 12 3 13 2 4 1 1 7 7 4 2 11 3 3 4 11 2 12 10 13 6 3 3 9 9 8 7 12 12 7 13 7 8 8 1 2 9 11 9 5 12 7 3 9 3 13 2 4 2 8 0 4 3 13 6 5 6 13 1 4 10 2 8 7 8 7 3 8 4 2 3 3 11 5 9 3 7 8 7 4 4 12 8 5 5 9 12 3 9 3 7 1 4 9 3 1
1 1 2 3 1 4 2 5 5 3 1 2 5 3 2 4 4 1 1 3 1 2 2 3 3 4 2 2 3 6 1 1 5 1 2 4 4 4 2 3 2 2 2 6 4 5 2 2 2 1 1 2 4 1 3 3 3 4 1 3 6 4 5 6 3 5 3 1 1 2 4 3 2 5 3 1 1 4 1 2 3 3 1 1 2 4 3 2 1 4 3 2 3 1 1 1 4 3 2 3 3 2 3 2 3 0 6 1 4 3 1 5 2 2 2 1 3 1 1 2 5 2 3 2 5 1 4 4 2 2 2 2 3 4 1 5 1 3 1 4 4 1 4 4 5 4 5 4 2 3
1 5 7 7 5 12 5 10 10 4 7 6 1 3 2 12 5 5 5 7 6 4 8 4 6 2 4 4 4 7 6 8 4 5 4 2 4 8 7 1 2 8 8 9 9 7 7 3 7 3 11 9 2 2 8 6 7 6 9 5 4 5 3 8 3 5 7 10 11 8 1 1 10 5 1 11 6 7 3 8 8 1 10 5 8 8 8 1 8 10 7 10 8 9 8 7 8 4 6 7 3 5 8 6 2 8 0 5 9 12 5 1 5 3 10 6 4 1 9 2 9 3 8 4 4 5 4 10 3 5 6 5 7 2 5 10 3 2 8 7 5 6 6 5 6 6 6 2 1 6
3 8 4 8 8 2 3 2 6 5 1 1 2 5 5 4 9 1 8 2 7 2 6 2 4 3 4 4 7 4 1 7 3 4 4 3 8 2 1 1 7 6 7 2 8 9 10 1 1 8 10 5 9 6 2 4 2 4 2 2 2 2 9 7 2 2 6 4 1 5 4 6 5 7 1 5 7 1 2 5 3 1 3 5 7 2 8 4 7 5 6 5 3 1 1 6 8 6 9 2 3 1 2 9 3 2 3 0 7 7 1 2 5 1 2 8 2 3 6 7 2 6 6 6 4 6 7 8 4 2 3 7 9 6 2 4 9 5 3 6 2 3 6 1 10 9 4 5 3 2
5 6 4 7 2 9 4 5 5 7 6 6 3 2 3 5 10 8 4 11 5 7 5 9 5 7 10 3 4 5 10 9 4 3 7 5 3 5 7 2 7 10 4 7 9 10 10 3 9 1 4 6 7 4 8 11 6 4 3 5 11 9 8 2 1 3 4 10 9 1 10 9 4 7 7 5 11 5 4 1 1 8 4 5 9 1 3 8 5 3 5 3 4 11 10 4 7 8 11 3 6 3 5 5 1 4 1 7 0 7 1 5 2 4 2 7 1 8 11 1 5 6 9 11 11 4 11 1 7 11 8 9 5 10 8 1 8 2 10 1 9 3 8 11 9 7 5 7 5 1
4 9 5 9 8 2 7 5 7 3 1 4 3 9 3 5 8 1 7 4 7 3 4 4 1 9 7 5 2 9 8 3 3 3 5 8 4 1 2 8 8 7 2 7 1 3 4 5 4 9 6 6 1 3 1 9 9 1 4 6 1 9 5 9 8 3 7 8 7 6 1 8 8 4 9 9 8 8 6 1 4 9 7 3 6 1 6 3 5 3 9 7 6 5 7 4 3 9 6 4 8 1 8 8 3 7 9 4 1 0 1 4 2 5 4 4 5 8 6 9 7 7 1 3 8 1 1 9 3 4 2 2 7 1 3 3 4 9 8 1 9 5 6 8 7 9 2 5 4 6
1 7 9 8 9 3 3 6 3 5 8 4 9 4 2 6 7 2 9 1 9 2 2 3 6 8 4 3 8 9 7 5 1 4 5 9 1 3 8 4 4 6 3 8 8 8 6 4 6 5 9 7 6 1 1 6 2 8 9 6 2 6 1 4 6 9 2 9 6 1 7 6 7 7 7 3 9 1 4 4 5 5 7 5 5 3 8 1 8 5 3 4 3 6 3 3 8 4 3 4 2 1 8 9 1 7 3 1 4 4 0 1 6 8 3 8 5 3 1 3 9 4 4 2 1 5 2 6 7 1 8 1 4 6 9 4 6 8 7 5 9 2 7 7 6 1 8 9 7 1
3 8 8 7 4 8 8 8 1 3 8 7 2 9 8 9 4 8 2 5 6 1 7 4 3 5 6 4 9 2 8 3 4 6 5 4 9 8 3 7 1 5 7 5 2 4 5 6 5 1 1 1 5 6 7 3 7 1 2 9 9 3 8 6 1 6 8 4 5 8 8 2 5 9 5 1 5 7 3 3 4 4 7 3 3 3 8 1 7 9 5 9 4 7 6 6 3 3 2 2 8 6 4 2 6 9 4 4 2 2 8 0 5 4 8 7 2 3 1 8 5 4 3 7 9 4 4 5 6 9 2 1 7 6 4 8 2 7 5 8 4 7 3 8 4 9 7 3 2 1
7 5 1 7 3 5 7 2 1 6 5 3 8 6 2 9 5 5 10 3 2 5 6 2 8 9 6 4 1 6 1 2 6 10 5 6 6 3 5 4 1 8 2 9 5 5 1 3 3 6 1 10 7 4 1 3 6 7 1 5 6 4 2 4 6 6 5 1 3 2 7 1 2 6 10 5 7 6 4 4 3 6 7 6 9 6 7 3 8 1 6 4 3 5 4 5 10 6 4 1 2 2 6 1 7 1 10 4 4 4 9 2 0 7 1 5 3 2 5 1 7 9 9 5 1 4 3 3 5 2 8 5 1 3 8 2 2 4 6 4 3 7 7 6 6 3 3 2 2 9
6 5 8 2 2 1 7 1 2 3 1 5 2 4 6 6 8 7 2 5 4 1 1 5 4 5 4 2 2 3 1 5 7 4 6 2 8 7 3 7 5 2 5 1 4 8 1 5 4 7 8 7 3 8 3 7 4 6 1 4 3 7 1 7 5 4 7 1 3 1 7 3 7 4 2 3 3 1 6 5 5 6 3 3 5 7 4 6 3 6 2 7 8 4 7 4 2 5 7 6 3 6 2 1 7 7 3 2 3 3 1 5 8 0 4 2 1 7 8 7 5 3 1 3 7 5 7 1 2 5 5 3 8 7 7 3 8 2 6 2 5 7 3 1 8 8 3 1 2 4
4 4 1 1 1 7 1 8 7 5 1 7 8 3 3 6 6 3 6 2 5 3 4 5 7 2 2 4 8 4 6 6 4 5 1 8 7 7 7 1 6 1 7 8 5 7 3 4 6 2 4 4 3 5 7 1 5 2 7 8 6 1 6 8 3 2 2 4 7 5 4 3 3 2 3 6 2 3 7 4 3 8 7 5 1 1 8 7 8 8 6 2 1 1 5 7 7 7 1 2 6 5 4 2 2 6 1 2 4 8 6 6 7 1 0 3 6 6 8 2 1 4 8 1 5 1 6 4 5 1 1 6 2 6 2 6 4 4 4 6 3 4 8 8 1 6 1 4 1 3
8 12 9 8 6 12 7 2 7 3 7 1 10 3 8 11 4 2 4 2 10 11 9 4 10 4 6 4 11 7 9 6 2 10 3 4 10 5 6 3 3 2 2 8 11 7 4 2 7 7 6 11 3 10 3 6 8 2 1 9 8 5 12 11 3 11 8 12 7 10 6 4 12 6 4 12 7 12 8 5 8 2 9 10 5 7 5 10 2 4 3 7 10 9 1 11 5 10 11 9 9 5 3 5 5 5 1 5 1 3 12 8 11 7 11 0 7 3 3 11 7 2 10 4 3 9 7 5 4 6 10 1 3 9 9 2 11 9 3 4 12 11 8 3 12 11 6 1 8 10
1 3 6 9 10 1 3 8 2 5 6 5 8 5 5 4 4 10 2 6 10 1 2 9 7 1 5 11 10 10 2 5 2 9 11 2 6 10 8 3 8 1 4 5 2 8 7 9 10 9 6 7 1 10 5 3 1 10 7 4 11 10 6 7 9 2 5 3 4 3 1 4 11 7 7 9 9 2 7 2 4 7 7 5 3 11 2 6 2 7 2 8 4 5 9 6 4 9 2 9 6 11 5 7 4 10 3 11 9 1 3 5 7 9 2 6 0 3 1 6 9 5 4 4 9 3 7 9 1 4 4 6 9 10 6 4 6 9 1 8 8 6 1 8 5 11 11 8 1 1
1 4 1 2 3 4 4 3 4 1 2 4 2 2 3 1 1 3 4 4 4 6 3 1 4 2 3 3 4 1 3 4 3 2 3 3 2 5 6 4 2 3 1 3 4 4 3 2 4 5 2 3 1 3 3 2 5 4 4 2 1 3 3 4 1 2 4 1 3 1 5 3 4 1 2 3 5 2 3 4 1 1 3 3 1 4 2 5 4 2 3 3 4 3 2 3 2 3 5 5 1 1 4 4 6 4 1 5 4 3 1 2 4 2 6 1 1 0 1 6 2 1 2 5 4 4 2 2 1 5 1 2 1 2 3 4 4 3 6 4 1 3 1 1 6 1 2 1 3 5
6 2 7 7 3 6 10 9 4 8 1 7 9 10 4 7 4 2 7 10 2 8 1 1 7 8 2 2 9 4 1 6 8 9 9 2 7 1 6 7 6 7 9 3 10 2 2 3 9 8 5 7 6 4 4 10 5 6 3 1 5 2 2 1 1 1 2 8 1 5 3 10 5 7 1 10 6 4 1 5 8 5 5 3 2 8 5 4 10 1 2 1 2 1 10 9 1 7 4 7 2 8 10 1 1 8 9 6 1 4 9 2 5 10 5 4 3 1 0 8 8 5 3 4 7 5 10 6 2 5 1 5 10 6 7 10 5 8 6 7 2 2 7 5 9 10 4 1 10 3
3 2 4 8 5 3 2 5 2 2 2 5 7 1 1 6 3 5 4 1 3 2 4 2 1 3 6 6 4 5 2 4 6 4 6 3 7 1 3 5 7 1 4 2 4 6 2 6 3 6 4 7 2 2 5 5 2 3 2 7 5 4 3 5 2 6 2 1 2 3 5 2 3 1 1 1 2 3 3 5 2 2 3 1 2 8 4 5 4 8 2 5 3 1 1 5 4 2 4 2 4 3 6 6 5 7 2 3 5 5 1 5 2 7 3 4 8 3 6 0 2 4 1 4 3 4 2 5 1 2 5 2 4 2 5 3 5 6 7 3 2 3 6 6 3 3 3 7 5 7
8 1 4 8 6 9 7 5 6 5 7 4 5 1 8 9 9 4 4 4 7 7 9 5 4 8 2 6 3 2 1 6 7 1 8 3 2 6 8 2 4 9 2 2 4 7 9 1 5 9 7 5 9 4 3 2 1 8 3 9 5 1 1 8 5 7 5 1 3 3 6 4 6 3 6 8 7 8 4 3 3 9 2 2 4 9 1 3 4 7 8 6 6 1 3 3 3 5 7 2 4 9 2 7 1 4 3 8 4 7 6 7 5 9 4 1 1 2 2 6 0 2 4 7 3 7 1 6 1 2 7 2 1 1 8 1 3 6 7 3 4 2 1 1 5 9 1 3 8 9
5 2 5 4 7 1 1 2 5 5 5 3 4 3 1 5 2 2 5 2 2 1 3 4 5 2 3 2 3 8 6 7 5 5 5 6 6 2 3 7 5 3 3 5 5 5 4 2 1 4 5 1 4 5 5 3 2 5 1 6 4 4 5 1 5 6 1 4 5 5 2 2 3 1 7 3 3 1 4 3 4 1 1 2 6 3 6 1 7 2 4 1 3 5 6 1 2 7 1 6 5 5 1 4 6 2 4 2 5 1 5 4 2 3 5 4 4 5 7 5 3 0 5 6 1 3 4 4 4 4 2 8 1 8 6 5 7 7 2 3 5 3 2 6 7 4 5 3 4 1
6 2 5 1 1 1 1 4 7 4 2 7 1 7 3 2 4 3 3 4 4 4 1 8 4 3 2 1 2 5 2 4 1 3 2 2 2 5 3 2 2 2 5 2 7 7 1 7 2 6 5 1 6 5 1 5 7 5 1 3 8 2 6 1 3 6 4 4 4 5 5 1 4 7 1 7 5 2 5 4 3 1 1 8 7 3 4 5 1 1 5 7 3 4 4 5 2 6 7 4 6 3 3 2 4 8 2 5 8 1 4 3 5 1 6 7 1 2 3 3 2 1 0 4 1 7 1 1 6 4 3 5 1 4 2 3 1 1 2 6 6 6 4 2 3 1 7 7 3 2
1 4 1 3 3 4 3 3 2 3 4 1 3 2 3 1 1 2 1 1 2 4 3 1 2 2 1 1 4 2 1 2 1 3 1 4 3 4 2 3 2 3 2 4 2 4 2 3 3 3 4 1 1 4 1 3 3 2 2 1 4 3 2 3 1 2 1 1 3 3 1 3 2 1 4 3 4 2 3 3 2 3 1 2 2 2 1 2 1 3 1 2 3 4 2 4 1 1 1 3 1 2 3 3 3 2 2 2 2 2 1 3 2 2 2 1 3 4 2 4 4 3 1 0 3 2 1 1 2 1 1 2 4 4 3 2 2 2 1 1 4 2 2 1 3 1 2 1 4 1
2 2 2 1 2 2 1 2 2 1 2 2 1 1 1 2 2 1 2 2 1 1 2 1 2 1 2 2 2 1 1 1 1 1 1 2 2 2 1 1 1 1 2 1 2 2 1 2 2 2 1 1 1 1 2 1 2 1 1 2 1 1 1 2 1 2 2 1 2 2 1 2 2 2 1 2 2 1 1 1 1 2 2 1 2 1 1 1 1 2 1 1 1 1 1 2 2 2 2 2 1 2 1 2 2 1 2 1 2 1 2 2 1 2 2 2 2 1 2 2 1 1 2 1 0 2 2 2 2 1 1 2 2 1 2 1 1 1 2 1 1 2 2 2 2 1 2 2 2 2
5 4 3 7 3 7 4 5 4 5 3 1 3 6 3 6 5 8 4 4 3 4 4 1 2 3 8 1 4 2 4 7 1 6 6 5 5 1 6 5 5 1 8 1 2 5 2 5 1 7 6 4 6 5 5 2 1 7 3 3 3 2 3 5 6 6 2 8 5 7 4 8 5 6 5 2 3 5 8 1 8 8 1 5 4 8 1 8 6 4 7 4 5 2 5 6 1 1 2 2 2 2 8 1 4 3 5 6 7 5 8 3 6 6 7 1 7 1 5 5 3 1 4 5 8 0 5 2 2 7 8 4 4 8 5 8 6 3 2 8 5 4 3 4 4 1 6 2 5 7
8 12 1 7 5 12 2 10 10 6 7 1 11 4 10 2 7 8 9 3 1 11 6 6 7 6 4 11 6 5 2 2 2 10 14 7 11 12 5 9 1 1 9 1 4 3 10 5 4 11 1 3 2 3 3 4 6 7 2 5 4 6 3 8 12 2 1 1 8 3 5 2 5 5 3 4 3 11 10 9 4 4 8 9 4 8 8 9 7 3 1 7 12 13 11 5 9 3 13 11 1 13 5 12 8 3 2 2 8 5 7 12 9 1 4 4 2 8 12 5 8 1 5 5 7 14 0 1 7 12 3 2 8 4 1 1 6 10 4 3 9 8 2 8 9 4 7 2 7 7
9 6 8 3 7 7 9 5 8 2 9 7 6 1 8 4 3 6 3 7 1 4 2 9 2 8 2 4 1 4 6 3 6 1 6 8 3 7 6 6 4 5 5 1 3 3 5 5 6 2 3 4 1 1 1 9 9 3 5 7 6 4 6 8 1 3 1 1 8 1 9 1 1 5 1 9 6 3 9 4 4 2 8 8 8 2 4 1 4 8 6 1 7 3 8 7 2 6 8 4 1 9 3 9 3 4 9 5 3 7 2 8 1 8 5 7 6 2 7 5 7 3 1 9 9 9 4 0 6 6 9 8 2 2 8 9 5 3 7 4 2 3 3 9 4 3 9 1 3 1
1 5 4 6 1 12 5 11 9 5 9 6 4 2 9 1 7 7 1 7 12 7 5 3 8 9 2 2 6 7 3 3 6 2 4 1 1 4 4 5 2 11 12 7 7 1 2 11 8 7 11 5 10 5 3 4 5 11 11 4 7 8 5 7 7 9 9 6 6 2 11 1 3 5 10 5 5 13 3 7 2 13 5 6 9 10 1 9 3 4 6 6 3 5 1 4 1 3 9 9 4 11 4 2 8 3 11 5 4 9 7 8 7 8 9 12 2 10 2 4 7 5 1 8 8 6 10 2 0 8 3 4 9 6 3 10 7 2 9 1 6 2 4 5 4 11 7 3 6 2
10 8 6 4 9 2 3 11 4 2 8 8 10 6 3 6 5 4 8 6 1 7 8 7 6 4 5 4 3 2 4 1 5 11 4 8 9 2 3 1 2 10 4 3 11 1 10 6 2 7 8 1 7 2 1 2 5 6 9 8 7 8 9 2 10 5 4 3 9 9 9 3 3 4 8 9 5 2 8 6 2 2 9 7 11 11 5 4 2 9 4 6 8 7 9 4 6 6 1 9 1 1 8 2 4 7 5 8 8 6 4 11 1 3 5 4 1 10 3 5 7 1 9 3 11 4 7 2 3 0 8 7 4 4 8 9 2 5 6 5 4 1 10 5 1 8 3 10 5 4
9 9 6 8 2 6 9 5 4 2 4 7 2 2 9 7 2 11 8 5 9 8 9 1 11 1 8 7 8 3 4 4 9 2 9 8 1 3 5 11 5 9 1 3 6 2 8 7 4 7 13 3 2 7 8 1 4 4 2 4 10 1 6 4 10 3 6 6 4 1 4 8 8 6 10 5 6 8 2 12 11 2 1 6 6 9 5 2 6 7 12 3 3 10 10 9 12 7 8 5 12 1 2 6 9 2 2 2 4 4 8 8 4 4 5 14 5 10 3 8 9 11 5 1 5 7 8 7 7 4 0 11 3 14 6 8 2 11 9 6 10 4 2 2 5 1 4 7 4 2
10 3 4 2 6 2 7 3 1 10 3 7 6 4 6 3 3 7 6 5 1 5 9 1 6 5 7 9 3 3 11 6 8 3 7 6 1 10 11 9 3 5 6 1 8 1 10 11 10 10 9 6 5 8 4 5 10 8 4 6 5 5 7 8 5 7 2 7 3 2 11 5 2 9 7 2 8 8 8 10 10 9 8 3 9 8 3 10 7 5 5 5 2 7 7 4 2 3 3 5 1 5 5 2 9 11 10 3 1 9 10 10 8 7 6 2 9 7 11 9 6 5 7 11 10 11 4 9 10 4 5 0 9 4 9 5 5 5 1 4 11 8 11 6 6 2 8 7 3 2
6 5 8 9 2 6 8 2 1 3 3 1 6 2 1 11 4 10 12 1 2 4 12 6 3 10 9 1 2 3 1 7 6 2 6 3 3 12 1 3 12 7 9 9 1 8 1 5 4 8 6 7 4 7 5 2 4 3 8 8 1 2 2 5 10 2 12 2 2 4 2 5 4 6 5 8 4 3 4 6 10 12 2 3 5 1 3 11 6 7 7 2 3 5 8 1 8 10 5 9 3 10 6 1 2 7 4 7 1 4 8 8 4 2 4 10 3 6 6 6 1 8 8 1 6 2 3 5 5 1 6 7 0 1 8 5 9 5 4 3 7 6 4 1 3 3 6 7 6 1
1 5 5 10 3 1 2 6 4 13 3 13 4 8 9 8 7 8 1 7 7 13 6 5 8 14 10 8 10 13 11 12 14 8 1 13 14 7 12 6 2 7 9 1 10 1 4 5 10 3 3 8 14 10 1 14 13 14 5 5 5 11 6 9 8 5 11 10 2 1 10 14 14 12 2 8 7 5 1 2 10 5 6 12 11 9 8 5 3 9 6 1 6 3 13 8 3 2 12 14 13 2 5 10 7 10 3 5 2 5 13 11 2 5 8 14 1 8 11 13 14 10 6 7 13 8 6 14 12 11 1 13 13 0 13 12 3 2 10 13 10 1 1 8 6 2 3 5 5 7
5 2 3 1 2 2 3 2 3 1 4 4 2 7 4 4 7 4 6 4 5 4 2 2 7 1 6 3 1 5 3 3 2 2 2 2 4 6 2 3 7 7 5 5 2 1 1 5 8 4 3 3 6 5 2 4 7 3 1 5 1 2 5 4 2 3 5 6 5 6 2 4 1 5 6 6 7 2 3 2 4 8 2 3 5 7 5 1 3 1 7 6 1 5 7 2 3 5 7 5 4 7 2 6 4 1 6 1 3 8 2 4 5 3 5 1 5 4 2 5 2 6 2 2 3 4 1 1 1 4 5 3 7 4 0 7 3 4 4 5 8 3 2 1 6 2 3 3 2 3
10 12 5 3 11 3 2 3 13 5 1 2 6 9 4 1 6 14 6 3 4 2 12 4 13 6 1 2 3 12 2 7 8 3 6 2 11 6 2 10 11 5 7 3 4 3 8 4 11 4 8 8 2 9 4 4 13 1 3 6 9 4 5 9 10 9 12 11 4 5 10 5 6 4 11 4 1 14 6 9 9 14 11 3 9 12 1 4 8 3 11 4 12 5 7 3 7 10 3 8 4 6 7 3 8 4 4 10 10 1 8 6 9 4 8 10 7 5 6 7 8 10 1 6 3 1 6 5 11 5 12 9 1 6 8 0 11 9 6 5 1 8 4 7 2 8 9 4 10 1
2 2 2 2 1 1 2 1 1 2 2 2 2 1 1 2 1 1 1 2 2 2 1 2 2 1 1 1 1 1 1 2 1 2 2 2 1 1 2 1 1 1 2 1 2 1 1 2 2 2 2 2 2 1 2 2 1 1 1 1 2 1 1 2 1 1 2 2 2 1 2 1 2 2 1 1 2 1 2 1 2 2 2 1 1 2 1 1 2 1 2 1 2 1 2 1 2 1 1 2 2 1 2 2 2 2 1 2 1 2 2 2 2 2 1 1 1 2 2 1 2 2 2 2 2 1 1 1 1 1 1 1 1 1 1 2 0 2 2 1 2 2 1 1 2 1 2 2 2 1
11 2 5 13 9 14 5 4 7 1 15 1 13 8 15 1 11 6 12 14 2 11 12 4 3 7 13 13 5 14 9 6 1 3 11 4 2 4 15 12 13 9 10 7 5 6 7 6 11 13 11 8 1 7 15 7 11 5 14 5 4 1 9 1 8 5 3 7 12 13 8 7 8 4 5 8 11 6 9 13 5 4 10 2 2 15 5 1 8 9 6 9 2 12 11 4 1 12 1 1 1 3 9 6 10 13 11 5 8 12 5 14 13 7 10 1 4 5 15 7 9 1 15 3 7 15 2 2 4 10 12 12 6 3 6 3 1 0 13 9 10 14 14 2 4 12 1 6 6 10
8 1 7 7 10 7 2 5 5 3 3 5 1 7 4 5 4 1 7 6 3 7 6 3 2 2 6 2 8 7 3 5 5 2 6 7 9 5 4 5 2 5 4 3 7 7 3 3 6 5 3 1 4 2 2 3 8 2 3 4 8 2 7 3 10 5 2 8 4 7 8 3 4 4 2 3 10 6 4 3 1 5 3 8 8 4 4 7 4 2 10 1 1 4 7 6 2 9 7 2 9 4 2 5 2 5 6 4 4 9 5 9 3 2 3 7 5 6 8 9 3 7 1 10 7 10 7 6 2 4 5 6 3 3 2 6 2 1 0 1 3 7 4 7 1 7 5 5 5 1
1 5 2 2 2 6 3 3 4 6 1 4 4 7 2 5 1 5 4 3 8 4 4 1 3 8 8 6 1 2 1 3 1 1 8 4 5 3 7 5 2 8 6 7 4 3 1 3 2 5 4 3 7 4 2 2 2 5 7 1 2 1 5 2 2 3 4 7 6 4 4 5 4 1 1 2 5 4 7 1 5 4 5 2 2 4 3 1 3 6 4 3 5 6 5 6 2 2 3 5 7 3 3 7 1 2 3 4 2 4 4 5 5 3 1 4 2 2 5 5 5 6 4 4 6 2 2 4 2 2 3 5 7 5 5 3 5 1 8 0 1 5 2 1 3 5 3 2 3 1
5 4 6 5 7 4 9 3 8 6 10 8 8 4 7 9 2 2 6 4 2 10 4 2 10 2 1 9 5 6 7 3 3 4 8 2 8 8 2 8 3 9 6 7 9 3 9 7 9 1 5 8 2 8 6 6 1 5 4 2 3 3 6 9 3 7 10 8 3 9 11 6 6 5 5 2 5 6 7 3 3 4 7 8 2 7 9 4 4 1 10 5 8 5 1 1 8 4 3 9 9 11 10 6 2 2 1 4 3 2 9 6 8 9 10 11 7 2 11 4 11 8 10 4 4 11 2 4 11 5 9 4 2 10 1 3 10 5 3 9 0 2 5 1 6 4 8 11 5 3
9 3 10 5 9 11 6 6 9 11 9 5 7 9 11 7 6 3 7 9 2 7 6 5 3 10 4 6 1 4 7 3 5 9 6 3 7 1 5 9 5 2 6 7 10 4 10 8 5 5 1 2 4 5 11 9 1 13 1 9 5 4 6 12 7 9 2 1 8 4 2 6 5 4 9 11 1 1 2 5 7 4 12 3 2 2 11 3 3 7 8 10 4 3 3 8 6 3 2 8 8 2 10 3 11 2 7 6 3 4 2 6 2 11 4 3 12 8 5 11 4 2 7 1 4 4 4 5 9 4 5 12 8 2 2 12 4 8 3 6 10 0 5 10 4 7 13 10 1 6
1 1 2 1 2 2 2 1 1 2 1 1 1 2 1 2 1 1 2 2 2 2 2 2 1 1 2 1 1 1 2 1 2 2 1 1 1 1 2 1 2 1 2 2 2 2 1 2 2 1 1 1 2 1 2 1 2 1 2 1 1 1 2 1 1 1 1 1 1 2 1 2 1 1 2 1 2 2 2 1 1 2 1 1 2 2 1 1 2 1 2 2 2 2 1 2 2 1 2 2 1 2 2 2 2 1 2 2 1 1 2 2 2 1 2 1 2 1 2 2 1 1 1 2 1 1 1 1 1 1 1 2 1 2 2 1 2 1 1 2 2 1 0 1 2 2 2 2 2 2
8 12 2 5 3 9 3 12 5 9 9 12 4 8 11 5 8 9 5 5 3 4 11 2 2 3 1 8 6 4 5 2 8 4 4 6 9 9 12 4 11 1 11 6 1 10 7 2 12 3 5 6 4 10 9 7 1 6 5 5 5 9 4 1 6 7 10 10 5 9 8 3 11 2 3 11 4 3 4 4 3 10 10 10 5 5 7 2 3 1 9 4 9 4 7 2 10 4 11 6 6 9 11 5 4 9 1 9 4 12 11 8 11 7 4 10 7 10 6 8 4 9 12 11 12 9 5 2 9 10 11 10 3 7 9 4 10 7 5 11 9 7 2 0 4 4 11 3 1 6
9 5 1 11 6 6 8 2 13 12 7 5 10 1 3 4 1 8 10 11 2 10 4 1 11 4 8 1 7 10 10 13 4 12 13 13 4 13 11 7 5 12 6 9 6 1 9 8 3 7 7 6 5 5 8 13 11 7 3 3 7 1 9 5 2 12 3 6 1 4 10 10 1 8 8 9 6 5 8 9 3 8 1 12 2 7 13 4 10 7 10 12 4 4 7 1 5 8 1 3 1 10 8 4 6 7 7 8 3 3 6 10 4 11 7 5 7 6 13 1 13 3 1 7 5 10 7 2 8 9 6 9 6 7 7 13 3 11 10 4 7 2 12 2 0 6 3 6 2 11
1 3 3 4 1 3 5 1 4 4 4 1 6 4 1 2 1 3 3 2 2 1 1 1 5 4 3 1 5 2 1 1 6 1 2 5 4 2 4 3 1 4 2 1 4 4 1 3 4 2 4 5 3 2 2 1 4 1 4 5 1 5 2 3 4 3 2 3 2 6 5 4 1 2 1 2 1 1 3 1 5 5 2 1 6 4 5 1 4 4 1 3 2 2 1 1 2 6 5 3 1 2 3 3 3 1 4 2 6 2 2 2 2 1 1 5 3 4 1 4 2 4 4 3 1 5 5 5 2 1 2 1 2 3 3 6 2 6 6 4 1 4 5 1 2 0 4 3 5 1
5 1 6 2 3 9 3 2 7 5 2 7 11 6 5 7 6 5 7 2 3 7 2 6 4 4 4 5 1 5 10 4 7 2 12 2 6 6 8 6 9 1 3 6 6 4 8 2 1 4 8 11 10 4 6 1 2 3 3 5 4 1 6 4 7 3 8 12 9 2 5 5 2 1 5 5 1 5 9 5 11 2 3 9 1 7 8 6 11 5 10 9 11 7 8 2 9 5 1 4 10 4 4 7 6 8 6 1 3 7 4 4 9 6 6 7 10 10 5 7 2 1 3 8 5 5 10 3 6 4 4 9 8 5 7 9 4 1 4 2 10 5 4 6 3 5 0 5 3 7
5 1 5 1 4 5 3 1 9 6 2 5 4 3 1 3 6 8 4 2 6 10 1 5 6 8 2 1 6 4 5 1 6 1 3 7 3 5 7 6 1 2 8 5 9 5 3 3 2 1 6 2 4 1 9 2 7 8 7 6 1 7 8 8 1 7 2 4 4 2 10 7 8 1 10 5 7 6 1 4 4 2 5 4 1 7 4 1 2 2 3 6 3 5 8 1 7 7 6 2 4 8 2 8 3 2 1 1 3 10 7 5 7 2 5 4 4 2 9 6 3 3 9 3 2 1 5 2 1 6 4 3 6 3 4 3 6 5 4 6 1 1 7 6 4 6 5 0 3 7
1 3 4 1 2 2 3 3 1 1 1 2 2 3 1 2 3 2 1 2 1 2 2 1 3 1 2 2 1 1 4 1 4 2 1 1 2 2 4 3 2 1 3 2 2 3 3 2 2 1 1 3 3 1 3 3 1 1 3 3 2 2 2 4 3 2 2 4 4 2 3 3 1 2 4 1 1 4 1 3 3 1 1 1 2 3 2 1 3 2 1 3 1 3 1 2 4 2 2 2 2 2 4 1 3 1 2 2 2 3 3 1 2 4 1 1 1 1 2 1 3 3 2 1 4 4 4 1 1 2 1 2 2 3 3 3 2 3 1 3 2 3 3 1 3 4 2 1 0 4
1 3 3 2 2 3 1 3 2 3 3 3 3 2 1 1 2 3 2 1 1 2 2 2 3 3 3 3 4 2 4 2 1 3 3 3 4 4 1 1 2 3 1 2 4 3 3 1 4 3 4 2 3 1 3 2 2 1 1 1 3 4 1 1 4 1 3 1 1 2 1 1 3 3 4 1 3 3 4 1 3 3 2 3 1 3 3 2 1 3 2 4 2 2 3 2 3 1 2 1 1 2 4 2 2 4 1 3 2 1 3 4 3 2 1 3 2 1 1 4 3 3 2 1 2 2 3 2 3 2 3 4 2 1 1 2 4 1 2 1 3 4 3 2 1 4 1 1 4 0