200
19 5 91
21 6 117
24 3 82
25 1 116
29 4 76
20 1 79
24 3 128
15 6 121
17 5 110
10 1 102
19 206 282
12 206 318
22 201 320
13 204 320
12 202 284
12 206 300
10 201 284
21 206 314
17 203 282
20 204 329
22 404 512
26 404 488
15 401 526
27 405 510
12 401 495
29 405 521
14 403 505
15 406 490
15 401 498
24 405 500
24 605 700
25 602 681
21 604 693
12 606 694
20 604 672
24 601 715
12 604 675
20 603 692
28 603 695
18 604 721
29 801 926
10 802 903
17 801 903
11 803 874
10 805 920
27 804 885
17 801 913
13 802 928
10 802 895
28 802 922
21 1005 1123
29 1002 1123
28 1003 1088
25 1005 1070
24 1003 1127
21 1003 1080
13 1006 1108
11 1004 1070
21 1001 1094
29 1002 1077
27 1201 1309
21 1206 1296
20 1205 1289
18 1201 1291
19 1204 1273
11 1206 1308
18 1205 1323
15 1201 1323
21 1201 1320
13 1203 1327
18 1403 1504
24 1402 1529
26 1405 1514
24 1402 1485
19 1401 1498
13 1401 1500
16 1403 1510
19 1405 1485
12 1406 1504
24 1401 1507
14 1604 1671
17 1606 1699
26 1605 1716
14 1605 1729
24 1603 1704
25 1606 1699
15 1604 1700
14 1606 1678
10 1602 1726
22 1602 1697
11 1802 1912
16 1804 1905
22 1802 1887
17 1803 1904
18 1805 1902
28 1803 1893
25 1804 1924
13 1801 1894
22 1804 1895
10 1805 1873
28 2003 2125
20 2005 2122
11 2005 2075
28 2001 2104
17 2005 2101
26 2006 2111
24 2006 2092
14 2004 2093
17 2004 2081
28 2002 2129
13 2203 2323
23 2201 2299
24 2205 2285
25 2205 2283
27 2203 2301
25 2203 2277
25 2202 2312
19 2205 2284
29 2206 2303
27 2203 2285
14 2402 2517
20 2402 2522
16 2402 2500
15 2402 2514
18 2403 2510
17 2405 2499
22 2402 2495
26 2405 2523
26 2403 2504
21 2405 2511
21 2604 2704
11 2603 2689
17 2606 2697
22 2604 2724
11 2602 2708
27 2604 2701
14 2602 2725
25 2601 2729
18 2605 2726
26 2605 2693
28 2801 2897
11 2805 2899
24 2801 2916
16 2805 2887
16 2802 2921
27 2803 2875
21 2803 2908
19 2805 2891
16 2802 2892
12 2806 2884
12 3004 3108
28 3001 3107
16 3004 3074
18 3004 3108
11 3001 3106
18 3005 3106
22 3006 3119
11 3006 3127
10 3004 3121
11 3001 3075
23 3201 3287
14 3202 3314
24 3206 3293
24 3205 3315
23 3203 3283
25 3201 3306
26 3206 3320
15 3205 3290
12 3203 3317
28 3205 3279
12 3401 3481
21 3401 3521
23 3404 3501
12 3405 3522
12 3403 3493
20 3404 3471
28 3402 3495
16 3405 3495
17 3406 3477
18 3406 3492
28 3604 3718
11 3602 3718
10 3606 3692
29 3602 3684
19 3603 3714
16 3604 3676
13 3603 3688
17 3603 3717
17 3606 3681
15 3602 3678
28 3804 3915
25 3806 3884
28 3803 3924
15 3806 3887
27 3802 3881
23 3804 3898
20 3805 3876
25 3802 3914
13 3806 3875
29 3803 3920
0 3 1 3 1 4 1 1 4 2 1 4 3 3 3 4 2 3 4 4 2 1 4 3 2 3 1 1 3 1 4 1 3 2 4 4 1 3 2 2 1 4 4 2 3 2 2 1 2 1 1 2 3 2 3 2 4 4 3 2 3 3 3 1 3 1 3 2 1 4 2 3 4 2 1 4 1 4 2 3 3 3 4 2 1 2 4 1 2 2 3 1 4 1 3 4 3 1 4 2 1 4 2 3 1 3 1 1 2 1 3 2 3 1 2 3 4 3 2 2 3 4 1 2 2 1 1 2 2 2 2 1 3 3 3 4 3 1 2 4 2 1 4 2 3 4 4 3 1 1 3 2 1 3 2 3 3 2 4 3 1 1 3 3 2 3 2 1 3 4 2 3 1 2 4 2 1 3 3 3 4 2 1 1 2 1 2 1 4 1 3 2 2 2 4 2 4 1 3 1
4 0 2 4 1 1 2 2 2 1 4 3 3 1 4 3 4 2 3 4 3 3 4 3 2 3 1 1 1 3 3 4 1 3 3 4 2 4 3 2 4 2 4 3 4 3 4 4 4 4 3 2 4 4 4 2 3 4 3 2 4 3 1 2 1 1 1 4 1 1 1 3 1 1 1 1 1 4 4 1 1 4 4 3 2 3 4 3 3 1 1 4 2 2 1 4 2 3 4 4 3 4 1 2 1 3 4 2 4 4 4 1 3 2 1 3 4 4 4 2 4 2 2 4 3 4 4 3 3 2 3 1 2 3 4 1 2 1 2 1 4 2 4 2 3 3 4 4 1 3 1 2 2 1 1 4 2 1 2 1 4 1 4 4 2 2 2 2 2 3 3 2 3 3 3 4 3 2 4 2 3 4 3 4 3 4 1 4 4 3 4 3 2 4 4 2 2 4 1 2
4 3 0 3 3 4 4 4 2 4 3 3 4 4 4 4 2 3 2 4 1 1 1 1 1 3 4 3 3 1 1 2 1 3 2 1 1 1 2 2 2 4 3 3 4 1 4 4 2 1 2 1 1 1 3 2 4 3 3 4 3 3 2 1 2 1 4 2 3 1 3 2 1 3 2 1 3 4 2 2 2 2 3 3 4 2 2 2 4 1 1 3 3 3 1 1 2 3 2 3 1 4 3 4 4 1 1 1 2 1 4 1 2 2 3 2 3 2 2 3 4 3 1 4 1 2 1 3 4 2 2 4 3 4 3 1 3 2 1 1 2 4 2 2 4 4 1 2 1 1 3 4 3 1 1 1 2 4 4 1 4 2 4 1 2 1 4 4 2 2 2 3 2 1 2 4 3 4 4 2 3 4 1 4 1 4 2 1 3 3 4 4 4 2 1 2 3 2 2 3
1 4 4 0 1 1 3 2 3 4 3 1 3 3 1 1 2 2 1 2 1 4 4 3 4 4 3 4 3 1 3 4 1 4 1 3 2 2 1 2 1 1 4 4 3 4 1 1 3 4 2 3 2 2 2 3 4 4 3 2 1 3 1 2 4 2 4 3 3 4 1 3 4 1 4 3 4 2 3 1 3 3 2 1 1 2 4 3 4 3 2 4 2 2 4 4 3 4 1 1 2 2 4 3 3 4 1 1 3 2 4 4 4 1 3 1 1 3 1 1 1 1 1 2 1 3 4 3 2 3 3 4 1 1 4 3 1 1 4 3 4 2 2 4 3 1 3 4 4 2 4 3 2 4 1 1 4 2 3 1 2 3 3 3 4 1 3 4 1 1 4 3 2 2 4 4 4 4 2 2 4 4 2 2 4 1 2 1 2 2 4 4 1 2 1 1 2 4 4 2
1 1 2 2 0 4 4 3 3 4 4 2 3 1 2 3 3 1 4 1 1 2 1 3 3 3 4 2 1 3 2 4 1 1 4 1 3 2 4 2 3 2 2 2 3 1 3 3 4 3 1 1 3 3 1 4 3 4 4 2 1 3 2 4 3 2 3 4 2 3 2 3 4 2 4 4 3 1 3 1 4 2 2 4 2 3 1 2 3 4 3 1 1 4 2 3 1 3 3 1 4 1 4 1 4 3 2 3 3 1 2 3 4 1 4 2 4 4 4 3 2 2 4 1 1 2 2 3 1 2 1 2 2 4 4 4 3 3 2 1 2 2 3 2 4 1 2 2 3 3 4 4 2 1 1 4 2 1 4 3 2 2 3 4 2 2 4 1 3 4 2 2 2 4 1 4 3 3 1 2 4 3 1 2 1 3 4 1 2 1 3 1 3 4 2 2 1 2 3 3
3 2 1 3 1 0 2 1 4 2 2 2 1 3 2 4 3 2 2 3 1 4 1 1 3 1 3 1 4 1 2 4 1 4 2 3 1 4 3 1 4 4 4 4 3 3 1 4 3 4 2 2 4 3 2 1 3 3 1 1 2 2 3 4 4 1 3 2 4 3 2 1 2 4 3 1 4 4 2 2 2 3 2 1 1 3 2 3 1 4 1 3 1 2 1 2 3 3 1 3 3 2 2 3 3 4 3 1 4 2 1 2 4 4 3 2 3 1 2 4 4 2 3 2 4 4 3 3 4 4 4 2 2 4 3 3 1 4 4 2 4 2 1 1 1 4 1 3 1 2 1 4 4 4 3 3 1 2 2 3 2 3 3 1 2 4 2 2 4 3 3 1 2 2 2 3 4 2 2 2 1 4 3 2 3 4 4 2 4 1 3 4 4 4 2 3 3 4 1 3
2 1 3 2 4 3 0 2 2 2 3 3 1 3 1 4 2 1 1 3 4 4 3 2 4 2 3 3 2 3 3 4 3 1 3 4 1 1 4 2 4 4 1 1 1 4 1 4 1 4 1 1 4 4 2 3 3 3 4 2 2 3 1 2 4 2 4 3 4 2 4 1 4 4 1 4 3 4 3 1 2 1 2 1 2 2 2 2 4 3 3 4 2 4 4 1 1 3 1 3 2 1 3 1 4 2 4 4 4 2 2 4 4 4 1 2 2 2 4 3 2 1 4 4 3 3 3 4 3 4 4 1 4 1 3 4 3 1 3 1 4 4 3 2 4 1 3 1 2 4 2 4 1 2 4 2 2 2 4 4 4 3 2 4 2 2 2 3 1 2 3 2 1 4 4 2 2 3 2 3 2 4 4 1 2 1 4 2 1 1 2 3 4 1 3 4 4 1 3 1
3 2 4 1 4 1 1 0 1 3 3 4 1 2 1 2 2 1 4 1 1 2 4 1 3 4 2 3 2 1 2 4 4 1 3 3 2 3 3 1 2 1 1 1 2 1 1 1 3 1 3 4 4 1 2 4 2 1 1 3 3 2 3 3 2 2 3 3 4 1 4 4 3 4 1 3 3 2 4 4 2 2 4 4 2 2 3 4 2 2 3 1 4 4 2 2 4 1 3 4 2 2 2 2 2 3 1 4 3 4 4 3 3 2 3 3 4 4 1 4 4 2 3 4 4 2 1 3 4 3 3 2 3 2 1 1 1 2 2 4 2 2 3 3 3 3 2 2 2 3 3 4 2 4 2 2 2 2 1 1 2 4 4 4 3 3 3 3 4 1 3 2 3 3 4 2 4 3 4 3 4 3 4 4 1 2 1 3 1 1 4 1 4 4 2 1 2 3 1 2
2 3 4 1 4 4 4 4 0 3 2 4 4 2 1 2 1 1 2 1 1 2 3 4 1 1 4 4 1 4 4 2 2 1 1 1 3 4 3 1 2 1 4 1 3 2 2 3 1 3 3 4 4 1 1 2 1 2 1 3 4 3 4 3 4 2 4 4 1 3 2 3 3 2 1 1 4 4 2 1 1 1 2 4 2 4 2 4 4 4 2 4 1 4 4 1 2 2 2 2 2 1 1 3 2 1 2 4 4 4 4 3 3 2 1 1 3 3 2 1 1 3 2 4 1 4 1 4 2 3 3 3 2 4 3 4 1 2 1 4 1 4 3 2 3 3 2 1 4 3 4 2 2 1 4 3 1 1 3 2 2 2 4 4 4 2 3 3 2 1 1 1 1 2 2 1 4 2 2 4 3 2 1 3 1 1 3 2 2 4 4 1 1 4 4 3 1 3 3 1
2 2 4 4 4 2 1 3 3 0 1 4 1 3 1 2 4 3 3 1 3 2 3 4 4 3 1 1 1 4 4 2 4 3 4 4 4 2 3 3 2 4 3 4 3 4 1 1 1 2 2 3 2 4 3 1 2 4 4 3 3 2 2 4 1 3 1 4 2 4 2 2 1 4 1 2 2 2 2 2 4 2 4 1 1 2 3 1 1 3 3 3 4 4 3 1 4 1 2 4 3 1 4 3 3 3 2 4 4 3 2 3 4 2 3 4 2 3 3 3 1 3 2 4 2 3 1 4 3 2 3 1 3 1 2 2 3 2 2 2 3 1 1 3 1 1 4 4 3 2 3 1 4 4 4 2 4 1 2 3 3 2 1 4 4 1 3 2 1 1 2 3 4 2 2 3 4 4 4 1 3 3 4 2 3 1 1 2 1 2 4 3 1 4 2 4 1 1 1 1
2 1 1 1 2 3 4 4 2 1 0 3 1 4 2 2 3 2 2 2 1 4 3 1 3 1 1 2 3 4 1 2 2 1 2 2 3 1 3 4 3 1 3 4 3 1 2 1 4 3 1 3 4 4 1 1 3 3 3 4 3 2 4 1 4 2 3 2 4 4 2 4 4 4 2 3 3 3 1 3 3 3 1 1 4 2 3 3 3 4 1 3 4 1 3 3 1 1 2 2 1 2 3 4 1 1 4 1 3 3 3 3 4 2 3 1 2 4 1 4 1 3 3 1 1 1 2 2 3 4 2 4 1 4 1 3 1 3 3 1 1 2 3 2 2 2 4 4 2 4 4 2 4 1 2 4 3 1 3 4 4 2 3 2 2 4 3 4 3 2 3 2 1 1 3 3 1 2 2 4 3 3 1 4 2 2 2 3 4 4 2 3 3 4 2 4 2 1 2 2
1 1 4 3 3 4 4 2 3 4 2 0 2 1 4 2 4 4 2 2 3 3 2 2 4 1 4 2 3 3 2 4 3 3 1 2 1 2 3 1 2 1 3 2 4 1 4 1 4 2 4 3 3 4 2 3 4 2 4 3 3 4 1 4 2 1 1 1 1 4 2 1 3 4 2 3 4 2 4 2 3 4 1 4 2 3 2 4 3 1 3 3 2 2 1 2 2 3 1 3 2 3 2 1 3 2 1 4 4 4 1 2 4 1 2 2 3 4 3 1 4 2 3 1 3 3 2 3 4 4 2 3 3 4 1 4 2 1 4 2 2 4 4 4 1 2 4 1 2 4 2 4 3 2 2 4 3 2 4 2 2 2 4 4 1 3 1 2 2 4 1 1 2 4 1 4 2 4 4 1 3 1 4 1 3 1 1 1 3 4 2 4 1 3 3 4 3 4 4 3
1 4 4 4 3 1 4 1 4 3 4 2 0 1 3 4 1 1 4 3 4 2 2 1 1 3 2 3 3 1 1 2 2 2 2 4 4 3 1 1 1 4 3 1 1 1 1 4 1 2 4 3 2 4 1 1 2 3 3 1 4 3 2 2 2 1 1 4 3 1 3 3 3 1 1 1 3 2 3 2 4 3 4 1 4 2 2 4 4 2 2 2 1 3 4 1 3 2 2 1 1 2 4 4 2 3 2 4 2 4 1 1 1 1 2 1 3 4 3 2 4 1 1 2 2 3 4 4 2 3 3 4 3 1 2 2 1 2 4 3 1 2 1 3 4 3 4 2 4 4 1 2 2 3 4 4 1 2 4 2 4 1 3 1 3 1 2 1 4 1 4 2 2 4 4 1 1 1 2 1 2 3 3 3 3 4 3 3 2 3 4 1 3 2 2 1 4 3 4 4
4 3 1 1 3 2 2 4 3 2 1 4 3 0 3 1 1 4 3 2 2 4 1 1 3 4 1 4 2 3 2 4 1 1 4 4 2 1 2 1 2 1 2 3 4 4 3 3 4 1 3 4 4 4 4 1 3 2 2 4 2 2 1 4 2 4 4 1 1 2 1 2 4 2 1 2 2 4 4 2 2 4 2 3 2 4 3 4 4 3 4 3 2 4 4 2 2 3 3 4 2 2 4 3 1 2 2 4 3 1 1 3 4 1 3 2 4 3 3 4 2 4 4 1 3 3 1 1 1 1 4 3 2 3 4 4 2 2 4 3 4 3 2 1 3 1 2 2 2 2 4 3 3 3 3 4 1 2 2 2 2 1 2 1 4 1 1 3 4 3 1 1 1 3 3 1 2 3 1 1 4 3 4 2 2 2 4 3 1 2 2 2 4 4 1 2 4 2 3 1
1 1 1 3 3 1 3 4 1 4 4 2 3 4 0 3 3 1 1 2 1 3 2 4 2 3 4 3 3 3 1 1 2 4 1 2 4 3 3 3 1 4 4 4 3 4 2 3 1 2 2 2 2 4 3 2 3 2 2 1 3 1 3 1 2 3 1 3 2 1 1 1 3 3 1 3 1 3 1 4 1 3 4 4 3 2 4 2 2 1 2 2 3 3 4 1 4 1 4 1 2 3 4 1 2 1 1 2 4 4 3 2 1 2 4 2 4 2 4 2 1 1 1 1 1 2 4 1 3 1 2 1 1 1 4 2 1 4 2 1 4 3 3 4 2 1 3 3 4 4 2 2 3 4 2 2 2 4 2 2 4 4 4 4 3 1 4 4 1 2 2 4 2 4 3 4 4 1 1 3 1 2 2 4 2 4 4 3 2 3 2 2 2 1 1 4 2 3 1 3
1 4 3 1 1 2 2 4 4 2 2 2 3 4 3 0 3 3 3 1 3 2 2 2 3 4 3 3 4 1 2 1 3 2 1 2 1 2 1 2 2 2 1 3 4 2 4 4 4 1 4 2 4 1 2 3 3 3 1 3 1 1 4 2 2 1 1 2 3 2 3 4 2 4 2 3 3 1 4 1 1 1 4 4 2 4 2 3 2 2 1 4 4 1 3 3 4 2 1 1 2 2 2 4 4 1 4 3 2 3 1 3 2 2 1 1 1 4 2 3 3 2 1 4 2 4 1 4 2 3 1 1 2 3 1 4 4 1 2 4 3 1 1 4 3 2 1 3 3 3 3 1 1 1 2 2 3 3 2 2 4 1 3 3 1 4 2 1 1 2 3 2 4 2 4 1 3 2 3 1 4 3 4 1 3 2 2 1 1 2 3 1 4 1 2 2 1 2 1 1
4 2 2 3 3 4 4 4 4 4 2 4 1 1 1 2 0 2 2 4 4 4 3 4 3 2 1 1 4 3 1 1 3 1 3 3 2 1 1 1 2 2 2 1 2 3 3 1 3 1 4 4 1 4 2 1 3 3 4 4 1 2 2 4 3 2 2 2 1 2 2 3 3 4 3 4 2 2 4 1 2 3 1 1 2 4 2 2 4 2 4 2 2 4 4 4 2 1 4 3 2 3 3 4 4 1 2 4 4 1 3 1 4 4 3 4 3 2 4 1 2 4 3 3 3 4 1 2 3 4 3 2 2 1 2 3 4 4 1 4 3 3 2 3 4 3 4 1 4 4 3 2 3 3 2 4 1 4 3 3 1 2 2 2 3 1 3 2 4 2 4 4 2 1 4 3 4 1 3 4 2 4 1 2 4 1 4 4 2 3 3 1 3 2 4 2 2 4 4 4
1 2 4 3 3 3 2 2 2 3 1 2 4 1 2 2 4 0 3 3 4 4 2 2 1 4 4 2 3 1 2 1 1 1 2 3 3 3 2 2 1 1 3 3 2 1 2 4 4 2 3 1 3 2 3 4 4 4 1 2 4 1 1 4 2 4 2 1 3 3 1 3 4 4 1 3 4 4 3 2 4 4 1 2 4 3 3 1 3 1 3 1 2 3 2 3 4 3 3 2 3 2 3 3 4 4 4 1 1 4 4 3 2 4 1 1 2 4 4 3 1 1 2 3 4 4 3 2 1 1 1 1 4 1 1 2 1 4 3 3 3 1 2 2 1 1 4 4 2 1 4 2 4 4 2 2 1 1 3 2 4 2 4 4 3 3 1 3 3 4 1 2 1 1 3 3 4 2 4 2 2 2 3 4 3 1 3 2 2 1 3 2 4 4 3 1 4 2 4 4
4 3 4 3 4 4 1 1 3 4 3 4 4 2 3 4 3 3 0 4 3 2 4 3 1 1 3 1 1 1 2 3 2 2 4 4 1 2 4 4 4 3 2 2 3 1 1 3 1 3 2 2 1 4 1 2 2 1 2 4 3 1 1 4 4 1 3 1 1 1 3 2 3 2 4 2 4 2 1 2 4 4 1 2 1 4 2 4 1 3 2 1 2 4 4 4 3 4 4 4 2 3 2 3 4 3 2 2 4 4 2 3 2 1 1 3 1 4 2 1 4 4 2 4 3 1 2 4 4 1 3 2 4 3 1 3 3 3 3 1 1 3 4 3 2 3 4 1 2 2 3 4 1 2 1 2 3 3 3 4 4 2 1 3 4 4 2 1 1 2 1 3 2 1 2 2 2 4 4 1 4 2 1 1 2 1 2 3 2 4 3 3 1 3 2 4 3 4 4 2
2 2 1 1 3 3 1 1 4 4 4 2 2 3 4 4 1 1 4 0 1 3 4 2 1 3 3 2 1 1 2 4 1 4 1 3 1 1 3 3 3 1 4 1 1 3 2 1 4 4 3 3 1 1 3 1 1 3 4 2 3 2 1 4 1 4 2 2 1 4 2 1 3 2 1 3 2 1 2 2 3 3 2 1 2 2 4 3 1 3 4 2 3 4 3 4 1 3 2 1 2 4 4 3 4 2 4 1 4 2 4 2 2 4 4 2 4 4 3 4 3 3 1 2 1 2 1 2 2 4 2 4 3 4 4 4 2 4 4 1 1 3 1 4 4 2 4 1 3 3 1 4 1 3 2 1 3 2 2 2 1 2 1 1 2 1 2 3 3 4 2 4 2 2 4 2 2 1 3 1 2 3 2 3 1 1 4 4 2 1 2 4 1 1 4 3 2 3 3 2
3 3 2 2 2 4 4 2 3 1 1 2 3 2 3 4 1 2 2 4 0 1 2 1 1 1 3 2 4 4 4 3 1 2 3 4 4 4 2 3 4 1 4 4 3 2 2 2 3 1 2 3 3 3 2 3 4 4 4 3 3 3 4 3 2 1 1 4 3 4 1 1 3 1 1 1 1 2 4 2 2 1 3 2 1 1 4 1 2 3 2 2 4 1 1 1 2 2 2 3 3 3 4 4 3 3 3 2 3 2 4 2 2 1 1 4 3 4 3 4 2 1 3 4 1 2 4 2 1 3 2 1 4 1 2 1 4 4 3 4 1 4 1 2 3 1 1 1 2 2 3 3 4 2 2 1 2 4 2 1 4 2 1 3 1 4 2 4 1 1 4 1 4 4 4 2 2 3 3 2 4 1 2 4 1 1 4 2 3 3 3 3 3 2 1 3 1 3 1 4
3 4 3 2 4 2 1 2 1 3 3 1 2 3 1 3 4 4 2 3 2 0 2 4 4 3 4 2 1 2 2 4 3 1 2 1 3 1 1 4 1 1 4 4 1 2 3 2 2 3 4 2 1 3 3 2 4 4 3 1 1 2 4 4 4 1 2 1 2 4 2 3 1 2 1 2 1 1 3 1 1 4 1 4 2 2 3 1 2 1 2 1 3 2 3 1 2 3 4 3 3 4 3 3 1 4 1 1 2 3 2 2 3 4 4 4 1 1 1 4 3 2 4 1 3 2 3 3 3 2 4 2 4 4 3 3 3 3 4 2 3 1 1 2 2 1 3 4 3 3 2 1 4 3 4 4 3 4 4 3 1 4 2 4 2 2 1 2 4 1 3 1 1 3 2 1 1 2 2 3 1 3 3 1 1 4 3 2 3 4 2 1 2 4 2 4 4 3 3 4
4 3 4 2 4 3 2 3 1 3 4 1 2 4 4 2 3 1 1 4 4 2 0 1 4 1 1 2 2 4 1 2 2 2 4 4 2 3 2 3 3 3 3 4 2 1 3 1 1 1 3 3 3 2 3 3 1 1 2 3 2 2 2 2 4 1 3 1 4 3 1 1 3 1 4 2 2 1 3 4 1 2 1 3 4 1 2 2 4 4 4 1 2 2 4 4 2 4 3 3 2 3 4 2 4 2 1 1 3 1 3 1 2 2 3 4 1 4 3 1 2 3 4 3 2 1 4 2 4 3 2 2 3 3 2 4 1 2 1 3 2 2 3 3 3 3 4 3 4 4 2 4 2 4 4 2 4 1 1 1 4 1 2 1 4 3 4 3 3 2 4 2 3 1 4 2 2 4 1 4 2 3 3 1 2 4 4 2 1 4 4 1 3 3 4 4 1 3 3 1
4 3 4 1 3 2 1 2 3 1 1 1 4 4 1 2 3 4 2 2 2 1 3 0 1 3 4 1 2 4 2 4 4 3 1 1 1 2 1 2 3 3 1 1 2 1 4 1 4 2 3 4 2 1 4 3 1 3 4 4 3 1 1 1 1 2 3 2 3 4 2 3 3 1 3 3 3 4 2 4 2 1 2 2 2 3 2 1 4 2 2 2 1 1 4 3 4 1 3 4 4 3 3 1 3 1 3 2 1 2 2 3 4 2 2 3 1 4 4 2 4 1 1 1 2 3 4 3 3 4 4 3 3 3 2 3 3 2 1 4 1 1 4 2 3 4 1 3 1 4 3 4 1 2 3 4 4 4 4 2 2 1 4 2 4 2 1 1 4 4 2 4 2 2 2 4 1 4 2 4 4 4 1 3 2 1 1 3 3 2 4 1 3 1 1 4 2 4 4 1
2 3 1 3 1 1 3 3 3 1 2 3 2 1 3 1 2 2 3 4 3 3 2 4 0 4 2 1 3 4 4 4 1 2 2 4 4 1 4 1 3 3 1 2 4 2 3 2 3 3 3 1 1 2 4 2 4 2 2 2 4 4 3 4 1 4 4 1 4 4 4 2 4 3 1 4 4 4 4 2 4 4 4 4 4 3 4 2 2 4 1 2 4 4 4 1 4 3 4 2 1 1 1 4 2 1 4 3 3 2 2 1 4 1 4 2 4 3 3 2 1 1 1 2 4 2 3 4 2 2 4 3 2 3 4 2 4 2 3 2 4 4 3 4 3 3 3 3 1 3 3 4 3 4 1 1 3 4 2 4 3 2 1 3 1 3 4 2 1 3 2 4 1 4 3 2 3 1 1 2 1 3 3 1 2 2 4 4 3 1 3 3 3 2 4 1 1 1 2 3
4 1 3 4 4 3 3 2 3 1 2 3 1 1 4 4 2 4 2 2 2 3 2 1 4 0 2 1 2 2 4 4 3 2 3 2 3 3 3 2 1 2 3 4 4 4 2 1 4 3 1 1 3 2 1 1 3 4 4 1 2 2 4 2 1 4 2 4 4 3 4 1 2 2 4 2 4 2 3 2 4 4 3 2 1 4 2 4 1 4 1 2 4 3 1 2 4 3 2 2 3 4 2 3 1 1 3 3 4 1 4 4 3 3 4 2 4 3 1 4 3 4 1 2 2 1 1 3 2 1 1 1 4 1 2 3 2 3 1 3 4 2 2 3 2 1 1 3 3 3 2 4 1 2 3 4 2 4 2 3 4 4 2 4 3 4 1 2 1 4 1 2 4 2 4 1 2 2 1 3 4 1 4 3 1 4 4 2 2 3 4 1 1 4 2 2 3 1 1 3
4 4 1 4 2 3 2 1 1 2 1 3 1 1 3 4 1 1 3 1 4 3 3 1 2 1 0 4 2 3 1 1 4 1 4 3 1 2 1 4 4 4 2 3 3 4 2 4 3 1 1 2 4 4 3 1 1 2 1 3 1 3 4 4 2 3 3 2 3 3 3 2 1 1 4 3 4 2 3 2 1 2 2 1 4 4 2 3 4 2 2 2 3 2 2 2 4 3 4 2 1 3 4 4 4 2 4 1 2 4 4 2 1 1 4 4 3 2 3 2 4 3 2 1 1 2 1 1 1 3 3 4 1 3 1 1 2 2 1 4 4 2 3 4 3 1 2 1 2 2 1 2 3 1 4 3 3 1 1 3 3 1 3 1 3 4 1 4 3 2 2 2 4 1 1 1 1 4 4 2 2 4 2 2 4 2 4 1 3 2 1 2 2 2 2 1 3 1 1 1
1 4 4 4 2 1 1 4 2 1 2 3 3 1 4 3 1 3 2 2 4 3 2 1 1 3 3 0 4 2 4 3 3 1 1 3 2 4 2 3 3 1 4 4 3 2 3 4 2 1 1 2 2 2 1 2 3 3 3 1 3 2 1 3 3 3 4 2 4 2 1 1 1 2 2 3 3 3 4 2 4 1 3 1 1 4 2 1 4 4 4 2 2 2 2 2 2 2 3 2 1 2 2 2 4 4 2 1 4 1 4 2 2 4 1 2 3 1 4 2 1 2 2 3 3 2 4 2 1 1 1 1 4 4 1 4 4 3 1 2 4 1 2 3 2 3 1 4 2 1 1 3 4 4 3 1 1 1 3 1 1 1 3 4 4 1 3 2 1 1 2 2 4 4 4 4 2 4 2 2 2 3 4 3 1 3 2 1 1 2 4 3 3 2 3 2 4 4 2 4
1 1 1 4 4 2 1 1 3 4 1 1 3 2 3 3 1 4 1 1 4 1 3 2 4 3 2 4 0 2 3 3 1 4 4 3 3 4 1 2 4 3 1 1 3 4 4 3 3 1 3 1 3 4 1 2 3 1 3 4 4 3 1 1 1 4 2 1 3 3 3 1 3 4 1 4 2 2 2 1 3 4 1 3 3 3 2 2 2 3 1 4 4 4 4 4 1 2 4 2 3 1 2 2 3 3 4 2 3 4 4 2 1 4 4 2 1 2 1 4 2 2 2 2 3 1 1 3 1 3 1 2 4 2 2 1 3 1 4 2 3 3 3 3 1 1 2 3 3 3 1 1 3 3 3 2 2 4 4 4 4 3 1 4 4 2 4 4 4 3 4 1 1 1 4 4 3 1 2 3 4 3 4 4 1 2 1 3 3 3 1 2 2 1 2 1 1 4 1 2
2 1 2 2 2 3 4 3 4 1 1 1 1 3 1 2 4 1 4 1 1 3 1 2 4 2 4 2 3 0 1 3 1 2 2 2 3 1 1 2 3 2 1 1 1 3 2 2 4 3 3 2 2 1 1 1 3 1 1 4 1 2 2 3 2 1 4 3 3 4 3 3 4 3 3 3 3 4 4 3 3 4 4 1 3 4 4 4 3 2 1 1 2 4 4 4 1 4 4 1 1 2 2 1 4 2 3 2 2 1 1 1 1 1 1 4 4 4 3 3 2 3 3 3 2 2 4 3 2 4 2 2 1 2 2 1 2 4 4 4 2 3 4 1 3 2 4 2 1 2 2 2 1 4 4 1 1 2 1 2 1 4 3 3 4 3 1 3 2 1 1 1 4 4 3 2 3 1 2 3 3 4 4 3 1 1 4 1 2 4 2 3 4 3 4 1 3 4 1 2
3 1 2 4 4 1 2 3 3 1 2 3 3 3 1 3 3 3 1 3 4 3 2 1 1 4 3 2 4 2 0 2 2 4 2 4 4 4 3 4 4 1 1 2 4 3 3 3 3 3 3 1 2 4 3 1 3 4 1 1 1 2 1 1 4 3 3 2 4 2 1 4 4 2 4 3 1 3 4 3 4 1 3 2 1 1 1 4 3 4 1 3 2 4 4 2 1 2 1 1 2 4 4 3 4 4 2 3 3 2 1 2 2 2 2 3 1 3 3 4 3 4 2 1 1 3 2 1 2 1 2 2 1 2 1 1 1 1 2 3 4 4 2 2 3 1 1 1 3 3 2 4 4 2 1 1 1 1 4 4 2 4 4 2 4 4 1 4 4 2 4 2 4 1 4 2 4 2 2 2 1 1 4 1 2 3 4 4 3 2 2 3 1 2 1 1 2 3 3 4
3 2 3 2 3 1 3 1 4 4 1 2 3 3 1 1 2 1 1 2 4 1 1 1 1 1 1 3 1 1 3 0 3 4 4 1 3 2 2 4 4 3 2 2 2 3 4 4 3 4 4 1 2 4 1 2 2 3 2 1 3 4 2 3 4 1 2 1 3 4 1 2 3 4 4 1 2 1 2 1 3 4 3 4 2 1 3 2 2 3 2 1 2 1 1 2 3 1 2 1 4 1 4 4 2 1 3 1 2 3 3 4 3 4 4 3 3 2 3 2 1 1 3 1 2 1 4 2 2 1 2 4 4 4 1 2 4 3 2 3 4 3 1 3 4 4 4 1 2 3 1 3 4 2 3 1 3 2 4 2 2 3 1 1 1 4 2 3 1 2 3 2 2 1 2 1 3 4 3 4 4 4 4 3 2 2 2 3 1 3 1 1 2 3 3 2 1 4 3 1
4 3 4 2 3 1 4 1 1 3 3 1 3 3 2 3 2 1 4 2 2 1 4 4 3 2 1 2 2 4 1 1 0 4 2 4 3 4 3 2 2 4 1 2 4 3 3 1 2 3 4 4 2 3 1 1 3 4 1 4 4 2 4 2 3 4 3 1 3 3 4 1 3 4 1 1 3 3 1 3 2 3 4 2 1 2 2 1 2 2 3 4 1 3 4 2 3 2 3 2 1 1 3 3 1 3 2 2 3 3 2 1 3 1 2 3 3 1 4 2 3 3 4 3 3 3 3 2 2 3 2 2 1 1 2 4 4 4 3 1 2 2 1 4 3 1 4 4 1 4 2 3 4 3 3 4 2 4 1 1 3 2 4 1 2 4 2 3 4 4 1 2 1 1 2 1 4 3 1 4 1 1 1 3 2 2 2 1 3 4 2 3 1 3 4 1 1 3 4 1
1 4 4 3 4 1 3 2 3 4 2 3 1 1 2 2 3 1 2 4 1 1 3 2 1 1 4 1 3 1 3 2 1 0 2 4 2 1 2 3 4 1 1 3 3 2 2 1 1 3 4 3 4 2 4 4 1 2 1 1 4 1 4 4 2 3 2 3 2 2 4 1 4 4 4 4 1 3 1 3 2 1 4 1 4 3 2 1 2 1 3 4 3 3 2 4 4 2 1 1 4 3 2 1 1 2 1 1 3 1 4 1 3 1 2 1 1 4 3 1 1 3 4 2 3 1 3 4 1 1 4 1 2 1 1 4 1 3 3 3 4 3 1 3 1 1 2 2 1 2 2 4 2 2 4 2 2 2 4 4 2 3 4 1 4 3 1 1 3 2 2 1 3 3 4 2 3 1 1 3 4 3 2 4 2 2 4 4 3 2 4 2 1 2 3 2 1 2 4 3
4 4 3 2 4 3 3 4 2 4 1 2 1 4 2 3 4 4 1 1 1 3 1 1 3 3 2 1 1 1 3 4 1 2 0 4 3 3 3 4 2 2 4 3 2 4 2 1 1 4 4 4 4 3 1 4 3 4 2 1 4 3 2 2 1 2 2 2 4 3 1 2 1 3 2 1 1 4 1 1 2 3 2 1 2 4 3 4 3 2 1 1 3 4 4 3 1 2 3 3 3 2 4 2 3 1 4 1 1 3 3 4 2 4 1 1 3 4 4 2 4 2 1 1 2 2 2 1 1 1 4 1 2 2 1 4 3 2 2 2 4 2 4 3 4 1 1 2 4 3 3 1 1 3 4 3 2 1 4 3 1 2 4 3 4 4 2 4 3 2 2 1 2 2 1 4 3 2 1 4 3 2 3 2 1 2 1 3 1 4 2 4 2 4 1 2 3 2 1 1
2 2 1 4 4 4 3 3 1 2 4 3 4 3 2 3 4 4 2 2 2 3 3 3 3 2 2 3 4 2 4 2 4 1 4 0 3 3 1 4 1 3 2 4 4 2 3 1 3 4 4 2 2 1 3 2 2 4 2 2 4 1 2 1 2 1 2 1 3 3 4 2 2 4 1 1 1 1 3 1 3 3 2 1 3 2 2 1 3 3 3 2 3 3 2 4 2 4 1 3 2 2 3 2 2 3 3 2 4 1 4 2 2 2 3 2 2 4 1 1 1 2 1 2 4 1 2 1 4 1 3 1 2 4 2 1 1 4 3 1 4 4 4 4 1 3 3 3 3 2 4 1 1 4 4 4 4 3 2 4 4 2 4 2 2 2 4 3 3 1 1 4 1 4 1 4 3 4 3 3 3 4 3 4 1 3 4 3 2 3 2 1 3 4 2 4 4 2 2 3
2 2 2 3 4 1 3 4 2 4 3 3 4 2 4 2 2 4 3 3 3 2 1 2 3 3 3 2 4 2 4 1 2 3 4 2 0 1 2 4 3 2 1 2 2 1 4 2 2 4 4 2 1 3 4 1 1 4 1 2 3 3 1 4 4 2 2 1 1 3 4 2 3 4 4 2 4 1 4 4 3 4 3 3 4 2 4 2 4 1 2 3 2 4 3 4 2 2 3 3 1 2 1 3 1 2 3 2 4 3 3 3 3 3 3 4 4 1 2 3 3 4 1 2 1 1 2 2 1 2 3 1 1 3 3 4 2 4 1 1 4 2 2 2 3 4 4 2 2 2 3 4 3 2 3 4 1 2 4 1 4 2 4 2 2 1 2 1 2 1 1 3 1 4 3 2 2 4 3 1 1 1 3 1 4 1 3 2 3 2 3 3 3 3 4 4 2 2 1 4
2 2 2 3 4 2 1 1 2 4 2 1 4 3 1 4 3 3 2 3 1 4 2 3 2 2 2 2 2 1 1 4 2 4 4 3 1 0 2 3 3 1 4 2 4 3 1 2 4 2 4 3 2 3 3 3 1 2 1 3 3 3 1 3 2 3 3 4 3 2 2 1 4 2 3 1 3 4 1 3 1 3 2 2 4 2 4 2 3 2 1 2 4 2 4 2 1 4 2 3 2 1 3 2 3 2 4 4 3 2 4 1 1 1 1 2 1 4 3 4 4 4 2 2 3 3 2 4 4 3 3 2 4 3 3 1 1 1 4 2 4 4 2 3 2 2 1 1 3 2 2 2 3 1 3 3 3 1 4 1 3 4 4 3 3 2 2 2 2 1 1 4 1 4 2 2 2 3 4 3 1 4 3 2 1 2 1 2 3 2 1 2 3 2 1 1 4 1 4 2
4 3 1 1 2 4 4 3 3 4 4 4 3 3 3 1 2 2 1 3 1 2 2 3 3 3 2 2 2 4 4 3 1 4 4 4 4 2 0 1 3 3 2 4 2 4 2 1 2 3 1 3 1 3 2 2 1 2 4 1 2 1 2 1 2 4 3 4 4 4 3 1 1 4 1 1 2 4 2 2 2 3 2 2 2 1 2 4 1 3 4 4 1 4 3 1 1 1 1 4 3 3 3 4 3 1 1 1 2 1 3 3 2 3 4 4 2 3 3 4 3 3 4 4 2 4 4 3 1 2 2 1 1 2 4 3 4 2 3 2 2 1 3 2 4 1 4 3 3 1 3 3 1 2 3 3 3 3 1 4 2 4 2 4 2 3 4 4 4 3 1 3 4 4 3 2 4 4 3 3 3 1 3 4 2 2 2 3 4 2 2 3 3 3 2 2 1 1 1 1
3 2 4 3 2 1 1 2 1 4 4 3 3 4 3 4 3 4 1 4 4 1 1 2 3 2 1 1 1 2 2 1 1 2 1 4 1 2 4 0 2 3 4 4 4 2 3 2 3 4 2 3 4 1 2 1 3 1 2 1 4 3 1 3 3 1 1 1 1 4 1 2 2 3 2 4 4 1 1 1 2 3 1 3 3 4 3 1 2 2 1 3 1 1 2 4 3 4 1 1 3 3 1 4 2 4 2 2 1 3 1 1 3 4 3 4 3 1 3 3 2 2 4 3 2 3 2 2 1 4 2 1 4 3 3 1 1 2 4 4 2 2 3 2 4 4 3 1 1 2 3 4 2 4 1 4 2 1 3 3 4 1 3 1 3 3 2 2 1 2 1 4 4 1 3 4 2 1 4 2 3 3 1 2 1 4 4 4 2 3 2 2 3 1 2 2 4 2 4 4
1 3 2 3 3 4 1 1 1 3 4 2 1 2 3 1 4 2 1 1 3 4 4 4 4 4 4 2 4 1 2 2 1 2 3 1 3 2 3 1 0 2 2 4 1 3 4 4 3 2 3 3 4 3 1 2 3 1 3 1 3 2 4 2 3 2 2 4 4 1 2 1 2 4 4 4 4 4 4 1 3 1 3 2 2 3 1 3 1 3 1 1 2 4 4 3 1 3 4 3 1 3 4 3 3 1 1 2 2 4 1 3 4 3 2 2 1 1 1 4 4 2 4 1 1 1 2 1 4 1 1 4 1 1 4 1 2 4 4 2 1 3 3 2 1 2 4 3 4 2 2 4 2 1 3 1 2 2 1 2 1 1 2 2 3 3 4 2 1 4 3 3 3 4 4 3 2 4 4 2 3 3 4 2 3 2 3 4 2 2 2 4 1 3 1 2 2 2 1 3
3 4 1 3 2 4 4 1 1 3 3 3 2 4 3 3 1 4 4 4 3 1 3 1 1 4 2 3 4 1 4 4 2 1 1 4 3 4 2 2 1 0 3 2 1 2 4 1 1 1 3 2 2 3 4 3 4 1 2 4 2 3 2 2 3 3 3 4 2 4 1 2 4 4 3 4 4 2 4 4 3 3 4 4 3 1 1 3 4 1 4 4 2 3 1 4 4 3 4 1 1 4 1 3 1 1 4 4 4 1 2 1 4 3 2 3 2 3 4 1 2 4 3 1 4 4 1 3 2 4 4 3 1 4 2 4 2 3 4 3 2 3 1 4 1 2 3 2 2 3 1 2 3 4 2 2 2 4 2 2 1 3 4 4 4 1 4 1 3 3 1 1 2 4 2 3 2 3 4 4 4 3 4 3 3 3 4 3 2 2 4 3 3 4 2 4 3 3 2 1
4 4 3 4 2 3 4 4 2 1 3 3 1 2 4 3 2 2 1 4 4 3 2 2 1 2 3 2 2 2 2 2 3 3 1 4 3 1 4 4 2 4 0 3 1 4 4 2 4 4 2 2 3 1 1 2 2 2 4 3 2 3 3 4 4 4 4 4 2 1 3 1 4 3 2 2 3 4 2 2 1 1 2 4 3 1 1 3 2 4 1 4 4 4 1 4 4 3 3 3 4 2 4 4 4 2 4 4 3 4 4 3 4 2 2 1 1 2 4 1 2 2 1 4 2 1 1 4 4 2 1 4 4 3 4 1 1 1 3 3 3 1 2 2 3 3 3 1 4 4 3 4 4 2 3 3 2 2 4 3 4 2 2 2 1 2 3 1 3 3 3 4 2 1 1 3 1 4 4 1 1 2 2 2 1 2 1 1 1 1 4 4 2 4 4 3 1 3 3 4
3 4 3 2 3 3 2 2 4 2 3 1 1 3 4 2 2 3 4 1 3 3 1 2 3 2 3 2 1 2 2 3 1 3 3 3 2 1 4 3 3 2 3 0 4 2 1 3 3 2 2 1 2 4 1 4 2 1 2 3 3 3 2 2 4 3 2 1 4 2 1 4 3 2 2 4 4 1 4 2 1 1 2 3 1 4 2 1 3 4 4 3 2 1 4 4 3 4 2 2 3 3 4 3 2 1 3 2 2 1 1 2 4 3 1 1 2 4 1 1 3 4 1 3 1 2 2 3 4 3 2 2 3 1 1 4 3 4 3 3 2 2 2 1 4 2 4 3 3 1 1 1 4 3 1 3 2 3 2 3 1 2 1 3 1 2 3 4 3 3 4 1 4 1 3 1 4 1 3 3 4 4 2 4 2 3 3 1 1 3 4 3 3 1 2 2 3 2 2 3
4 1 4 1 1 3 3 3 1 3 4 4 3 3 3 4 2 3 4 1 2 4 3 2 3 3 4 1 2 1 2 2 3 1 3 3 3 1 4 1 1 4 4 1 0 4 3 3 2 2 4 2 3 2 3 3 1 2 4 4 2 4 1 1 1 4 4 3 2 4 3 3 2 2 2 2 3 3 4 3 1 3 4 2 2 2 2 3 1 3 1 3 1 4 2 3 2 3 3 3 4 3 2 2 2 1 4 2 4 2 2 1 1 2 1 1 2 1 4 4 4 3 2 3 1 3 1 1 4 1 3 1 2 2 2 4 4 1 4 2 4 4 3 4 1 1 2 4 3 1 3 1 3 2 1 2 4 2 2 1 3 4 4 2 3 4 2 1 3 2 2 1 4 3 1 2 1 2 2 3 2 3 4 4 2 3 4 1 3 1 4 4 2 4 3 1 3 4 3 1
2 2 3 3 4 3 1 2 4 1 4 3 4 4 1 1 4 2 4 3 2 3 2 1 3 2 3 4 3 3 4 2 4 4 2 3 3 4 4 4 4 2 3 1 3 0 4 2 3 2 1 4 3 2 4 4 2 2 2 4 3 2 3 2 1 1 2 3 2 4 1 4 1 2 2 4 4 3 4 4 2 3 4 1 3 1 1 3 2 2 3 3 1 2 1 2 3 2 1 4 1 3 1 4 3 3 4 2 4 4 1 4 3 2 3 3 3 1 3 4 4 4 3 4 1 2 2 2 4 1 4 1 4 2 2 2 2 3 2 3 4 4 3 1 1 3 2 1 3 2 3 3 2 3 1 3 1 1 4 4 1 3 2 4 4 1 4 2 1 2 3 1 4 1 4 2 2 3 2 4 3 3 2 3 2 1 4 4 1 3 1 4 1 2 2 3 1 3 1 3
4 4 4 1 4 3 4 4 1 4 1 1 1 1 2 1 1 1 2 1 4 3 4 4 4 3 1 1 1 1 1 1 4 3 3 1 1 4 4 4 1 4 1 4 3 1 0 1 4 1 1 1 1 3 3 2 4 1 3 3 4 2 1 1 2 2 4 4 2 4 3 2 3 4 1 2 3 2 4 4 2 4 1 1 2 2 4 3 2 3 4 3 2 4 3 2 4 1 3 3 4 3 1 2 3 3 1 3 4 2 2 3 1 3 1 1 2 3 1 2 2 2 2 1 4 4 4 4 1 3 1 4 2 1 4 2 4 3 3 3 1 3 4 1 1 2 4 4 4 3 4 4 2 4 2 1 4 3 2 2 1 2 3 1 2 2 1 1 3 1 3 3 1 2 4 4 2 1 3 2 2 2 4 4 1 4 2 3 4 3 1 4 4 2 2 1 1 2 4 3
4 4 2 4 4 4 3 3 1 2 3 3 3 3 4 4 4 2 4 3 2 1 1 2 2 1 1 3 4 3 1 4 1 1 2 4 2 2 2 3 1 3 4 3 3 1 3 0 4 1 4 2 3 2 1 2 3 2 1 3 4 2 2 2 3 2 3 3 2 4 1 1 4 4 3 4 1 1 3 1 2 4 1 1 4 2 2 1 4 1 3 2 3 3 1 3 2 1 3 4 4 1 3 1 4 2 1 4 1 3 2 3 2 1 1 2 2 3 1 2 3 4 2 1 1 1 2 4 2 2 2 3 2 4 2 4 4 1 4 2 4 1 3 1 1 4 3 2 2 1 2 3 2 2 3 3 3 1 2 3 4 4 4 2 2 3 1 4 1 3 4 1 1 1 3 2 4 3 1 4 4 2 4 1 1 4 2 2 1 3 1 4 2 3 2 4 2 1 2 3
1 3 2 4 4 4 3 4 4 3 4 4 1 3 2 3 4 4 1 3 4 2 4 4 1 2 1 1 2 2 1 3 4 2 3 1 3 1 1 1 4 3 2 1 2 4 3 3 0 2 3 3 1 1 2 3 4 1 3 4 2 3 2 1 3 1 3 3 1 2 2 3 3 1 2 2 1 1 2 1 2 3 1 4 3 1 3 1 4 1 1 4 3 1 4 4 3 3 2 4 3 3 3 2 4 4 2 1 1 4 3 3 1 1 4 4 2 3 4 2 4 1 2 2 4 2 4 1 2 4 1 1 2 2 2 3 1 3 3 3 2 3 2 4 3 3 4 4 2 4 4 2 2 2 1 2 2 1 3 3 1 3 4 1 3 3 2 2 3 4 3 2 3 3 1 4 1 4 1 3 4 4 1 1 3 3 3 1 4 1 3 4 1 2 1 4 4 1 2 4
2 4 4 3 4 2 4 1 2 3 1 3 1 3 4 2 2 1 2 1 1 2 2 2 1 2 1 2 1 4 4 3 1 1 2 2 2 2 2 1 3 3 1 1 2 4 4 3 1 0 1 1 4 4 2 4 2 4 3 3 4 2 2 1 1 4 1 4 2 2 4 4 2 2 1 2 2 4 3 4 4 4 1 2 4 1 1 1 1 2 3 3 4 2 3 2 1 2 2 2 1 3 2 3 3 1 1 4 1 2 3 4 4 1 3 4 3 2 4 4 4 3 1 3 2 1 4 1 2 3 4 1 3 2 1 4 4 2 3 2 3 3 2 1 2 3 3 3 2 3 2 4 2 2 3 2 1 3 4 1 3 3 3 3 1 2 1 3 4 3 3 2 2 1 4 3 4 3 3 1 4 4 4 4 2 2 3 4 4 2 1 1 2 2 1 3 3 1 2 3
4 4 1 3 3 3 1 2 4 2 4 2 1 4 1 2 3 4 3 4 1 4 3 4 1 4 3 3 2 3 3 2 4 2 3 2 2 4 4 1 4 4 2 4 1 1 4 2 4 3 0 3 4 1 3 4 1 3 1 2 4 4 2 4 2 2 4 3 4 1 1 1 1 1 1 1 2 2 4 4 3 2 2 4 2 3 2 2 2 3 3 4 3 1 3 2 2 1 3 3 1 1 1 3 4 1 3 3 1 2 4 3 2 1 2 1 1 2 1 1 2 1 2 3 3 4 2 2 3 2 1 4 2 4 3 4 4 1 3 3 4 4 4 3 2 1 3 3 3 4 3 1 1 2 2 4 3 3 1 4 4 2 3 2 4 1 4 3 2 1 2 3 2 4 4 4 3 4 1 1 1 4 3 4 4 3 3 4 1 3 3 4 3 3 2 1 2 3 3 4
4 2 1 1 2 1 4 4 3 3 3 2 2 3 2 2 1 3 3 3 3 4 4 1 4 1 3 3 2 2 4 2 3 1 1 3 2 2 2 4 4 1 4 4 3 4 2 3 1 2 4 0 3 4 2 1 1 2 2 3 2 2 1 1 3 4 4 4 3 1 1 4 2 2 2 2 1 4 4 3 1 3 3 1 2 1 3 3 2 3 3 2 1 3 3 2 2 3 4 2 2 3 2 1 2 3 2 4 3 1 3 1 2 4 3 4 3 2 2 1 2 4 3 1 3 2 4 2 4 3 3 4 3 3 2 2 4 2 1 4 2 2 4 2 2 3 2 2 1 3 3 3 4 3 2 3 1 3 3 1 4 1 3 3 3 2 1 1 1 3 4 1 1 1 2 3 3 3 2 1 2 3 4 3 3 4 3 2 1 1 3 1 1 4 3 2 2 4 1 3
1 1 4 4 2 1 2 4 1 4 1 2 4 1 2 1 1 4 2 4 1 3 3 2 4 4 3 3 1 2 1 2 1 4 1 4 3 2 4 1 4 1 2 3 2 1 4 4 3 2 2 3 0 4 4 1 4 4 3 1 3 4 3 3 1 3 1 3 2 2 2 4 1 2 4 3 1 4 2 4 2 4 3 4 4 1 3 2 4 3 3 4 4 3 3 2 4 3 2 3 4 2 4 4 1 3 3 3 2 4 1 3 1 1 2 2 4 2 2 1 4 4 4 1 3 1 1 4 3 2 4 4 1 4 1 4 4 1 4 4 2 2 1 4 2 4 3 2 4 1 3 3 4 2 3 4 4 3 1 2 4 4 2 1 3 3 2 1 4 4 4 1 4 4 2 1 1 2 3 2 2 1 3 4 2 1 1 3 2 4 3 3 3 1 3 2 3 1 4 1
1 4 2 2 4 4 4 4 3 4 1 2 2 2 2 3 3 3 2 3 3 2 2 4 1 4 2 1 1 2 4 4 2 2 3 2 3 2 1 3 2 3 1 2 4 1 1 1 3 2 4 3 4 0 2 3 3 2 4 2 2 2 2 3 4 1 1 3 2 1 3 1 3 2 2 1 2 1 2 1 3 1 4 4 2 2 1 4 3 2 3 2 3 3 2 4 4 4 3 3 3 1 2 4 4 3 1 3 2 4 3 3 2 3 1 3 4 3 2 2 1 4 1 1 3 4 1 1 1 3 3 3 2 3 3 2 2 2 1 2 2 2 1 3 4 4 2 4 4 3 3 3 2 3 4 1 4 3 3 4 1 4 1 1 3 3 4 3 3 1 4 1 4 2 1 1 3 4 1 1 3 2 1 4 1 1 1 3 4 4 4 3 1 4 1 2 3 2 4 1
3 4 4 3 2 1 1 4 1 4 4 4 3 2 1 3 3 3 2 2 3 3 2 2 2 4 2 1 3 3 3 4 3 2 2 2 2 3 2 4 4 3 3 2 2 4 3 2 3 4 3 4 1 4 0 1 3 3 3 1 4 2 4 3 4 3 3 2 2 3 1 2 1 2 1 2 2 4 1 2 3 3 1 3 1 1 3 3 1 4 1 4 4 1 2 4 4 3 1 1 4 2 4 3 2 1 3 3 4 3 3 1 2 1 1 3 1 3 4 1 2 2 1 4 3 2 2 1 1 2 4 1 2 4 1 3 3 3 2 1 1 2 4 1 4 2 3 3 4 3 4 1 4 2 1 2 3 3 1 1 2 3 3 4 1 4 1 3 4 4 3 3 3 4 1 4 2 2 1 1 1 2 1 3 2 4 2 4 1 4 2 4 2 3 2 3 2 1 3 1
1 2 3 4 1 4 2 1 2 1 1 1 4 2 3 2 3 4 1 2 2 2 4 2 3 1 1 3 2 4 2 3 1 1 4 2 4 3 4 3 4 1 2 1 4 1 4 1 4 2 3 1 4 1 2 0 2 4 2 2 2 2 2 2 3 1 3 3 3 3 4 3 3 1 1 2 4 2 2 4 4 3 1 4 3 2 2 4 2 2 2 3 1 2 2 2 2 3 1 4 3 3 1 1 1 1 2 3 1 2 4 2 1 2 4 4 3 4 3 3 1 4 1 4 3 4 2 2 1 1 2 1 3 1 1 2 1 4 2 2 2 1 4 1 4 1 4 1 3 2 3 2 4 4 4 3 1 1 1 1 2 2 4 2 3 3 4 3 2 3 2 1 4 2 3 1 4 3 2 4 1 4 2 3 2 1 3 3 1 3 1 3 1 4 4 3 3 4 2 1
1 3 2 1 4 2 1 2 2 1 4 3 3 2 2 3 3 1 2 2 2 3 2 3 3 4 3 3 3 4 4 1 2 2 1 3 4 3 2 3 4 4 2 3 1 2 2 2 3 3 1 4 3 3 1 3 0 4 3 2 4 3 4 3 1 3 4 1 4 3 2 2 3 4 2 1 2 4 1 4 4 2 3 1 1 3 3 1 1 2 2 4 3 4 4 2 2 3 4 3 3 3 1 2 4 1 1 1 2 1 2 1 4 2 4 4 4 4 2 1 2 3 4 2 4 4 2 1 2 3 3 2 1 3 2 4 4 4 1 1 4 3 3 3 2 3 3 4 1 3 3 1 1 2 2 4 4 2 4 2 2 2 4 4 1 2 2 1 3 1 2 2 1 3 4 1 4 2 3 3 3 2 2 2 4 4 1 4 3 4 4 1 2 2 4 2 2 3 3 1
4 2 1 4 3 1 3 2 1 4 3 3 3 4 3 1 3 1 3 4 3 2 4 2 4 4 1 1 2 3 1 3 3 4 4 1 1 1 3 2 4 1 4 3 1 4 1 4 2 4 3 2 1 4 3 2 4 0 1 4 2 3 3 3 1 2 1 4 3 2 2 4 3 4 3 1 3 1 3 2 1 2 4 2 1 2 2 1 3 4 2 2 4 3 2 3 1 3 1 2 4 3 4 1 2 3 2 3 2 1 3 3 2 2 1 3 1 2 2 1 1 3 4 2 4 2 4 2 3 4 3 2 3 1 2 3 2 1 2 4 2 1 4 2 2 4 4 1 1 3 4 1 1 4 1 3 1 3 4 2 1 1 4 2 2 2 2 3 1 2 2 2 1 3 1 2 1 2 1 2 3 3 4 1 3 1 2 1 2 2 2 2 2 3 3 4 4 1 3 3
3 1 3 2 4 2 3 4 2 3 2 4 2 4 4 4 3 2 1 2 4 4 2 4 2 3 4 2 2 3 2 1 3 3 4 2 1 4 3 2 2 2 1 4 4 2 1 2 4 1 2 1 1 4 1 1 4 1 0 1 1 2 2 4 4 2 3 4 2 1 4 2 2 4 3 3 4 4 3 2 2 2 4 1 1 3 3 3 1 3 1 2 4 4 3 3 4 2 3 3 1 2 1 2 3 3 4 4 3 1 4 4 2 2 4 2 2 3 3 3 1 4 2 4 1 3 3 4 4 1 3 3 4 2 4 2 3 3 4 2 1 1 2 4 4 1 1 3 3 1 4 4 1 4 1 2 4 4 4 3 4 2 4 4 2 3 3 1 4 4 3 3 1 2 2 1 1 4 3 2 4 4 4 4 2 3 1 2 1 1 3 4 4 2 4 3 4 3 2 4
4 4 4 1 1 1 3 3 4 1 3 2 4 3 1 1 4 3 1 3 2 2 2 1 2 2 2 3 2 4 2 4 4 2 4 3 4 4 1 2 3 2 1 1 3 3 3 2 3 1 4 2 1 3 2 1 2 3 1 0 3 2 1 4 2 4 3 3 3 2 3 4 2 2 2 4 1 1 4 4 2 1 1 4 4 4 3 4 3 1 2 4 4 2 2 3 3 4 2 4 1 3 1 4 3 1 2 2 1 2 1 3 1 4 1 4 2 4 1 2 1 4 1 4 1 4 3 1 3 4 4 2 3 2 4 3 3 1 2 2 4 3 3 4 1 4 1 4 4 4 3 3 1 2 4 2 3 4 1 4 3 2 3 2 3 1 3 4 1 1 3 4 1 4 4 4 1 3 4 3 3 3 4 4 1 3 3 1 1 4 4 3 3 1 4 3 4 1 4 1
1 3 4 3 4 2 4 3 3 1 2 4 2 4 1 1 2 2 1 4 4 1 3 2 2 2 1 4 1 3 2 4 2 2 4 1 2 3 2 3 2 4 3 3 2 4 1 1 3 1 3 3 2 1 1 1 1 2 3 3 0 4 2 4 2 3 2 2 4 4 2 2 2 1 1 1 3 2 1 2 3 2 1 1 3 2 4 1 4 2 1 3 4 1 2 1 3 2 2 4 4 3 1 2 3 3 3 3 1 2 2 3 1 3 2 4 2 2 1 3 3 2 1 1 1 3 1 4 3 1 1 1 3 3 3 2 3 1 2 3 4 2 3 4 4 4 4 4 2 1 4 2 2 3 4 3 4 1 1 3 2 3 3 1 2 4 1 3 1 2 4 1 1 2 1 3 1 3 2 1 4 4 4 4 1 2 2 1 2 4 2 3 3 3 3 4 2 2 4 3
4 1 1 3 2 4 3 2 4 4 3 1 3 2 2 4 4 3 1 3 3 4 4 4 4 2 1 3 2 2 3 3 4 2 2 1 2 2 2 4 2 1 3 2 1 1 3 3 3 1 4 2 4 4 3 4 1 3 4 1 2 0 4 2 4 1 3 1 3 3 2 4 2 2 3 1 3 1 2 2 1 3 3 1 4 3 4 3 3 1 4 4 4 1 4 4 3 3 3 3 1 3 1 2 2 2 4 1 1 2 1 2 1 4 2 4 1 3 3 4 4 1 4 3 1 2 2 2 1 1 3 3 4 3 4 2 2 4 1 1 4 1 3 2 4 1 3 4 2 1 1 1 1 1 2 1 3 3 2 3 2 2 4 4 1 2 2 1 1 2 2 1 2 2 1 4 1 1 2 2 2 1 1 3 3 1 4 3 3 2 4 2 2 1 3 1 1 3 3 2
3 4 1 1 2 2 1 3 1 2 2 4 3 4 3 1 4 1 2 4 3 2 1 1 4 2 4 2 3 1 3 4 1 1 1 2 2 3 1 4 4 3 2 1 1 1 4 1 3 4 4 1 2 4 4 2 4 2 1 4 1 2 0 3 3 3 3 2 2 1 4 2 4 1 3 3 4 4 4 2 2 3 3 2 2 4 4 1 2 3 4 3 4 4 4 2 2 4 2 1 2 4 3 4 1 4 3 2 4 1 3 4 4 4 2 2 2 1 1 4 4 3 1 4 3 4 2 3 1 4 1 1 4 2 1 1 1 4 2 4 3 4 1 3 4 3 4 3 4 3 2 1 1 2 3 2 2 4 3 2 3 1 1 4 2 4 3 3 2 2 2 4 1 3 3 4 3 3 2 2 3 2 2 1 3 2 2 4 1 2 3 3 2 2 3 4 3 1 2 4
1 1 2 4 2 1 4 2 1 3 3 3 4 3 2 3 1 4 2 3 1 1 1 3 2 3 1 3 3 1 2 3 1 4 2 4 1 2 2 2 3 4 3 4 4 2 3 4 2 4 2 2 1 4 4 2 1 4 3 2 1 3 3 0 1 4 1 3 1 2 3 1 2 2 2 3 4 2 1 1 2 4 2 4 4 4 3 2 3 4 4 3 2 3 4 3 4 4 4 2 2 4 4 2 1 2 4 4 2 3 1 1 1 2 1 2 2 3 3 1 2 1 2 4 2 3 3 2 3 2 2 4 3 4 1 4 4 3 3 3 2 3 4 1 2 1 4 2 1 3 2 2 2 4 3 1 4 2 4 4 1 3 1 2 3 2 1 3 4 1 1 4 2 2 2 3 3 3 4 2 4 3 4 4 1 1 3 1 3 3 2 3 4 1 2 2 2 4 4 1
1 2 3 4 2 3 4 2 4 3 4 2 2 4 4 4 1 2 4 4 2 2 1 4 3 4 4 3 1 1 4 4 2 2 1 1 1 1 1 4 2 4 2 4 4 3 1 1 3 1 1 2 1 1 4 3 3 1 3 4 3 3 4 4 0 2 3 1 2 3 1 4 3 4 1 1 1 2 3 1 2 4 4 4 4 2 3 3 2 3 4 2 2 1 4 2 1 1 2 4 2 2 3 1 4 4 1 4 4 1 4 4 2 1 4 3 1 1 3 2 4 1 2 1 2 3 4 3 2 3 4 2 4 1 4 3 2 2 3 4 1 2 4 4 1 2 3 2 2 4 4 2 3 2 1 2 1 1 3 1 4 3 3 4 3 3 2 2 4 3 3 1 1 2 3 1 1 3 3 1 2 1 3 2 1 3 2 1 3 2 4 3 3 1 2 4 2 3 2 4
3 1 2 4 1 1 2 3 2 1 1 3 3 1 4 3 1 4 3 4 1 4 4 4 3 3 3 2 2 2 4 1 2 1 4 3 1 2 3 4 1 3 4 3 2 1 4 2 4 2 3 3 2 4 2 1 4 4 2 1 4 3 1 3 4 0 1 2 1 1 4 1 1 4 4 3 4 3 1 4 2 3 1 2 3 1 2 1 1 4 2 3 3 4 3 1 1 3 1 1 3 3 3 4 3 1 2 4 3 2 2 2 4 2 1 2 3 3 4 2 1 3 3 1 3 3 4 1 2 3 2 3 1 2 3 2 2 2 1 1 4 1 3 4 4 4 1 3 3 3 3 1 1 2 3 1 2 4 4 1 3 1 3 3 4 2 2 2 4 3 4 1 4 1 2 1 1 2 4 4 3 3 1 4 3 1 1 4 3 1 4 2 1 1 1 4 3 1 4 3
1 3 3 1 1 4 4 2 4 4 3 2 1 4 1 3 2 4 4 1 1 4 1 3 3 4 2 4 1 1 3 2 1 1 3 3 1 1 3 1 4 1 1 2 1 1 2 3 4 1 4 2 1 3 2 1 2 4 4 2 1 3 4 3 1 4 0 2 4 3 1 4 4 3 4 1 2 2 2 2 1 4 2 1 3 4 4 3 1 4 1 3 4 3 2 2 3 2 1 1 2 1 3 3 2 2 3 4 3 1 2 2 2 4 4 4 1 3 4 2 2 4 3 1 3 2 3 4 3 3 3 2 2 1 3 3 3 2 4 2 2 3 1 3 3 4 1 3 2 2 3 3 1 2 2 1 1 4 1 3 3 1 2 1 3 2 1 2 1 3 3 3 2 4 1 3 3 4 2 3 3 4 2 1 1 4 3 4 1 3 3 3 4 1 1 2 3 2 1 1
4 3 2 3 2 2 4 2 1 3 2 2 3 3 2 3 3 1 4 1 4 2 3 1 3 2 3 2 4 2 2 1 4 3 4 4 4 1 4 1 1 2 4 3 1 1 1 3 1 2 3 3 4 1 2 2 4 4 2 1 4 3 2 2 3 2 4 0 2 2 2 2 3 3 2 2 1 4 2 3 1 3 2 4 2 1 4 3 1 1 2 2 1 4 4 2 1 4 3 3 4 4 1 2 4 4 4 3 4 3 3 4 2 4 2 1 3 1 3 4 2 2 2 4 2 3 2 1 1 1 1 1 1 1 3 2 2 2 2 2 3 2 4 1 3 3 2 3 1 3 4 1 4 2 4 4 4 3 3 1 4 4 2 2 2 3 4 3 4 1 2 1 3 1 1 1 1 3 2 1 4 1 2 1 1 2 1 2 3 3 4 3 1 1 3 4 3 3 3 3
4 2 2 1 3 4 1 4 3 4 4 2 2 4 4 1 3 1 4 3 4 3 4 1 2 2 1 1 3 3 3 4 1 3 2 2 3 1 3 2 2 1 2 4 1 3 1 2 1 1 4 2 3 3 3 1 3 4 1 2 1 2 4 2 3 1 1 4 0 1 4 2 3 2 2 2 4 1 2 2 3 4 1 4 3 1 2 1 1 2 3 3 3 1 1 1 2 1 2 4 2 2 1 3 2 1 4 2 3 3 3 2 3 4 1 2 2 2 4 3 3 2 2 3 3 2 4 4 2 1 4 3 1 1 3 3 3 2 2 4 1 2 3 2 1 2 1 1 3 4 1 4 2 1 3 1 1 3 4 2 2 4 1 3 1 3 1 2 1 3 3 4 1 4 3 3 2 2 4 3 4 3 1 4 3 3 1 3 2 3 4 3 1 2 4 3 1 2 3 2
4 1 3 3 3 4 2 3 4 3 4 2 3 2 4 2 1 3 3 3 1 4 2 1 2 3 3 3 1 3 4 4 3 3 1 2 3 1 2 4 3 4 3 3 2 2 4 3 4 3 1 2 4 2 4 1 1 2 2 2 4 3 3 2 4 4 1 3 3 0 4 1 4 3 1 2 2 3 1 4 2 4 4 2 3 3 4 1 2 3 2 2 2 1 2 4 2 4 3 3 1 2 2 1 1 2 3 4 3 1 4 3 2 1 2 4 3 4 2 1 2 2 3 2 4 1 4 4 2 2 2 3 2 2 4 1 4 3 1 2 4 2 3 2 2 2 4 2 2 2 2 2 1 1 4 4 3 4 2 1 2 2 4 2 1 1 4 2 1 1 2 4 1 3 2 1 3 3 2 2 1 1 4 3 2 1 1 3 4 3 4 1 1 2 3 1 2 3 4 2
3 3 3 2 3 2 2 4 3 2 3 2 3 4 3 1 2 4 1 3 4 3 4 1 2 1 1 4 3 3 1 4 4 4 1 4 4 2 2 1 1 2 1 2 4 1 2 1 2 3 4 4 1 3 4 3 4 4 4 1 3 2 2 4 1 3 3 3 4 2 0 2 1 4 4 4 4 1 3 4 1 2 4 1 4 1 4 1 1 2 2 4 3 4 1 2 4 3 1 4 1 1 1 4 3 4 1 1 4 3 2 2 4 3 2 2 3 4 4 4 2 1 4 2 4 2 1 3 4 3 4 2 1 2 3 4 1 1 2 1 2 4 2 1 4 2 2 2 4 4 3 3 3 4 4 3 3 1 4 4 3 4 4 1 4 4 3 4 2 2 2 2 4 3 1 3 4 2 3 4 2 2 2 3 3 2 1 2 3 1 4 2 2 1 2 3 4 2 2 2
3 3 3 2 1 2 4 3 2 4 4 2 1 4 3 4 3 2 4 2 1 4 4 4 3 2 1 4 3 2 3 4 3 4 3 1 2 4 4 3 1 3 2 4 2 4 4 1 1 3 3 1 2 1 2 2 2 2 1 3 1 4 1 1 1 3 3 1 2 4 2 0 2 1 2 4 3 1 4 4 1 3 1 3 4 3 1 3 3 1 1 1 4 2 1 3 3 3 4 2 2 2 1 1 4 4 1 1 1 1 1 3 3 3 4 1 4 2 4 3 4 2 2 3 4 4 3 1 1 1 2 4 4 2 2 4 4 2 2 3 1 2 4 1 2 2 4 3 3 4 3 4 1 1 3 4 1 4 2 4 4 3 2 3 1 4 3 4 4 4 4 2 2 4 2 3 4 1 3 3 3 4 3 4 3 1 4 4 1 2 4 2 2 4 4 1 1 4 2 1
2 1 2 1 1 3 1 1 1 3 3 3 1 3 4 3 4 3 2 1 1 2 2 4 3 1 4 4 2 3 3 3 2 3 1 1 1 4 4 4 1 1 4 2 2 2 3 2 4 3 1 1 1 2 1 4 3 4 3 4 4 3 4 2 3 2 2 1 1 2 4 3 0 4 3 4 4 2 2 2 3 4 1 1 2 4 2 4 3 3 1 1 4 3 1 3 2 1 1 2 3 4 2 3 2 3 4 4 4 2 2 2 2 1 4 2 1 2 4 3 2 2 1 1 4 2 3 1 1 2 3 4 2 4 2 3 3 4 4 3 2 4 3 4 1 4 1 2 3 3 3 2 4 4 1 3 1 3 3 4 2 2 4 2 3 4 2 2 1 4 3 4 1 3 4 4 2 2 1 4 3 3 4 4 2 2 1 3 4 2 4 3 3 1 1 3 4 1 1 1
3 1 1 2 3 2 3 3 4 2 2 3 1 2 2 3 4 4 3 1 3 1 1 1 2 2 4 3 1 2 3 2 3 3 3 1 2 4 3 4 1 2 4 1 1 2 2 2 3 3 4 3 3 3 3 3 2 3 2 2 3 4 2 4 2 4 2 4 4 3 1 1 1 0 4 4 4 2 4 1 4 4 2 4 2 1 2 3 1 3 2 2 1 3 1 1 3 1 4 2 2 1 1 1 3 1 1 2 1 1 2 2 4 3 2 3 4 1 1 1 1 3 2 2 1 1 1 2 1 3 3 3 1 2 4 3 2 4 3 1 2 3 2 2 1 1 1 4 3 2 2 2 1 4 1 1 4 2 1 2 1 2 2 2 1 1 1 1 2 4 3 3 2 3 1 2 4 3 3 1 4 2 4 4 1 4 2 1 1 4 3 3 4 2 1 4 1 4 3 4
3 1 4 3 1 3 3 1 3 1 3 2 1 1 3 1 4 4 3 1 2 4 2 2 2 1 2 1 2 2 1 2 1 1 3 2 2 1 2 3 1 3 2 1 4 1 3 1 4 3 4 4 4 2 1 2 2 1 4 1 3 2 4 4 3 2 2 1 2 4 2 2 2 4 0 1 3 4 2 1 1 1 1 4 1 3 4 1 4 4 4 2 3 3 2 3 4 2 4 1 3 2 3 3 1 4 4 4 4 1 3 4 4 3 4 3 1 1 1 1 2 1 2 2 4 4 4 4 3 4 2 4 1 3 3 2 2 3 3 4 2 4 1 4 1 2 2 1 2 2 2 4 1 4 3 3 2 2 3 4 3 3 2 2 4 3 3 1 3 3 3 4 1 1 4 1 1 2 2 4 4 3 1 4 4 3 2 3 1 1 4 4 2 2 3 4 1 1 4 4
2 1 2 4 1 2 3 2 1 3 4 4 3 3 4 4 1 1 3 2 2 1 3 4 1 1 2 4 1 2 3 3 4 4 1 3 1 3 1 2 1 3 2 3 1 3 4 1 2 2 4 4 2 4 2 4 4 2 1 2 3 1 3 3 1 2 1 4 3 4 2 4 3 1 2 0 1 3 3 3 4 2 2 1 4 4 3 3 2 4 3 4 2 2 3 2 4 3 1 3 1 1 4 3 2 4 2 4 3 4 1 1 1 3 1 3 2 4 1 1 2 1 1 4 4 1 1 1 2 1 1 2 4 1 2 3 3 1 2 4 4 2 1 2 3 4 4 1 1 4 1 1 1 3 1 1 3 3 3 1 4 2 1 1 2 3 2 1 4 3 2 4 4 2 3 3 4 4 4 3 1 1 4 2 2 3 3 4 2 3 1 4 2 4 2 1 2 4 1 1
3 2 4 3 2 4 2 1 4 1 3 2 2 3 4 4 1 2 1 3 3 1 4 4 2 1 2 1 3 2 3 2 2 3 1 4 4 1 2 2 1 3 1 2 4 2 1 1 2 1 3 3 4 2 2 2 4 3 4 2 1 2 1 2 3 4 1 2 1 4 2 1 3 1 1 4 0 2 1 2 3 4 4 1 4 3 1 3 4 2 1 4 2 4 1 1 3 4 4 4 4 3 1 4 1 2 1 1 3 4 3 4 2 3 4 1 2 1 4 4 1 4 4 3 1 3 4 1 3 3 4 1 4 4 1 3 3 3 4 3 2 2 2 3 1 2 2 1 1 1 4 2 1 2 1 4 3 1 3 1 2 2 1 4 2 2 3 2 2 3 1 4 1 2 1 4 1 2 4 2 2 1 3 1 3 1 4 4 2 2 4 2 3 4 2 3 3 3 3 3
4 2 4 3 1 4 4 4 4 3 2 2 4 3 4 1 1 1 1 3 1 1 1 1 2 2 3 4 2 4 1 2 2 1 1 1 3 4 3 2 2 1 1 4 2 4 4 1 4 1 3 3 1 4 3 3 2 3 4 3 4 2 4 4 2 1 4 1 3 2 1 4 2 2 2 1 3 0 1 2 2 2 4 2 4 1 4 1 2 4 2 3 4 4 3 2 2 4 2 4 2 3 2 4 1 3 4 2 4 4 2 4 3 1 3 4 4 2 2 2 3 1 4 1 3 3 4 3 3 2 2 1 4 2 2 3 1 2 3 2 4 4 2 2 1 1 2 4 4 2 2 3 4 4 4 4 3 4 2 2 1 2 2 3 2 2 2 3 3 1 4 4 1 2 4 2 2 2 3 4 2 4 3 3 1 3 4 3 1 1 3 3 3 2 2 1 3 4 4 2
3 1 4 3 3 3 3 1 2 2 2 1 3 3 3 2 4 4 2 2 1 4 4 2 3 4 2 2 4 2 3 3 4 1 3 4 3 4 4 1 1 2 3 3 3 4 1 3 3 4 3 2 1 3 2 1 2 2 1 1 4 3 2 4 3 3 2 1 1 3 2 4 2 3 4 1 1 2 0 4 1 1 1 2 3 4 1 3 3 4 4 1 3 4 4 1 1 1 2 4 2 4 2 3 1 1 2 3 1 1 3 4 2 3 4 4 1 3 2 3 1 3 1 2 2 3 1 3 4 2 1 2 3 4 1 4 4 2 3 2 4 4 3 4 4 3 2 4 3 1 4 4 4 4 3 1 2 1 3 1 1 4 2 4 3 3 3 2 2 3 2 3 2 1 3 1 3 1 1 3 2 2 2 2 4 1 1 3 4 2 3 3 3 3 1 4 2 4 3 2
1 2 3 4 1 1 2 4 3 2 2 4 2 3 2 2 2 4 4 1 1 1 2 4 2 3 4 1 2 2 1 2 1 2 1 1 2 3 3 1 3 4 2 2 3 3 3 3 3 2 3 1 3 3 3 4 2 2 2 3 4 1 4 2 4 3 1 2 4 3 2 1 2 4 4 2 2 3 3 0 3 3 1 2 1 2 2 4 1 3 4 4 2 4 2 3 1 2 3 3 3 2 2 2 3 3 3 1 3 3 1 2 2 4 3 1 2 3 3 4 3 1 1 1 1 3 3 1 2 4 3 4 4 1 3 2 2 1 4 2 3 3 4 4 4 1 3 3 1 1 1 4 3 2 3 2 3 1 1 2 4 4 3 4 4 1 3 2 2 3 4 4 1 3 1 4 2 4 1 2 2 3 4 1 2 1 3 3 1 1 4 1 1 4 1 3 2 4 4 1
2 3 3 4 4 4 2 3 3 4 3 2 2 1 1 3 3 1 2 1 1 2 4 3 2 1 1 4 2 4 4 4 1 3 3 4 3 1 4 1 2 1 3 3 4 3 3 4 1 1 1 4 1 3 3 4 1 4 3 2 2 3 1 1 1 2 3 2 1 4 4 2 1 3 3 2 2 1 3 3 0 3 4 2 4 2 1 2 4 3 1 4 3 3 3 3 4 1 3 3 4 4 2 4 3 2 3 4 4 1 4 4 1 3 2 4 3 4 2 3 2 3 2 3 4 4 1 2 2 3 1 2 4 2 3 1 3 2 1 4 2 4 4 4 1 2 1 4 2 4 1 2 1 1 1 2 4 4 3 1 2 1 1 2 1 2 1 3 4 3 1 1 4 2 3 4 1 3 4 4 1 2 2 4 1 1 4 4 1 1 2 1 2 4 2 1 4 2 3 1
3 2 4 4 1 1 4 4 4 1 3 2 3 4 3 4 3 1 4 2 2 4 3 1 4 1 4 2 4 3 2 4 3 4 3 2 2 2 4 2 3 2 4 1 4 2 1 1 3 2 1 1 2 2 1 4 3 4 2 3 1 2 2 3 3 4 4 4 4 1 3 4 4 1 4 4 1 1 4 2 4 0 2 3 2 1 1 3 1 2 3 3 1 4 3 2 2 4 2 2 4 4 3 1 2 4 4 3 4 2 1 3 4 2 3 1 2 1 1 1 1 3 3 2 1 4 2 1 1 2 4 3 3 2 3 2 1 3 4 1 4 3 4 4 4 3 2 2 3 3 1 1 2 3 2 4 1 2 1 1 3 4 1 3 4 2 4 3 1 1 1 1 1 2 2 1 3 4 3 4 3 4 3 3 1 4 4 3 3 3 4 2 4 2 4 1 4 1 1 3
2 3 4 1 2 1 2 1 1 2 1 4 4 1 2 1 2 4 4 2 3 1 3 3 1 1 3 4 2 2 4 4 1 3 3 3 4 3 3 3 4 4 4 2 3 4 3 4 3 3 3 2 1 3 4 3 3 3 2 1 2 4 3 1 3 1 4 2 3 3 4 1 3 3 1 4 1 4 2 1 3 2 0 3 4 2 1 3 4 1 1 4 2 3 2 3 2 3 2 3 1 3 4 1 4 3 1 4 3 2 3 1 4 2 1 3 3 4 3 2 2 2 2 1 2 1 1 4 4 2 2 1 1 2 1 4 1 1 3 2 2 1 4 4 4 2 2 3 1 4 3 4 2 2 2 2 3 2 1 3 2 3 2 4 2 4 4 1 1 3 1 3 2 4 2 4 1 2 1 1 4 1 2 4 3 3 1 1 3 3 4 4 3 3 3 1 1 1 4 4
4 4 3 2 2 4 3 2 3 2 2 4 2 4 2 3 3 1 1 4 1 3 4 4 2 2 3 1 2 1 1 2 3 3 3 3 3 2 1 2 3 2 4 2 3 3 2 1 1 2 4 2 1 2 4 1 1 4 1 1 3 2 1 2 4 2 2 4 3 1 2 1 2 1 4 2 1 2 4 1 1 1 3 0 2 1 3 4 2 3 3 1 4 2 4 3 2 4 3 4 2 2 2 1 1 1 4 2 2 3 3 1 4 4 1 2 4 4 1 1 4 2 2 3 2 1 4 4 1 2 2 1 2 1 1 4 3 1 1 1 1 1 1 3 4 4 3 4 3 3 4 4 1 1 1 2 3 2 2 2 3 4 1 3 3 3 1 1 4 2 3 1 4 2 2 4 2 2 4 2 3 4 1 4 1 1 3 3 4 2 2 4 1 4 2 4 3 3 3 2
2 3 2 4 2 2 4 4 1 2 1 1 4 1 1 4 2 3 2 4 4 2 3 3 3 4 4 2 4 1 1 3 3 4 2 4 2 2 2 2 2 2 2 1 1 3 1 2 3 1 4 2 4 2 3 3 2 3 3 2 3 3 3 3 4 1 2 3 4 2 2 3 4 1 1 3 1 4 1 2 3 3 2 4 0 3 1 4 4 3 3 2 1 4 3 3 3 1 3 4 3 1 2 2 1 4 1 2 4 3 4 1 4 4 4 4 4 3 3 1 4 4 3 3 2 2 2 1 4 1 3 3 2 3 3 1 1 3 4 3 2 2 4 3 1 1 4 1 2 2 1 1 3 4 2 1 1 2 1 2 4 1 2 1 1 1 3 3 4 3 2 3 4 1 4 2 2 2 4 1 3 1 2 4 1 1 2 4 3 2 1 3 1 3 2 4 1 1 2 3
4 4 3 2 4 3 1 2 2 4 4 2 2 3 4 2 2 2 2 2 3 1 3 1 3 2 1 4 3 3 2 3 1 3 3 2 3 4 2 2 1 4 3 1 3 1 1 4 3 3 1 1 2 3 4 4 2 4 3 3 4 1 2 3 2 2 2 1 4 1 3 3 3 4 4 3 1 1 1 4 2 4 3 2 1 0 2 4 2 1 1 4 2 1 4 1 2 2 2 1 1 4 2 4 4 1 1 4 3 3 2 2 3 3 2 2 3 2 4 2 2 4 1 2 2 4 1 3 1 4 3 3 1 2 4 2 1 4 3 4 2 3 1 1 3 2 4 1 4 1 1 3 4 1 4 1 2 4 4 3 4 1 4 4 2 3 1 1 3 4 1 1 1 1 2 4 4 2 4 4 4 1 2 2 2 3 4 1 4 4 4 3 1 2 2 1 4 2 4 4
4 4 1 1 4 3 3 2 1 3 3 1 1 4 3 4 2 4 2 1 3 4 3 1 4 1 3 4 4 2 2 2 1 4 2 2 1 3 1 4 3 2 4 1 4 2 2 3 3 4 4 4 2 3 3 3 2 1 1 1 1 3 1 1 1 2 3 4 4 2 3 2 1 2 3 1 1 3 1 3 2 4 3 3 3 2 0 1 1 4 2 1 3 4 4 4 3 3 4 3 4 4 2 1 2 1 2 4 3 4 4 2 1 3 1 1 2 2 4 4 3 2 4 4 1 4 1 4 4 4 1 1 3 3 1 4 1 3 3 1 2 4 2 4 1 1 3 1 1 3 2 1 3 4 2 3 1 1 1 1 2 3 2 4 1 1 4 4 3 2 2 4 3 3 1 1 4 4 1 2 2 1 3 3 4 1 1 3 1 2 3 1 1 4 2 3 1 3 3 2
2 2 2 2 2 4 2 1 1 4 1 2 3 1 2 1 1 2 4 3 3 4 2 3 2 4 3 3 4 2 3 1 1 4 1 2 4 4 1 4 1 3 3 1 1 2 3 2 1 4 3 2 4 1 1 2 3 1 1 3 2 4 4 4 2 2 1 4 1 2 1 1 4 3 2 4 4 4 4 3 3 1 4 3 2 4 3 0 1 3 2 4 2 2 4 2 4 4 2 4 2 3 4 1 2 1 3 2 1 4 2 4 1 2 1 4 3 2 1 2 2 1 3 2 2 2 3 1 4 2 3 2 4 3 2 3 3 4 1 1 3 3 2 2 2 1 2 1 2 3 4 1 3 3 1 1 3 3 4 1 4 2 1 4 1 3 1 2 2 4 1 4 4 1 2 4 1 1 2 3 4 1 1 3 3 3 2 4 4 2 4 2 4 4 4 4 1 3 1 3
4 2 2 2 1 1 4 1 4 2 2 3 2 2 2 4 4 2 2 2 3 2 1 4 1 4 4 3 1 4 4 1 4 3 1 3 4 2 4 2 2 4 1 2 1 3 4 2 1 4 4 2 2 4 1 3 2 4 4 2 3 3 4 3 4 2 1 4 3 3 2 4 4 1 1 3 2 3 3 2 4 1 2 3 4 1 4 4 0 3 1 3 1 2 2 2 2 1 1 4 2 4 1 2 1 4 4 3 3 1 4 3 3 4 4 2 1 3 2 1 2 2 4 3 1 1 1 3 3 1 3 3 4 3 2 3 1 2 4 2 3 4 4 3 4 2 1 3 3 1 3 1 3 2 2 2 2 4 3 1 2 1 1 1 1 1 4 4 3 4 2 2 1 3 4 3 4 1 2 3 4 3 1 1 3 3 4 4 2 1 4 2 4 4 1 3 1 2 2 2
2 2 2 4 3 1 4 2 4 4 4 4 3 2 3 3 2 3 2 1 2 2 2 2 1 2 4 3 4 1 1 3 4 3 1 3 1 2 4 1 3 3 2 2 4 4 2 3 2 4 3 2 3 4 3 1 2 1 1 1 2 4 3 3 4 1 3 1 4 4 4 4 4 1 1 1 1 2 4 2 2 2 4 1 2 3 3 4 4 0 4 4 3 2 1 2 2 1 3 1 2 2 3 3 1 1 1 2 3 3 3 1 2 1 4 4 4 3 3 1 4 2 4 2 1 1 3 1 3 4 1 3 4 4 3 1 2 4 2 2 3 4 1 4 2 3 2 2 4 2 1 1 3 1 3 3 1 2 2 4 1 4 2 4 2 1 2 2 4 3 3 2 2 2 4 1 3 3 1 1 3 2 1 3 2 3 3 2 2 3 2 1 4 3 3 4 4 1 3 1
1 1 2 4 1 4 2 1 1 1 4 2 1 4 1 2 3 3 4 2 3 2 3 3 4 2 2 1 4 3 2 3 3 2 2 1 2 3 3 4 4 4 4 1 3 1 4 3 1 4 4 4 1 4 3 2 3 3 1 4 2 2 4 4 1 4 1 4 2 3 3 3 2 4 4 3 2 4 3 2 1 4 4 4 3 1 2 1 2 4 0 1 2 1 4 3 3 1 4 2 1 1 4 3 1 4 3 3 3 3 2 4 1 1 3 3 2 2 1 3 3 2 2 2 2 2 1 2 3 4 4 2 3 2 3 4 1 2 4 1 1 3 1 1 2 1 2 1 1 2 1 1 3 3 4 2 2 4 3 4 1 3 4 4 4 1 2 4 1 2 2 4 1 1 3 1 2 1 4 4 4 2 4 1 3 3 2 2 1 4 1 4 3 4 1 3 1 3 3 3
4 2 1 2 3 3 2 2 1 4 3 4 1 1 3 1 3 2 3 3 1 2 3 3 1 3 3 2 2 4 3 3 2 2 2 3 2 1 2 2 3 3 1 3 4 2 1 3 4 1 3 1 4 4 4 4 3 3 3 4 1 3 1 1 1 2 1 2 3 4 4 4 4 2 1 1 3 2 2 2 4 3 2 1 3 4 1 4 1 1 4 0 4 1 4 4 4 1 4 4 2 4 3 2 3 1 1 3 3 4 4 1 4 4 3 3 2 3 3 1 2 2 2 1 3 3 4 4 1 1 4 4 4 3 3 4 2 4 2 2 4 2 4 1 3 1 3 4 1 1 4 3 3 1 4 2 3 1 2 3 1 1 2 3 2 4 2 4 4 2 3 2 2 3 4 4 3 2 1 2 2 3 1 4 2 2 4 3 2 4 2 4 3 3 4 3 3 4 3 1
2 1 3 3 2 4 4 1 4 2 3 3 3 4 4 1 4 4 2 4 2 4 2 2 2 3 4 3 1 2 4 4 4 3 3 4 1 2 2 4 1 2 1 4 2 3 1 1 3 3 2 3 3 3 3 4 1 2 3 3 2 4 4 2 2 2 1 2 4 3 1 3 3 3 3 3 3 3 4 3 4 3 3 4 3 3 1 1 1 4 3 1 0 1 1 2 1 1 4 1 3 3 3 3 3 2 3 3 1 4 3 2 3 1 1 1 3 4 1 4 4 3 3 2 2 1 4 2 3 4 2 1 1 4 3 1 1 1 2 1 2 1 4 3 3 1 3 2 2 1 2 2 1 4 2 3 4 3 1 1 2 1 1 4 2 2 3 3 2 4 2 1 3 4 3 3 1 4 2 1 2 3 1 1 4 1 2 1 1 2 3 2 3 2 4 1 3 1 2 4
3 4 4 2 4 4 4 2 2 4 1 3 4 4 1 4 2 1 3 3 3 1 2 2 1 1 1 4 4 4 2 1 3 4 1 2 3 3 1 3 1 4 3 4 2 2 4 3 4 4 4 1 1 4 1 1 2 1 3 2 1 1 2 3 2 3 2 1 1 3 3 4 4 1 3 4 4 1 3 1 3 2 2 2 2 3 2 2 2 1 1 1 3 0 1 4 4 4 4 3 4 3 1 1 2 3 3 4 1 1 3 2 1 1 4 3 2 1 4 2 3 3 4 4 2 1 3 3 4 3 1 4 1 2 1 2 2 3 2 4 2 2 3 4 2 4 2 2 2 1 1 2 4 2 1 2 2 2 4 3 3 3 3 4 1 1 1 2 3 2 1 4 1 1 1 3 4 1 3 2 4 4 4 3 1 2 1 1 2 1 4 2 4 3 4 4 1 4 1 1
2 3 2 1 1 3 2 2 1 1 3 2 1 2 4 3 3 3 2 3 1 4 2 1 1 4 3 2 3 1 3 2 2 3 2 1 4 2 2 4 1 2 4 2 3 2 1 4 2 2 2 3 2 2 3 1 3 2 4 3 1 3 2 4 4 3 4 3 4 2 3 2 1 3 1 4 3 1 2 4 1 2 4 4 4 1 2 1 2 4 2 2 2 4 0 3 4 3 4 4 4 1 2 1 4 2 2 4 2 1 1 4 2 1 2 2 3 3 4 4 2 3 1 2 1 1 4 3 1 2 1 3 2 1 2 3 3 1 2 3 3 3 2 1 3 1 2 3 1 3 3 1 3 1 4 1 2 4 4 1 2 3 2 2 4 4 4 1 2 1 3 4 3 3 4 4 1 2 3 3 3 3 4 2 3 2 3 4 4 4 1 2 4 2 2 3 4 4 3 4
1 2 4 4 3 2 2 1 4 3 2 3 3 4 2 1 1 2 1 3 1 3 3 4 3 3 1 4 3 4 1 2 2 3 2 4 3 4 3 3 2 4 1 4 4 4 4 4 4 1 4 1 2 4 4 1 1 4 1 2 3 1 4 2 2 2 1 4 3 4 2 1 2 1 3 2 1 1 2 4 2 4 1 4 1 2 3 3 4 2 4 2 3 3 3 0 3 1 1 4 2 3 1 2 4 2 2 2 1 3 2 4 2 4 2 1 3 4 4 2 1 4 3 4 4 1 3 1 1 3 2 4 2 2 1 1 1 4 4 4 4 3 4 1 2 4 2 3 2 4 2 3 4 4 1 2 2 1 3 2 2 2 3 2 2 4 2 4 1 1 2 3 3 2 2 1 1 3 4 4 1 1 4 4 1 2 2 2 2 4 1 1 4 4 4 3 3 1 1 2
1 2 3 3 1 1 3 3 2 4 1 3 1 3 4 2 4 1 1 1 4 1 2 2 4 4 3 1 4 1 3 4 4 1 4 2 1 2 1 4 3 1 2 2 2 4 4 4 4 3 3 3 1 3 2 3 1 1 1 1 4 1 4 1 3 4 3 3 4 1 1 4 2 4 2 4 2 4 2 1 4 2 4 2 1 1 3 3 1 1 1 3 4 1 2 2 0 4 4 4 2 2 2 1 1 1 1 2 2 3 1 1 2 2 2 2 2 3 2 3 4 4 1 4 4 3 3 3 3 1 2 4 1 3 4 1 3 1 3 4 2 4 2 3 4 2 3 1 1 1 1 3 3 3 4 1 4 2 2 3 2 3 4 4 3 4 1 2 3 4 3 4 4 2 2 1 3 3 2 1 1 1 4 1 3 2 1 2 3 3 2 3 1 3 4 1 1 1 4 3
2 1 4 3 3 3 1 2 3 2 4 2 4 4 4 2 3 2 3 2 2 4 3 3 1 1 4 1 1 2 4 1 3 1 2 3 3 3 1 1 1 4 1 3 3 4 4 1 2 1 4 2 4 1 4 4 1 4 1 4 3 1 1 2 3 2 1 1 4 4 1 4 2 2 3 2 1 3 1 4 2 4 2 4 3 3 3 4 2 3 3 4 3 3 2 3 3 0 1 1 3 4 4 3 3 3 2 3 2 4 3 1 2 2 1 2 2 4 2 3 4 3 1 3 2 3 1 4 1 1 2 3 2 1 1 4 4 1 4 2 1 3 4 2 3 3 4 2 4 3 1 2 3 4 1 4 1 4 4 1 1 2 4 2 4 4 3 1 3 3 4 3 3 1 2 3 4 1 2 1 2 1 3 3 4 3 4 4 3 4 3 4 1 4 2 2 4 1 2 4
2 1 3 2 3 3 3 2 4 4 3 1 4 1 4 4 4 2 2 1 3 2 1 3 3 4 3 1 4 2 4 2 4 3 4 2 4 1 2 4 3 1 2 4 3 4 1 4 3 4 2 1 2 2 1 3 1 3 1 4 1 2 1 4 2 1 1 2 3 1 3 2 3 4 2 3 1 1 4 3 2 2 1 2 2 2 4 3 4 2 2 3 4 3 1 3 2 2 0 3 2 4 2 3 1 4 1 2 2 2 4 3 3 4 4 4 1 3 2 1 2 2 3 3 2 3 4 2 3 4 4 2 3 2 4 2 1 3 3 2 3 2 3 1 1 1 4 1 1 1 4 1 1 3 3 1 3 3 3 4 4 1 4 3 2 2 3 2 3 3 4 3 1 4 4 3 1 1 4 1 2 3 1 3 1 1 2 4 2 1 1 4 1 2 2 4 2 3 3 3
2 2 2 2 1 1 3 2 1 1 2 2 1 1 4 4 1 4 2 1 3 3 1 4 1 4 4 3 2 2 1 2 3 4 4 4 2 3 3 4 4 2 1 1 3 2 4 1 1 1 4 2 1 3 1 1 3 1 3 1 2 2 3 1 3 4 4 1 4 1 3 3 3 3 4 1 1 4 1 1 1 2 1 2 3 1 4 2 1 3 4 1 1 3 4 2 1 1 2 0 4 1 2 4 4 2 4 1 2 1 1 4 3 2 1 1 4 1 4 2 2 4 3 4 3 4 3 1 4 3 3 4 1 1 3 3 4 2 3 1 2 1 2 4 3 2 1 2 2 3 4 2 3 3 4 4 2 3 3 1 3 2 4 4 3 4 1 3 1 4 3 2 4 3 4 3 3 2 3 4 1 4 1 4 2 4 3 3 4 3 3 4 4 3 2 4 3 1 1 3
3 4 3 4 1 2 1 3 1 2 4 2 3 1 3 2 2 1 1 1 1 4 4 1 1 1 4 1 4 3 2 2 1 3 2 4 3 1 4 3 3 3 1 3 4 2 1 2 1 3 4 1 1 4 3 4 1 2 4 1 2 3 1 3 1 4 4 1 1 1 4 1 3 1 1 2 4 3 4 2 3 1 4 2 3 1 3 2 1 3 3 3 1 3 4 4 1 2 3 2 0 1 1 2 2 1 1 2 4 1 4 2 4 4 4 1 3 1 3 4 4 4 1 2 1 2 3 2 4 4 4 4 4 4 4 4 1 1 4 3 3 3 1 4 2 4 3 3 3 1 2 4 4 1 3 4 2 3 3 1 4 1 4 4 4 3 2 2 3 4 3 1 3 3 3 1 1 4 2 2 1 3 1 2 4 2 3 4 4 4 4 3 2 2 3 4 2 4 1 3
3 4 2 4 3 4 3 1 2 1 1 1 2 1 2 3 1 3 4 1 2 3 3 2 4 3 3 2 2 2 2 1 3 1 2 1 2 4 4 1 4 1 1 2 2 2 3 1 4 4 1 1 2 3 1 4 1 2 4 1 2 1 3 1 4 4 2 4 4 2 4 1 3 4 2 2 1 3 2 3 4 4 4 3 1 3 2 4 3 2 2 2 4 4 2 4 2 1 1 1 2 0 2 3 3 1 1 3 1 1 1 1 2 4 3 2 3 3 2 3 2 1 1 1 2 3 2 3 1 1 1 2 1 3 4 1 3 3 3 1 3 4 4 3 1 3 3 2 2 4 2 1 1 2 2 3 2 2 4 3 4 4 2 3 2 3 1 1 2 3 3 3 2 3 2 1 2 1 4 1 2 4 1 4 2 1 3 3 2 3 3 2 1 3 4 3 3 3 2 1
1 4 2 2 3 3 4 4 2 3 2 3 3 1 2 4 3 1 1 2 4 3 1 2 3 3 1 2 1 1 3 3 3 4 4 4 4 3 2 1 1 2 2 3 2 4 4 3 2 3 1 3 2 2 4 1 3 2 4 4 4 4 2 2 2 3 3 3 4 2 4 3 3 4 4 1 3 4 1 4 3 2 4 4 4 4 2 2 1 3 4 2 1 2 3 2 1 1 3 2 1 4 0 2 4 1 1 3 2 1 3 1 2 4 1 1 1 2 4 3 1 4 2 1 3 1 1 4 1 2 4 1 1 1 2 1 1 3 4 4 1 1 2 4 1 3 3 2 3 2 2 3 4 2 1 4 2 2 3 1 4 1 4 2 2 3 1 3 2 4 3 4 2 1 1 2 1 2 4 3 4 3 4 2 3 2 4 2 4 3 1 3 2 1 1 4 3 4 4 3
3 2 3 1 1 4 4 1 2 2 1 1 3 1 2 1 4 1 3 2 2 3 3 4 3 3 3 3 2 2 1 1 3 1 4 2 4 1 1 3 3 2 3 1 3 3 1 4 4 4 1 3 4 1 1 2 1 2 4 3 4 1 2 2 1 4 2 4 1 3 1 4 3 3 3 2 2 3 2 1 3 2 1 4 2 3 1 1 3 2 1 4 3 4 4 4 2 1 3 3 1 1 3 0 3 4 2 2 3 1 1 4 3 2 2 1 4 4 2 1 1 1 4 1 2 3 1 3 4 2 2 4 4 2 3 1 3 4 1 3 4 1 4 1 3 2 2 1 4 4 1 3 3 1 3 4 3 2 2 4 1 3 3 2 1 2 2 1 3 2 2 2 2 1 2 3 1 3 4 4 3 1 4 2 2 4 3 1 3 2 4 1 2 1 3 3 1 2 4 1
1 1 3 4 1 2 4 3 4 4 4 4 3 2 3 3 2 1 1 4 3 3 3 3 4 2 3 1 3 3 1 2 3 3 2 4 2 3 2 4 2 1 3 2 4 1 4 2 4 4 1 1 4 2 2 1 4 3 1 1 3 1 4 3 4 2 3 1 4 3 1 3 4 1 3 2 2 2 4 4 2 2 3 2 3 2 1 2 4 4 4 1 1 4 1 3 2 3 1 1 4 2 1 3 0 4 1 2 2 1 1 3 1 3 3 4 4 2 1 2 1 4 2 1 1 3 4 3 1 1 3 4 1 1 2 2 1 4 2 2 2 1 1 4 4 4 2 4 1 4 2 1 3 3 4 2 4 1 4 4 2 1 2 3 3 2 4 2 2 4 2 1 3 3 2 2 1 3 2 1 1 4 2 2 3 4 4 4 3 1 2 4 3 1 3 4 2 2 4 1
1 3 2 1 3 3 3 4 2 3 3 3 3 3 4 1 2 2 1 2 4 2 4 2 1 3 2 3 4 4 2 1 3 1 4 3 3 4 2 3 1 3 1 2 2 4 2 3 2 1 3 1 4 3 4 3 2 3 3 4 4 1 3 2 4 2 2 1 1 3 2 2 2 3 3 1 3 2 4 1 3 4 2 1 2 2 3 2 4 3 1 3 4 1 2 2 3 2 1 4 1 3 2 2 4 0 2 3 1 2 4 3 1 3 1 4 2 1 2 1 3 3 1 1 4 3 1 3 3 1 2 1 1 1 4 2 1 4 1 4 3 2 4 4 1 1 4 2 4 2 2 3 4 1 3 1 2 3 2 3 1 2 2 3 1 1 4 1 3 1 2 2 4 1 3 2 2 2 4 1 1 4 4 4 2 4 4 3 2 3 1 1 2 4 1 4 4 3 1 2
4 1 3 4 2 4 3 4 1 4 4 3 3 4 4 4 1 1 4 1 2 2 2 1 1 2 4 4 4 2 1 3 1 1 4 4 4 2 3 2 2 1 3 4 2 1 3 2 2 4 2 1 2 2 2 2 3 2 1 3 1 1 4 4 4 1 3 2 1 2 2 4 4 3 2 2 1 1 1 1 3 3 1 1 2 2 3 3 1 2 4 2 2 2 3 2 2 1 4 3 2 4 3 4 1 2 0 2 1 4 4 4 1 2 1 2 3 2 2 3 1 2 1 2 4 3 1 3 3 3 2 2 2 1 3 3 3 1 4 2 2 3 2 4 3 2 4 1 4 2 2 4 1 1 3 4 3 1 4 3 1 3 4 4 2 4 1 1 4 4 1 1 2 1 3 2 4 2 3 3 1 1 2 2 1 1 2 4 1 1 3 1 1 2 4 1 4 2 1 4
2 3 2 2 4 4 1 2 3 4 2 1 2 2 1 2 2 4 4 3 2 3 4 4 4 1 4 4 2 2 2 4 2 2 1 1 2 4 3 1 4 4 2 3 1 1 2 4 4 1 1 1 4 4 4 2 1 2 4 1 4 4 3 3 3 1 1 1 1 1 1 1 4 1 2 4 2 3 1 1 2 1 4 2 1 1 2 2 2 1 3 4 4 4 1 1 2 3 4 2 4 2 3 1 4 1 3 0 3 2 4 1 4 2 1 4 1 3 1 3 2 2 2 2 3 3 3 4 1 3 4 2 4 4 3 4 3 2 2 3 3 1 1 1 2 4 3 4 2 3 4 4 2 4 1 3 1 2 4 4 1 4 3 1 3 2 1 4 1 2 1 4 4 3 4 2 2 4 3 4 2 1 4 2 1 4 4 3 4 1 2 2 4 4 1 2 4 2 2 2
4 1 3 3 2 4 3 1 3 3 3 2 1 3 2 3 3 1 4 2 4 4 4 3 2 1 2 4 4 1 4 3 4 2 2 4 3 2 3 2 1 3 4 2 4 2 2 4 3 4 3 4 1 3 1 1 4 3 3 4 4 1 4 1 4 4 3 3 3 1 1 1 2 3 1 4 1 1 3 3 1 3 4 2 2 2 1 2 3 1 3 3 2 3 3 4 3 1 2 3 4 1 1 1 1 2 4 1 0 1 2 3 1 1 4 1 4 2 3 4 1 3 1 3 3 3 2 2 2 2 4 4 3 3 1 3 2 2 1 4 3 3 3 4 4 1 4 1 1 4 3 1 2 1 2 2 3 1 2 3 2 4 3 2 3 3 2 4 3 1 3 4 4 1 3 3 4 4 1 3 1 3 3 2 4 2 4 1 2 1 4 2 3 1 3 2 3 4 2 3
2 1 2 4 1 2 4 4 4 2 3 4 2 1 4 4 3 2 4 4 1 1 4 3 2 4 3 2 4 2 3 1 2 3 1 2 2 4 1 1 4 3 4 2 4 1 4 3 4 1 4 2 2 1 4 2 2 2 2 2 3 2 3 1 4 4 4 3 3 4 2 2 1 3 4 4 1 4 4 1 2 4 2 2 3 4 3 1 3 2 1 4 4 4 2 4 4 2 2 4 2 1 2 2 2 2 1 3 3 0 4 1 2 1 3 3 3 4 1 4 1 3 4 2 4 4 1 4 2 4 3 4 4 4 4 1 3 2 4 2 2 3 3 4 1 2 3 4 1 1 1 4 3 4 1 3 1 4 1 3 1 4 1 2 4 3 1 1 4 4 4 3 4 3 3 3 3 1 3 3 4 3 2 2 4 1 1 2 3 2 3 3 3 1 1 1 2 2 2 1
3 3 3 4 4 1 1 3 2 1 3 3 1 2 3 2 1 3 1 3 2 3 1 3 1 1 4 2 2 1 3 1 4 3 1 4 4 1 2 2 3 3 1 1 2 4 1 4 1 2 1 3 4 3 2 3 1 4 4 1 4 4 2 2 1 4 3 2 4 3 2 4 4 2 3 4 3 4 3 3 3 1 1 3 1 2 2 1 3 3 3 3 2 2 4 1 1 4 1 4 2 2 1 4 4 2 4 4 4 1 0 4 4 3 1 4 4 2 4 2 2 4 4 3 4 1 3 1 3 2 3 1 4 4 2 1 2 1 2 4 1 3 3 4 3 3 2 1 2 3 1 3 2 3 2 3 4 4 3 3 3 1 2 4 4 2 1 2 4 2 4 4 1 1 4 3 2 4 2 4 1 1 1 4 3 3 1 1 1 4 2 1 4 3 1 4 2 3 1 3
1 1 1 3 3 3 2 2 3 4 1 4 1 3 1 2 4 1 1 2 4 2 3 4 3 4 3 4 3 4 1 1 4 3 3 1 3 2 4 2 2 3 4 1 4 4 4 4 4 3 3 4 2 2 3 4 4 3 1 4 3 2 3 4 2 3 4 1 2 1 1 3 3 4 1 1 4 3 2 3 4 3 2 1 2 2 4 1 3 3 4 3 2 4 2 2 2 2 1 1 3 2 2 3 3 3 4 3 3 1 4 0 1 4 1 2 1 1 3 4 2 1 2 3 2 3 4 2 2 3 4 2 2 4 1 4 1 1 4 2 1 4 4 3 3 2 4 4 3 3 4 3 2 2 1 2 3 2 1 1 3 1 4 3 3 3 3 1 3 2 4 3 1 4 1 1 1 4 2 3 4 2 1 2 4 3 4 3 2 3 4 2 1 3 2 3 3 3 4 1
3 4 2 1 1 3 1 3 1 4 2 1 4 2 4 4 4 1 3 1 4 2 3 3 4 1 1 2 2 1 2 3 4 3 3 3 2 4 2 1 2 2 1 2 1 3 4 4 1 1 3 4 2 4 3 3 2 1 4 4 3 1 1 3 3 1 1 2 3 3 1 1 1 4 3 2 1 2 2 3 1 1 4 1 2 1 2 3 2 4 4 2 4 1 2 4 1 2 3 1 1 3 3 2 4 2 2 2 4 3 1 3 0 3 3 2 1 4 2 3 1 4 4 1 3 4 2 2 1 1 1 2 3 3 1 4 2 4 1 4 4 1 3 2 3 4 2 1 1 1 2 3 1 2 1 2 2 3 4 4 2 3 1 1 1 4 3 2 4 4 2 2 4 4 2 3 2 3 1 3 2 4 1 2 4 4 2 4 1 1 3 4 2 3 3 1 4 2 4 2
2 4 4 1 2 2 3 3 3 3 1 3 1 4 1 2 1 3 1 1 4 4 1 4 2 3 2 3 4 4 4 2 4 3 4 3 2 4 3 1 4 4 3 3 1 3 2 2 4 3 3 2 2 2 3 1 1 1 4 4 2 2 4 2 3 1 3 2 3 1 3 2 4 1 1 1 3 1 1 4 1 2 2 3 3 1 1 3 2 2 1 4 3 1 2 3 4 3 2 4 3 2 4 1 4 3 1 3 1 4 4 3 3 0 4 4 1 3 3 2 2 2 4 3 3 3 1 2 4 3 1 2 2 3 4 3 2 3 4 4 4 3 1 2 1 4 3 4 1 1 3 4 4 2 4 4 4 4 2 2 2 1 3 4 4 4 1 3 4 3 1 3 2 4 2 2 2 2 4 2 1 1 1 1 1 1 2 3 2 3 2 4 2 4 2 2 2 4 3 1
1 1 3 3 1 2 2 2 2 1 1 2 3 1 2 2 3 4 1 4 1 2 2 3 4 1 3 2 1 4 4 2 4 4 3 2 2 3 1 4 1 3 4 4 3 3 3 4 4 4 4 1 1 2 4 4 1 4 2 4 1 1 4 1 3 1 3 1 4 4 3 4 2 3 2 3 3 4 3 2 4 1 4 2 2 3 4 2 2 2 1 3 1 4 1 3 3 2 4 1 4 1 2 1 4 3 3 2 1 2 1 3 4 1 0 3 2 3 1 2 4 3 1 2 4 4 3 2 1 1 3 4 1 1 1 3 2 4 4 3 3 3 1 1 2 3 1 3 3 2 1 3 1 4 2 1 1 4 4 4 1 3 4 3 1 1 1 4 4 2 2 4 1 3 3 4 3 3 1 4 2 4 4 3 4 1 2 1 1 1 1 4 2 1 2 2 3 3 3 1
2 2 2 3 2 4 1 1 1 3 4 1 3 1 2 1 3 1 2 3 3 2 4 1 1 4 3 3 1 4 1 4 4 4 3 2 1 1 3 1 4 2 4 2 3 2 3 2 4 3 2 2 4 2 2 3 2 1 4 1 2 3 4 2 1 4 2 1 1 4 2 3 1 3 2 3 2 2 2 2 2 2 1 3 2 2 2 1 1 2 1 2 3 4 2 3 4 3 1 4 1 4 4 1 4 4 2 2 2 3 1 3 3 3 3 0 1 1 3 1 3 2 4 1 3 4 3 2 2 3 3 4 2 1 4 1 2 1 2 2 3 3 2 3 1 3 3 1 1 4 3 2 3 3 3 1 2 3 2 1 2 2 1 1 1 1 1 1 3 4 2 1 4 3 2 2 4 3 1 4 3 4 2 4 4 3 2 4 2 1 1 1 4 3 2 1 1 2 2 2
4 2 4 1 2 1 3 2 3 2 1 1 2 1 4 1 3 1 4 2 1 4 3 3 1 4 4 2 2 1 1 4 1 1 1 1 2 1 3 4 3 2 2 3 2 2 4 2 4 4 1 2 1 2 1 2 1 2 4 3 4 1 3 4 4 2 1 2 3 1 2 2 2 3 2 2 1 3 2 2 4 1 1 4 3 4 1 4 1 2 2 1 4 1 1 2 3 4 3 4 2 4 1 3 4 3 3 3 3 4 4 4 2 2 4 1 0 3 3 3 4 4 2 2 1 1 4 2 1 3 4 4 2 3 3 3 1 3 1 3 1 4 4 2 2 1 3 2 2 3 3 1 2 1 4 1 1 3 4 2 4 1 3 3 1 3 4 2 1 3 3 1 4 1 1 1 3 3 2 3 1 3 2 4 2 3 3 3 1 3 4 4 4 3 4 3 3 1 2 3
1 4 4 1 3 2 3 3 4 1 1 3 3 3 1 3 3 1 4 3 3 3 4 3 3 3 4 1 2 1 4 4 2 2 4 2 3 1 2 1 3 3 3 2 1 2 4 1 2 3 3 4 1 2 2 2 1 4 2 4 1 2 2 1 1 4 3 4 1 2 2 3 2 4 4 2 4 4 1 1 1 3 4 1 4 2 2 4 2 2 4 2 4 4 2 3 3 3 3 2 4 2 1 4 3 2 4 4 4 2 4 2 2 2 4 4 2 0 4 3 4 3 2 1 2 4 4 4 4 2 2 3 1 3 1 3 4 4 2 4 2 1 1 3 4 4 3 4 1 1 2 2 4 1 2 1 2 2 2 1 2 3 4 4 3 3 4 3 1 1 3 1 4 3 3 4 3 3 2 1 2 3 2 2 1 1 3 3 3 2 4 4 4 4 2 4 2 3 2 2
1 4 2 3 4 2 4 2 4 4 3 1 2 3 3 1 2 2 3 1 2 2 2 2 2 1 2 4 3 1 2 4 3 3 4 2 2 3 1 4 2 3 1 2 3 2 3 4 2 1 4 3 4 4 3 1 3 3 2 1 2 3 2 2 4 4 4 3 2 2 4 4 3 2 1 2 4 3 4 1 3 1 3 1 3 1 2 4 4 1 3 3 3 1 2 1 3 2 4 2 3 2 4 4 2 4 1 3 4 3 1 4 1 2 4 2 1 3 0 2 3 2 1 2 4 3 2 4 3 1 4 1 1 4 3 4 4 2 4 2 4 2 2 3 4 3 4 1 1 2 3 3 2 1 2 3 1 4 2 2 2 3 2 2 4 3 2 3 4 4 2 2 1 1 2 3 2 3 1 1 4 4 1 3 2 3 3 1 1 2 2 1 2 4 2 2 4 3 4 3
3 1 3 2 1 3 1 3 4 4 3 2 3 1 1 4 2 1 1 1 3 1 3 4 4 4 3 3 4 3 4 3 1 2 1 4 1 2 3 1 1 4 2 4 2 1 4 4 2 1 4 2 3 1 3 2 1 3 2 4 4 3 2 4 3 1 2 3 3 3 4 1 4 3 1 3 4 3 2 4 1 4 2 1 2 1 3 4 4 2 3 1 1 3 2 1 3 4 4 2 4 3 3 2 1 1 3 4 3 1 4 2 3 4 1 2 4 1 2 0 4 3 4 3 3 1 1 2 4 2 2 4 1 2 4 3 4 3 3 4 1 3 4 3 3 2 1 1 2 1 3 1 1 1 4 4 3 2 4 1 1 3 2 3 1 1 4 1 2 3 3 4 2 2 2 3 3 2 4 2 1 4 4 2 2 3 4 1 4 4 2 3 3 3 1 3 2 4 2 1
2 1 1 4 4 2 4 4 3 3 1 3 4 4 1 3 3 2 1 1 4 4 2 4 1 3 2 4 4 2 4 2 3 4 4 4 1 1 4 3 3 3 2 4 1 3 3 3 1 3 4 1 2 3 3 4 2 2 1 2 1 4 4 3 3 3 1 2 3 3 4 3 4 2 4 2 3 1 3 3 2 3 3 1 1 4 2 1 1 4 1 1 3 3 3 2 3 1 4 2 1 4 3 2 1 1 1 2 4 1 1 3 3 2 1 3 4 2 4 2 0 3 4 4 2 1 4 4 4 3 1 2 4 2 4 2 4 3 1 1 2 3 2 2 2 3 3 1 1 1 3 4 2 3 3 1 1 1 3 2 1 1 3 2 4 3 1 3 2 1 2 2 2 2 3 3 3 1 1 3 4 2 2 1 4 2 4 4 3 3 4 3 4 3 4 4 3 1 3 3
1 1 2 3 4 4 3 1 3 1 4 1 2 3 3 2 3 1 1 4 4 3 2 4 2 2 1 2 4 4 3 1 2 1 4 1 1 4 1 4 2 3 4 4 1 3 4 1 4 3 3 4 1 2 4 3 4 1 4 3 1 4 1 2 4 3 4 3 2 2 1 4 3 2 3 1 1 3 4 1 1 4 3 2 4 3 4 4 4 3 4 3 4 1 1 1 1 2 4 2 3 3 1 4 1 2 3 3 2 4 3 1 4 2 2 2 3 1 3 4 3 0 3 4 3 1 1 1 2 4 1 4 3 1 4 1 4 4 4 4 3 1 3 4 1 4 1 1 4 3 3 1 2 3 3 2 2 3 1 4 4 2 1 3 4 4 3 4 2 3 1 3 4 3 2 1 3 3 3 4 1 1 1 2 4 3 3 2 1 4 3 1 3 2 3 2 1 2 1 3
2 1 2 1 4 2 2 2 1 4 1 4 4 4 3 4 3 4 4 3 3 3 4 2 2 4 1 2 3 3 4 2 4 4 1 3 3 3 4 4 2 1 2 1 1 2 2 4 3 1 4 3 1 1 1 1 2 3 1 4 3 3 2 1 2 4 1 2 4 1 1 2 1 4 2 1 4 4 4 4 4 2 2 2 4 1 3 1 4 1 4 2 4 2 4 4 4 3 2 2 4 4 1 4 4 1 3 1 2 3 1 2 4 4 3 4 4 2 1 4 2 2 0 1 4 1 3 4 1 4 3 3 2 4 4 1 3 4 4 2 3 4 4 2 2 1 1 3 4 3 4 2 3 3 1 1 3 4 1 2 1 1 2 3 1 1 2 2 1 4 4 1 3 4 1 4 4 4 3 1 1 4 4 1 4 1 3 2 4 2 1 4 4 3 3 3 4 4 1 1
3 4 3 3 3 2 1 1 2 1 1 1 3 2 2 1 1 1 4 1 3 1 3 3 2 2 4 1 1 4 2 2 4 2 1 1 4 3 2 2 2 4 2 1 2 4 3 2 2 2 4 3 3 4 4 1 2 4 4 4 3 4 1 2 3 4 2 1 1 2 1 4 3 4 4 1 2 4 2 4 1 4 3 1 1 4 2 1 4 3 1 4 4 1 1 1 1 1 1 3 2 4 3 1 4 1 2 2 1 3 3 3 4 3 1 3 2 4 2 1 4 2 3 0 2 2 2 1 2 3 3 4 4 1 1 3 3 2 4 1 2 4 3 1 2 4 3 2 3 1 2 3 1 2 3 4 1 4 4 3 3 4 1 2 1 4 1 2 1 4 3 3 4 4 3 1 1 2 3 2 3 2 4 2 4 1 2 4 4 3 2 2 1 4 2 4 1 4 3 4
3 3 2 3 3 1 4 4 3 1 2 4 2 1 1 3 3 4 1 2 1 4 2 3 1 2 1 4 2 3 4 2 1 2 3 1 4 2 4 1 1 4 4 1 4 1 4 4 4 1 2 3 4 4 4 2 1 2 1 3 4 3 4 1 1 4 2 3 4 4 3 3 4 2 4 4 3 4 4 2 2 1 1 1 1 4 4 2 3 2 2 4 4 2 3 4 4 3 2 1 2 2 2 3 4 2 1 1 4 1 3 3 1 2 4 2 1 4 2 2 2 2 4 1 0 4 1 4 2 2 2 4 3 1 1 2 3 4 3 1 2 3 4 1 4 2 2 4 1 1 3 4 1 2 2 4 2 1 4 4 3 4 1 4 4 2 1 4 2 1 1 3 3 1 4 3 4 3 4 1 4 4 2 1 4 1 1 4 4 4 1 2 4 2 3 2 1 1 3 1
2 2 1 4 3 4 2 1 3 1 2 2 3 3 2 3 1 3 3 1 2 3 4 3 4 1 3 2 2 3 1 4 3 4 4 3 4 3 4 1 4 3 4 3 2 2 3 1 4 2 2 1 2 2 3 3 2 1 2 4 2 2 1 2 2 1 1 1 2 1 4 3 2 4 3 3 1 2 1 4 2 1 1 3 3 1 3 4 4 4 1 3 1 1 1 1 1 3 2 2 3 2 3 2 2 1 1 3 4 3 3 4 2 3 1 2 4 2 4 4 1 4 2 3 1 0 2 2 4 3 3 4 4 4 1 4 1 2 3 4 3 1 4 4 3 1 1 1 3 3 1 4 1 3 2 1 1 3 1 1 4 2 3 1 4 4 3 4 3 1 4 2 1 2 4 1 1 2 2 1 1 4 3 2 1 4 2 2 1 2 3 2 3 3 2 2 1 3 2 3
3 4 2 1 3 4 4 1 3 2 1 4 1 4 2 1 4 2 2 4 3 2 2 3 2 2 2 3 1 2 2 1 4 3 4 2 2 4 2 2 4 2 4 4 4 2 1 4 2 4 2 2 2 2 3 4 4 3 1 2 4 1 1 1 3 4 1 4 2 3 1 2 2 4 1 3 4 1 2 4 4 1 4 3 4 2 3 4 3 3 4 3 2 2 1 3 3 1 3 4 3 1 2 1 2 4 2 2 3 2 4 4 1 3 1 1 3 1 2 4 3 4 2 3 4 4 0 1 4 3 1 1 4 2 1 2 1 2 1 3 3 1 2 4 2 2 3 1 2 4 4 1 4 3 1 1 4 2 1 3 1 1 1 2 2 1 2 2 3 1 2 1 1 1 3 3 4 3 4 1 4 3 1 1 1 1 3 3 4 3 2 3 3 1 1 3 4 3 2 1
4 1 4 2 1 3 1 2 4 4 4 3 2 2 2 1 4 1 4 1 3 1 4 4 3 1 4 3 4 3 2 1 1 1 1 2 4 4 4 1 4 4 4 1 2 3 1 4 2 3 3 1 3 3 4 2 3 4 2 4 3 2 1 2 2 4 1 4 4 1 2 2 1 2 1 3 3 3 4 3 1 2 2 3 2 2 2 4 3 1 1 4 3 1 3 2 3 2 1 4 2 2 4 3 1 2 3 1 3 2 2 2 4 1 1 1 2 1 1 2 1 3 1 2 3 1 3 0 1 1 3 4 2 4 1 4 2 1 4 1 1 2 4 2 4 1 2 1 4 3 4 1 1 1 2 1 4 3 1 1 1 4 1 4 4 4 4 2 4 4 1 4 3 1 3 4 2 4 2 1 3 3 1 3 4 1 2 3 2 4 3 3 1 4 3 4 1 3 4 2
1 4 1 2 3 4 1 1 3 2 3 3 4 3 3 4 2 2 3 3 3 4 1 3 4 2 2 3 2 2 1 1 4 2 3 4 2 4 2 2 1 3 3 3 4 4 1 1 4 3 3 1 1 2 1 1 2 1 3 2 1 1 3 3 2 1 1 1 3 4 2 1 3 4 2 3 1 1 3 1 1 2 1 1 2 1 1 4 4 4 1 2 3 1 2 2 4 1 4 1 4 4 2 4 3 2 1 3 3 2 1 1 2 2 1 2 1 1 2 3 1 3 4 4 2 3 3 4 0 4 2 3 3 4 1 1 3 4 3 2 1 3 3 3 3 4 1 3 1 2 1 4 4 4 4 3 2 4 1 2 4 4 4 4 3 4 1 2 4 4 3 3 3 1 1 4 3 1 2 4 2 1 2 4 3 4 3 1 3 1 1 3 1 4 2 2 4 3 1 1
4 2 3 2 4 1 4 2 1 1 2 2 1 4 4 1 4 4 2 3 2 1 4 1 3 1 2 3 4 2 3 1 4 3 2 4 4 4 3 2 4 3 3 4 1 4 4 3 4 1 4 4 3 4 3 2 4 3 4 1 2 3 4 3 2 1 1 3 4 1 1 1 1 1 1 3 4 1 2 3 1 4 1 2 2 1 3 1 1 1 3 1 2 2 4 4 3 3 4 2 3 4 2 4 2 4 4 3 3 4 3 2 1 3 4 2 3 3 4 1 2 4 1 4 3 1 2 1 4 0 4 1 1 2 4 3 3 1 1 3 4 1 1 1 2 4 3 4 4 1 3 1 3 3 3 4 3 3 1 1 1 2 4 2 2 4 4 4 2 4 3 1 4 2 3 1 3 2 1 3 3 2 4 1 3 3 2 4 3 4 3 2 2 4 4 3 3 1 4 4
3 3 2 1 3 1 1 1 4 2 3 2 2 4 3 3 2 4 3 2 2 4 4 4 4 1 2 3 3 4 1 3 2 3 2 1 1 1 3 4 4 4 3 1 2 2 2 4 4 3 2 1 4 4 2 2 4 3 3 1 4 3 3 2 2 1 1 2 1 4 2 3 2 1 1 2 3 2 4 4 3 3 1 3 4 4 4 4 4 4 3 4 1 1 3 4 4 4 1 2 3 3 2 3 4 2 1 2 2 3 3 2 2 4 3 4 1 3 1 4 3 1 3 2 3 2 1 3 1 1 0 1 3 2 1 1 4 3 3 1 2 4 1 1 3 3 2 3 3 1 4 3 4 1 4 4 2 1 1 1 4 1 2 3 3 2 4 4 2 1 4 2 1 4 1 1 4 1 3 1 1 3 3 2 3 4 4 2 3 1 2 2 3 1 2 4 1 4 4 4
1 2 2 4 1 1 3 3 4 3 3 3 1 4 4 4 2 2 4 2 2 1 3 4 1 3 4 3 4 2 3 1 4 3 3 1 3 4 2 3 3 1 1 1 1 3 1 2 4 3 1 4 3 1 3 2 1 2 2 3 2 3 4 1 2 1 4 3 3 4 3 4 3 4 4 4 2 3 1 4 3 4 3 3 1 1 4 1 2 4 1 3 2 3 1 4 3 4 3 3 2 2 1 4 3 2 4 3 3 3 3 2 3 2 3 3 3 4 4 4 1 2 4 4 2 1 2 1 3 2 3 0 3 2 3 4 1 2 3 3 3 2 3 2 2 3 3 2 3 3 2 3 3 3 1 4 1 3 2 4 3 2 4 3 2 1 1 2 2 2 1 2 3 3 3 2 2 4 3 2 4 1 1 1 1 1 2 1 2 1 2 2 3 2 2 4 1 4 4 2
1 2 4 3 2 1 3 4 4 3 3 1 1 4 3 4 3 1 2 2 4 4 4 3 4 2 2 4 4 3 2 1 2 3 3 1 3 3 1 1 1 3 4 1 2 3 2 2 4 4 3 2 1 4 4 1 2 3 3 2 1 3 1 2 2 3 4 1 4 1 1 3 2 4 2 1 4 3 4 4 1 4 2 4 4 4 2 1 1 4 4 1 2 3 1 2 2 3 4 1 2 4 1 2 4 3 2 3 1 3 1 4 3 4 2 4 1 2 1 3 4 2 2 2 1 3 1 1 2 2 3 2 0 2 3 1 1 2 3 2 3 4 4 2 3 4 2 1 1 4 1 1 2 1 1 4 1 3 4 1 2 4 4 2 3 2 4 4 1 4 3 2 4 3 1 3 3 1 4 1 4 3 1 1 1 4 2 3 1 1 4 2 4 3 4 1 1 4 2 2
1 2 1 2 4 1 4 2 1 1 4 2 4 1 2 1 2 2 3 1 1 3 2 1 3 3 2 2 1 2 1 4 1 3 1 3 3 2 2 2 4 2 2 4 4 4 3 1 2 1 1 2 2 4 2 4 3 3 4 3 2 2 4 1 1 2 3 2 3 3 2 3 4 4 3 3 2 2 1 2 3 3 2 4 2 3 1 1 4 1 3 2 1 3 3 1 1 4 4 3 3 1 1 3 1 4 1 3 2 4 1 2 3 2 4 2 3 2 1 3 3 2 2 4 4 2 3 3 3 3 1 2 3 0 2 4 3 4 1 4 4 4 1 2 4 4 2 3 2 2 3 3 4 4 2 2 4 3 1 3 2 3 2 1 2 1 1 3 4 2 2 4 4 4 2 1 1 4 4 3 1 1 2 4 3 4 3 4 2 1 3 3 4 3 1 2 2 2 3 2
2 3 4 4 4 1 3 1 2 1 1 4 1 1 2 3 2 1 4 4 4 4 3 4 2 3 1 1 1 4 3 3 3 2 3 4 2 1 3 4 4 4 1 2 2 1 3 2 2 2 4 1 3 4 1 2 1 2 2 3 4 4 2 4 1 2 3 1 3 1 4 1 1 1 1 2 4 2 1 1 1 4 4 4 2 3 3 4 2 3 3 3 1 1 3 3 1 2 4 1 4 3 4 1 1 3 1 1 2 3 2 2 4 4 1 1 2 1 3 4 1 4 2 1 3 2 3 3 2 2 3 1 3 1 0 1 1 4 3 4 2 2 4 1 2 3 4 3 1 1 4 4 3 3 2 1 2 4 2 4 4 1 3 1 3 3 4 3 4 4 4 1 2 2 1 3 4 3 4 1 4 4 1 2 2 3 4 4 2 3 4 4 4 4 4 2 2 1 1 3
1 1 3 2 1 1 1 4 1 1 3 3 3 4 2 1 2 2 4 1 2 4 3 2 2 4 4 2 3 3 3 2 4 2 1 3 4 3 3 3 1 2 3 1 3 2 1 4 2 1 2 2 2 3 3 3 4 2 2 2 4 3 2 4 1 2 3 4 3 3 3 3 1 4 2 3 4 4 3 4 3 2 3 4 3 2 3 4 4 4 4 1 3 3 2 3 2 3 4 1 2 4 1 1 4 3 3 4 4 3 3 4 1 2 3 1 1 3 1 1 2 4 3 2 4 4 3 2 4 2 1 2 1 3 2 0 4 3 2 1 1 1 2 3 2 4 4 2 4 4 3 4 1 2 4 4 4 1 4 4 3 2 2 2 1 1 4 4 3 4 1 1 1 4 1 2 1 1 2 3 1 2 2 1 2 1 4 1 2 3 1 1 4 4 4 3 4 3 1 2
1 4 2 4 4 1 1 3 2 3 2 2 4 4 1 2 1 2 1 3 4 1 4 2 4 2 2 1 1 1 2 3 4 2 1 4 3 3 2 4 2 3 1 1 4 2 1 4 4 3 1 1 4 4 2 3 2 3 2 4 3 2 2 3 4 2 1 4 4 2 1 3 3 3 1 3 2 4 3 2 4 1 1 1 1 4 4 2 1 4 2 1 1 3 4 4 4 3 4 2 3 1 4 1 2 3 4 2 2 3 2 4 3 4 1 4 2 3 2 2 3 3 1 4 1 3 1 3 1 4 1 3 4 1 3 2 0 4 4 1 1 3 1 4 3 2 3 3 1 4 3 1 2 1 1 2 4 3 3 1 4 3 4 2 1 1 4 3 1 3 1 1 1 1 4 1 4 3 3 3 3 2 2 4 2 3 3 2 4 4 2 2 1 4 2 3 2 2 4 2
4 3 2 1 1 3 3 2 2 4 1 1 4 2 4 1 3 4 1 2 2 1 2 4 2 1 4 4 2 2 4 3 3 3 4 2 1 2 1 2 3 2 1 4 1 2 3 1 4 4 4 2 2 2 4 2 3 4 1 2 3 4 2 2 1 2 2 4 4 1 2 3 1 4 1 3 1 1 4 4 4 4 1 2 3 2 1 3 2 2 3 3 2 1 1 2 2 4 4 1 3 3 1 4 2 4 3 1 4 4 3 3 2 4 2 1 2 3 3 4 2 2 1 2 1 2 2 3 1 2 1 2 2 1 2 4 3 0 2 3 4 2 4 1 1 4 1 1 2 3 3 3 3 3 1 3 4 4 2 4 1 4 1 2 1 1 1 4 2 1 2 4 2 3 2 4 3 3 4 4 1 1 1 4 4 4 1 2 1 2 2 4 2 1 4 2 2 2 2 3
4 2 1 3 2 1 1 2 4 2 2 1 1 1 3 4 2 3 3 4 3 1 2 2 4 1 3 2 3 3 3 3 1 3 3 4 2 2 4 1 3 3 1 1 1 1 2 4 1 3 4 3 2 3 1 4 1 1 2 2 2 3 2 3 4 4 3 3 4 4 4 2 1 3 1 4 1 2 1 2 1 2 4 3 2 1 4 3 1 4 4 3 3 2 1 2 1 2 3 3 1 3 4 1 2 3 1 3 4 3 4 3 2 1 4 4 2 1 4 1 4 2 4 4 3 3 4 2 4 4 4 1 4 3 1 4 4 2 0 2 2 4 1 3 2 3 4 1 3 4 4 4 3 3 3 3 4 3 4 2 2 2 3 1 1 3 4 3 1 4 1 1 2 2 4 1 3 1 3 4 1 2 3 4 2 1 3 2 2 2 1 2 2 4 2 1 2 4 1 1
3 2 4 2 3 4 3 2 4 4 2 2 1 3 2 3 4 3 3 1 4 4 3 4 2 4 1 1 4 3 4 2 3 3 2 4 4 4 3 2 1 2 3 4 2 1 2 4 3 1 3 4 2 2 4 4 4 2 1 2 4 2 3 2 2 2 3 2 2 3 1 1 2 4 3 4 1 3 3 3 3 4 3 2 4 1 2 3 3 2 4 1 2 3 3 1 1 1 3 3 1 1 3 4 3 2 4 4 4 3 4 3 2 2 3 2 1 4 1 2 3 3 2 3 3 3 2 4 1 2 4 3 3 2 3 4 2 4 2 0 2 2 2 3 1 3 4 1 1 1 2 3 1 1 4 2 1 1 3 4 1 2 4 4 2 1 2 3 1 2 4 4 1 2 4 1 3 1 1 1 3 3 4 4 4 2 3 4 3 1 2 3 4 1 2 1 4 3 3 2
3 2 1 4 4 3 4 3 1 3 3 1 1 4 3 3 4 1 3 3 2 3 1 4 4 4 3 1 3 2 3 2 1 3 3 3 4 4 3 1 3 2 1 3 4 3 4 1 1 2 2 3 4 3 4 3 1 2 4 4 3 2 1 2 3 4 2 3 1 1 2 4 2 2 3 4 3 3 4 1 3 4 3 3 2 3 4 3 1 3 2 1 2 2 3 4 2 4 1 3 3 4 3 4 4 1 3 1 1 4 1 1 2 2 4 3 4 1 1 3 4 2 3 2 4 2 3 1 3 3 2 4 2 2 3 2 3 4 1 3 0 4 4 4 1 3 2 1 1 4 4 1 3 1 1 1 1 3 2 4 1 2 3 1 4 2 4 4 2 1 3 1 1 1 3 4 2 1 4 2 2 1 3 1 3 4 4 1 4 2 3 3 1 1 3 3 4 3 1 3
3 3 1 1 4 3 3 2 1 2 1 3 3 3 1 2 4 1 3 4 2 4 4 4 2 1 2 1 1 4 2 1 3 1 4 2 3 2 2 1 1 2 1 4 2 4 1 4 2 3 1 3 2 3 1 1 1 1 4 1 3 4 3 4 2 4 1 2 3 2 3 1 1 4 1 2 2 3 2 4 2 1 2 4 4 4 4 2 3 2 3 4 1 2 3 1 3 3 4 3 2 1 3 1 1 3 1 3 1 2 4 2 3 4 3 2 2 1 3 3 2 1 1 4 2 1 3 1 2 4 3 4 2 1 2 2 3 2 3 1 4 0 1 3 1 4 1 1 1 2 3 1 2 4 2 2 1 4 1 2 2 1 1 4 4 1 2 3 4 4 2 4 2 1 3 3 2 1 3 4 2 2 2 1 2 2 4 2 3 4 3 3 3 1 3 3 1 3 3 3
3 1 1 1 3 3 4 3 3 2 1 3 4 1 4 1 3 4 3 4 1 4 1 1 4 2 4 1 1 1 2 3 1 2 3 1 1 1 1 4 3 3 3 3 2 4 2 1 1 4 3 3 4 4 3 2 3 1 2 1 1 1 1 4 3 1 3 3 2 4 1 2 1 4 4 1 4 1 2 2 3 4 3 1 4 1 1 3 4 3 1 2 1 1 3 2 1 4 4 3 3 4 3 3 3 2 2 2 1 2 2 3 1 2 2 4 1 3 4 3 1 3 4 3 3 2 3 1 4 4 4 1 4 4 1 4 3 1 3 4 3 4 0 1 2 2 4 2 2 1 2 4 1 4 2 3 3 4 3 2 2 2 2 3 3 2 1 3 3 2 3 4 2 4 1 2 1 1 2 4 2 2 1 3 1 3 2 1 4 4 3 1 4 3 2 4 3 4 2 4
3 4 1 1 4 4 4 4 3 4 3 2 1 1 2 2 4 4 3 1 4 2 2 1 2 3 4 4 1 3 4 3 2 1 1 3 1 3 3 3 2 1 2 4 1 3 3 2 1 4 3 4 3 2 4 3 4 4 2 1 1 3 1 3 3 2 3 3 2 1 2 3 3 4 2 4 4 4 4 4 4 2 3 3 4 2 1 2 3 4 1 3 2 3 2 4 3 2 4 1 3 4 3 1 3 4 2 3 4 4 2 1 4 2 3 3 1 3 2 1 4 1 3 2 3 1 3 2 1 3 1 3 2 1 3 1 4 1 1 3 2 2 2 0 4 2 4 2 1 4 3 2 1 2 2 3 2 3 3 3 1 3 2 3 2 4 3 3 3 4 1 3 3 2 2 4 1 4 2 2 3 4 1 3 1 1 3 3 2 4 4 2 1 2 4 4 3 2 2 1
3 4 1 4 4 2 3 4 3 4 2 4 2 1 4 4 3 4 3 2 3 2 4 3 1 4 4 4 1 3 2 2 4 2 4 2 2 1 4 4 2 1 1 3 3 4 1 2 1 1 3 2 1 2 3 2 2 1 3 2 4 4 2 4 4 3 2 4 1 1 4 1 3 1 3 1 4 3 4 4 3 2 2 4 4 2 3 3 3 2 4 3 4 4 3 4 4 2 1 4 3 4 1 2 3 1 4 3 2 2 3 3 1 2 2 4 4 1 4 4 3 4 1 3 1 2 2 2 1 2 1 2 4 2 3 4 4 2 1 2 3 4 3 4 0 4 2 1 4 2 4 3 4 1 1 4 4 1 4 1 2 3 3 2 3 4 4 1 2 1 3 3 2 4 4 2 4 4 2 1 4 4 2 4 1 1 3 1 4 2 4 3 2 4 2 2 4 2 4 2
2 4 3 3 4 3 1 4 3 3 1 1 1 4 3 4 1 3 2 2 4 3 4 3 1 4 4 1 3 1 3 3 3 3 4 2 3 4 4 1 1 2 4 2 2 4 4 1 1 2 2 1 4 1 2 2 4 4 1 3 1 1 2 2 4 2 3 1 2 2 3 4 1 4 2 1 1 3 2 1 4 3 2 3 3 2 2 3 3 2 4 3 2 1 1 4 1 1 2 4 2 2 1 1 2 4 2 3 3 4 1 1 2 1 4 4 2 3 3 3 3 4 2 4 2 1 1 4 1 1 2 4 1 4 1 4 1 1 4 3 2 4 4 3 2 0 2 2 2 1 1 1 2 4 2 3 3 4 2 3 4 1 4 4 2 3 2 1 1 2 3 4 2 2 3 3 1 1 4 4 3 2 4 1 2 4 3 1 1 4 3 1 3 4 4 1 4 4 2 2
1 4 1 2 2 2 2 3 1 2 3 4 1 2 2 1 4 3 2 2 4 2 4 1 2 2 4 3 1 4 2 3 3 1 3 3 4 4 1 2 3 3 1 3 3 2 3 2 1 2 1 4 3 1 4 3 2 1 1 3 2 1 1 4 2 3 1 1 4 2 2 3 4 4 1 2 4 2 1 2 4 4 2 2 4 1 4 3 2 3 2 3 4 4 2 3 2 4 2 1 1 3 4 2 4 4 1 2 3 1 2 2 4 3 4 1 4 2 2 1 1 4 2 3 2 2 3 3 2 4 2 4 2 4 2 1 4 2 2 3 4 2 2 3 1 4 0 3 4 3 3 2 1 3 3 3 4 4 2 4 3 3 2 3 1 1 4 1 2 1 2 1 2 4 4 2 2 4 4 4 3 3 3 3 4 1 4 4 4 4 2 3 1 1 4 3 3 1 2 2
3 2 3 4 2 1 4 3 1 3 1 3 4 3 3 4 4 1 3 3 3 1 1 2 4 1 1 4 2 2 3 3 4 2 1 4 2 3 4 1 1 4 4 4 4 4 4 1 3 3 4 3 1 3 2 2 2 3 2 4 4 3 4 4 2 4 2 1 3 3 3 2 4 3 4 3 4 3 2 2 3 4 4 3 4 2 4 4 2 2 2 3 4 3 1 3 3 1 3 2 1 4 3 3 2 1 4 4 4 3 1 3 3 4 1 2 1 3 4 1 4 1 4 1 1 3 1 2 4 2 4 3 1 3 2 2 2 4 1 3 1 4 4 3 4 1 1 0 3 2 3 4 3 3 2 1 1 3 2 3 3 2 3 3 4 4 4 2 3 4 2 1 4 2 4 2 2 2 3 1 4 4 1 4 2 3 2 3 4 4 3 1 3 4 2 2 3 4 4 2
3 1 3 1 3 4 1 1 4 3 1 3 4 3 3 4 3 4 2 4 2 3 2 4 4 2 2 3 4 3 4 2 4 3 4 2 1 1 3 2 3 4 4 3 3 4 1 4 2 2 2 3 3 3 3 1 4 3 1 4 3 4 1 1 2 2 1 2 2 4 3 4 3 3 1 2 2 2 2 1 1 1 1 1 1 4 4 3 2 1 4 4 2 4 3 3 3 3 3 4 1 3 4 2 3 3 1 3 1 3 4 1 4 4 3 1 2 2 4 3 4 3 2 1 3 3 1 2 4 2 1 1 4 1 2 3 3 4 1 2 1 2 2 3 1 4 3 3 0 3 3 4 4 1 3 3 3 2 4 4 4 3 4 2 2 3 4 1 3 3 4 3 1 4 4 1 2 4 3 4 1 1 4 1 3 4 4 2 3 1 2 4 4 4 2 1 2 4 4 2
1 1 3 2 2 3 2 3 1 4 2 2 3 3 1 2 2 1 3 1 4 2 2 1 1 4 3 4 2 3 3 2 1 1 4 1 2 4 2 1 1 3 4 3 2 2 1 4 4 3 2 4 2 2 2 1 4 2 1 1 1 1 4 1 3 4 1 2 3 2 1 4 2 4 2 2 2 3 4 3 2 4 1 4 2 4 1 2 2 3 4 2 4 2 2 4 1 1 3 2 3 2 1 4 3 1 2 2 3 1 1 1 2 4 4 4 4 2 2 3 3 4 4 1 4 4 4 2 2 2 4 1 1 3 1 1 2 2 4 4 3 3 1 3 2 3 2 1 2 0 1 2 2 3 4 4 4 3 4 2 2 1 2 3 4 2 2 2 2 4 2 1 4 2 3 2 3 1 2 2 2 2 2 4 4 2 2 1 3 4 1 3 1 4 1 3 1 4 1 1
3 3 1 1 3 4 3 3 4 1 1 2 4 2 1 3 4 2 2 2 1 2 1 3 2 2 3 3 1 4 4 2 2 3 3 2 1 4 4 3 2 4 3 4 2 2 1 3 4 2 3 4 3 2 2 3 1 4 4 4 4 2 4 4 1 2 1 4 1 2 2 4 1 4 3 3 3 4 4 4 4 3 3 3 1 3 3 3 2 4 4 2 1 3 4 4 1 1 2 2 4 4 3 4 3 1 4 1 1 1 2 1 1 3 4 1 1 1 4 3 3 3 4 3 2 4 3 3 1 4 4 3 4 4 4 1 1 1 3 3 2 4 4 4 1 1 4 4 3 3 0 2 3 2 2 3 1 1 2 3 1 3 2 2 3 2 2 2 3 1 1 1 4 4 2 2 3 4 4 3 3 4 4 2 1 4 4 3 1 1 1 3 1 4 2 3 3 4 2 2
2 1 1 4 1 2 1 2 4 2 1 4 1 3 1 4 3 3 4 3 4 2 2 3 2 4 2 1 3 2 2 4 3 4 4 3 4 2 3 3 1 3 3 2 2 4 2 4 4 1 1 1 4 2 1 4 4 2 4 3 1 1 2 2 3 2 3 4 3 2 1 4 1 3 3 3 3 2 1 2 1 3 1 4 1 1 1 1 4 1 1 2 2 3 1 1 4 3 1 1 4 3 3 4 2 2 4 1 3 2 1 2 2 2 3 4 4 2 4 2 1 3 1 3 2 4 4 3 2 3 1 1 1 2 3 4 1 4 1 4 3 4 2 4 1 3 4 1 3 4 4 0 4 3 3 4 2 4 2 4 4 3 2 4 1 3 3 3 1 3 2 1 4 1 1 1 1 3 2 4 2 1 2 1 1 3 2 1 2 2 3 1 1 3 1 3 2 1 1 4
2 3 1 1 1 4 1 2 3 3 1 2 2 2 1 1 4 1 2 2 1 3 2 4 4 2 1 1 3 2 2 2 4 2 4 4 1 2 2 1 2 1 4 2 3 4 2 4 3 2 2 2 3 1 4 1 2 2 1 3 4 4 2 3 4 4 3 2 4 2 3 2 2 3 2 3 1 4 3 3 1 4 1 3 2 1 1 2 3 3 1 1 1 1 2 3 3 2 2 2 4 4 2 1 3 4 2 1 1 1 1 4 1 1 1 1 2 4 1 2 3 2 2 2 4 2 4 2 3 1 4 1 3 2 3 3 4 1 4 3 2 3 3 4 3 2 3 4 4 2 3 4 0 2 1 4 1 3 2 2 2 2 3 3 1 2 4 3 3 1 4 4 2 3 3 4 1 3 3 3 1 4 1 4 2 3 2 3 1 4 3 1 3 3 3 3 2 1 1 3
3 4 4 4 3 1 2 2 4 3 3 1 4 1 4 3 1 2 2 1 1 4 3 1 4 1 2 3 4 4 3 3 3 2 1 3 2 1 3 3 2 4 3 3 4 2 2 4 2 3 4 2 3 2 1 4 3 1 3 3 1 2 1 1 1 3 1 3 2 4 1 2 4 2 4 1 4 4 3 3 2 2 3 1 4 1 3 3 4 4 4 4 3 3 3 3 3 2 2 4 1 4 1 4 2 3 4 2 3 4 2 2 1 3 4 2 2 2 4 4 1 3 4 1 4 2 2 1 4 4 1 4 2 3 2 2 1 3 2 1 2 4 1 1 3 1 2 1 3 1 2 4 4 0 1 4 4 2 1 3 2 3 4 2 3 3 1 3 1 2 3 1 4 2 2 2 4 3 1 3 4 4 1 3 1 2 3 3 3 3 4 2 1 3 4 2 4 2 2 2
4 4 3 3 4 3 3 1 3 3 1 2 4 1 3 4 1 3 1 1 1 2 4 4 3 4 3 1 1 2 1 2 1 4 2 3 1 3 1 4 4 3 3 1 3 3 3 3 4 3 2 3 1 4 3 2 4 3 4 4 3 1 3 1 2 2 2 3 4 3 4 4 1 3 3 1 1 1 4 2 1 4 4 4 3 4 4 4 3 3 2 1 1 4 2 2 4 3 4 3 4 3 4 2 1 2 1 2 3 1 2 4 2 4 1 1 2 1 2 4 1 4 1 4 3 3 4 1 2 4 1 1 2 4 4 2 4 2 4 2 1 2 3 1 3 1 3 3 2 2 1 3 4 4 0 3 4 2 3 4 4 4 3 1 3 1 4 4 4 1 1 2 2 2 3 3 2 1 3 4 3 2 1 4 1 4 3 4 4 3 4 4 1 4 2 3 3 2 4 1
4 3 2 4 2 4 3 3 2 1 1 1 1 3 1 2 3 4 3 3 1 3 2 3 4 4 4 1 1 1 1 1 1 4 2 2 2 4 1 1 3 4 1 3 1 1 1 2 3 4 4 3 1 1 2 1 4 1 3 4 3 3 1 2 4 3 4 1 1 2 4 4 1 4 4 4 4 1 3 4 2 2 2 4 1 1 4 3 4 3 1 3 2 2 1 4 1 1 1 2 1 3 4 4 4 4 4 2 3 1 3 3 3 2 4 2 2 3 3 1 1 2 2 3 1 1 2 4 4 1 1 4 4 3 2 4 4 3 2 3 1 3 1 1 1 1 1 4 4 1 2 1 1 3 3 0 3 1 2 4 4 2 1 3 2 2 2 4 3 3 3 1 2 4 1 2 2 3 1 1 4 4 2 4 1 3 2 4 1 2 2 2 3 3 1 1 2 4 3 2
1 4 1 1 3 4 3 3 3 2 3 4 1 2 4 4 4 4 3 3 3 3 4 3 3 2 3 2 4 1 2 3 1 4 3 4 2 2 1 4 3 2 3 2 4 3 2 1 2 2 1 3 3 4 4 1 4 1 3 2 4 1 1 1 3 3 2 4 2 2 4 1 2 4 4 1 1 4 4 4 1 3 4 4 1 2 4 4 3 2 3 4 1 2 1 4 4 2 1 2 3 2 4 4 3 2 2 2 1 3 3 3 1 2 2 4 2 4 3 4 1 2 4 4 1 3 1 2 1 3 2 2 2 4 1 1 3 4 4 1 1 2 1 4 4 3 4 3 3 2 2 1 1 1 1 4 0 2 1 3 3 2 4 3 1 1 3 1 4 1 4 2 4 1 1 3 2 2 3 3 1 3 2 3 3 1 2 3 2 2 1 4 1 3 1 1 2 1 1 1
4 1 1 1 3 2 1 4 3 2 2 3 2 4 2 3 1 1 3 2 2 3 1 2 2 1 4 3 2 4 1 2 1 1 4 3 3 3 4 2 1 4 4 4 1 3 4 3 1 4 3 3 4 2 2 3 4 1 2 2 2 3 3 1 1 3 2 3 1 1 1 2 3 3 3 3 2 4 2 2 4 1 4 4 2 3 3 4 3 1 3 3 4 3 3 4 4 3 2 4 2 1 2 3 3 1 2 4 4 2 3 1 1 2 2 2 2 3 4 2 1 3 1 2 4 2 2 3 2 2 2 4 1 2 4 4 1 4 3 4 3 2 3 3 4 2 4 2 1 3 3 2 1 3 4 2 1 0 1 2 1 2 3 4 2 1 2 1 2 2 1 3 3 1 3 3 4 3 1 3 2 1 2 4 3 4 1 2 2 3 3 1 4 2 4 1 1 2 2 3
1 3 4 4 4 4 3 3 3 2 2 3 4 4 3 3 4 3 4 2 3 3 3 3 2 2 4 4 1 2 1 3 2 2 3 1 4 3 2 2 4 1 1 2 1 2 3 4 2 2 1 2 1 4 2 1 3 2 2 1 3 2 4 3 4 3 1 3 2 2 1 1 4 2 1 4 1 4 4 2 2 2 3 3 2 1 1 4 1 4 3 1 2 2 3 4 3 1 1 3 1 2 4 1 3 2 2 1 1 2 2 3 4 4 4 3 1 2 1 1 4 2 4 2 1 4 3 3 2 2 1 4 3 3 4 2 1 4 3 3 4 3 4 1 4 4 1 3 4 2 1 2 4 2 1 4 3 1 0 2 2 4 3 1 3 3 3 1 1 4 1 1 4 2 3 2 1 2 4 2 1 1 4 4 1 2 1 3 2 1 2 1 3 1 2 1 2 4 3 4
2 3 4 1 4 2 2 1 1 1 1 3 2 2 3 2 1 2 2 2 3 1 4 3 2 3 2 2 3 1 2 2 1 3 4 4 2 3 2 3 3 1 1 1 2 1 2 4 4 4 2 4 1 2 2 2 1 2 3 2 3 4 4 2 3 1 1 2 2 3 2 1 3 4 2 4 1 2 2 2 2 2 1 2 4 3 3 1 2 2 1 3 4 4 1 3 3 4 2 1 4 2 1 2 2 1 4 4 4 2 1 2 1 1 3 1 4 4 1 2 2 2 4 1 3 3 1 2 4 1 3 3 1 4 4 1 2 4 4 2 3 2 2 4 3 1 4 2 2 1 4 2 2 2 3 3 1 4 2 0 1 3 1 4 2 2 3 4 2 1 4 4 1 1 3 4 1 3 2 3 1 3 4 1 4 2 4 3 4 1 2 1 2 2 1 2 1 4 3 2
4 3 3 3 4 3 3 3 3 1 2 3 1 1 1 3 1 1 2 4 1 3 4 1 3 4 1 1 4 3 1 1 2 1 2 4 2 4 1 2 3 3 4 4 2 3 1 2 1 3 1 4 1 1 3 4 2 3 2 4 4 2 2 3 1 2 3 2 1 3 2 1 4 3 4 1 4 4 4 2 4 4 4 2 1 3 2 3 2 3 1 2 4 1 1 4 4 4 2 2 1 2 3 4 2 4 1 3 3 3 4 1 2 2 1 1 3 3 4 3 4 1 1 2 4 1 1 2 3 2 4 4 2 1 2 1 3 1 2 3 1 1 2 2 3 2 4 1 4 1 3 2 1 2 3 2 2 3 4 3 0 2 1 2 3 2 3 1 1 3 3 1 1 4 1 2 1 2 2 3 1 2 4 2 4 2 1 2 2 1 4 4 2 3 1 3 4 3 4 2
4 3 3 3 3 1 2 3 1 3 3 2 4 1 4 4 2 3 2 3 4 4 3 3 3 2 3 4 3 2 2 4 1 1 1 3 2 4 4 4 2 4 4 1 3 2 2 1 4 3 1 4 3 2 1 4 3 2 4 4 4 1 1 4 3 3 2 4 2 3 3 2 4 4 4 4 4 2 4 1 2 1 2 1 4 3 1 3 1 1 4 4 4 1 2 2 4 4 2 4 3 2 1 4 4 2 1 1 3 4 2 2 2 4 2 3 3 4 4 4 1 3 2 4 3 1 4 2 1 2 4 3 3 1 2 4 1 3 1 3 4 3 3 2 3 2 2 1 1 2 3 1 2 2 3 4 1 2 4 2 2 0 1 3 1 3 3 4 3 3 3 3 4 1 1 3 2 1 2 4 2 4 1 1 4 4 3 3 2 3 1 1 4 1 3 3 2 4 1 3
3 2 2 4 4 4 4 1 4 1 2 4 1 1 4 2 1 1 1 1 4 3 1 2 3 4 1 3 1 2 2 1 4 3 2 3 1 3 1 4 3 2 2 1 1 1 4 2 2 4 1 1 2 2 1 4 4 2 3 3 3 1 1 1 3 2 2 1 2 2 1 4 4 4 1 1 4 2 3 4 2 1 3 2 3 3 1 2 2 1 3 1 2 2 3 1 4 1 1 2 3 3 1 1 1 3 4 2 3 4 3 4 2 4 2 3 4 4 1 1 1 4 3 4 3 1 3 2 4 1 4 3 3 1 2 2 3 1 3 3 1 4 4 4 1 3 4 1 3 3 2 3 2 1 2 1 2 1 4 4 4 1 0 4 2 4 1 3 3 2 3 4 2 2 2 2 3 3 4 2 2 4 2 4 4 1 2 2 3 3 2 3 1 2 1 2 1 3 1 3
2 1 2 3 2 3 3 2 3 4 2 3 2 1 2 4 2 3 1 3 1 3 3 4 2 2 1 4 3 3 2 3 2 3 4 1 4 3 3 3 3 4 1 1 1 4 1 2 3 2 3 1 1 4 2 3 2 1 2 3 4 4 4 4 1 4 2 2 1 4 1 1 2 3 1 1 3 4 4 2 4 1 4 2 3 4 4 1 4 4 2 2 1 3 1 1 4 1 2 3 2 3 3 3 2 2 1 4 2 4 3 1 2 4 1 3 4 4 4 1 3 2 4 1 2 4 1 2 1 4 2 1 4 2 2 2 4 1 1 1 1 4 1 3 4 4 2 4 1 4 1 3 4 2 1 1 4 3 3 1 4 4 2 0 1 1 2 4 1 1 2 3 4 2 3 1 3 4 2 3 3 1 1 2 1 3 4 2 4 4 4 1 3 1 2 3 1 1 3 4
4 3 2 1 1 2 4 1 3 4 2 3 3 1 4 2 3 1 1 3 3 1 1 2 4 1 3 3 2 2 2 2 2 2 1 4 4 4 2 3 4 4 2 1 2 1 3 2 4 1 2 3 4 4 1 3 4 1 3 2 4 2 1 4 1 3 1 3 4 2 4 4 3 3 2 1 2 1 4 2 2 1 4 1 4 2 1 1 2 4 2 2 2 1 1 1 4 4 1 4 3 1 2 2 4 2 3 1 4 3 4 3 4 1 3 3 1 1 4 3 1 1 1 4 3 4 4 4 3 1 4 3 2 1 4 3 4 2 3 3 1 2 4 3 2 2 2 1 4 1 3 4 4 1 1 2 4 4 3 2 4 3 4 3 0 2 4 3 4 4 4 4 4 2 2 2 4 4 1 1 2 2 2 4 2 2 4 2 1 2 2 2 1 4 2 3 4 2 2 3
3 3 2 4 4 2 2 1 1 1 3 3 4 1 1 4 4 1 1 2 4 4 2 4 3 2 4 1 2 3 4 2 4 4 1 3 4 2 3 3 2 3 4 1 1 2 1 2 1 1 2 2 2 1 1 4 3 4 3 2 1 4 4 2 1 3 1 1 4 3 2 1 3 4 3 1 3 1 1 2 3 4 2 2 2 1 2 2 1 4 1 3 2 2 2 3 3 3 1 2 4 3 4 4 2 3 1 4 2 4 4 4 3 2 3 3 3 2 3 3 2 1 2 3 4 3 4 4 3 3 2 2 2 2 4 3 3 1 1 2 2 4 2 1 4 1 3 3 1 3 4 4 2 2 1 2 4 4 2 4 4 2 2 1 2 0 4 2 1 3 1 3 4 4 1 4 3 4 3 1 3 2 1 3 3 3 4 1 3 1 2 4 1 3 1 4 3 2 1 2
3 4 3 1 4 4 3 4 2 3 3 3 4 4 2 4 1 2 4 3 1 3 2 2 2 2 4 4 1 4 2 2 3 3 1 3 3 4 3 3 3 3 2 2 1 3 4 2 3 3 4 1 4 4 2 2 2 3 4 2 2 3 2 1 1 1 4 1 1 2 1 1 3 4 2 2 3 2 4 2 2 2 1 1 3 3 4 2 4 4 2 4 3 1 1 1 4 4 3 4 2 1 1 3 4 4 1 2 1 4 1 1 2 2 4 4 3 1 1 3 3 1 2 3 4 3 1 4 2 3 2 2 2 1 2 4 3 4 2 2 3 3 2 1 3 1 1 1 1 1 2 3 4 2 1 1 4 2 1 3 2 1 4 4 4 2 0 4 4 1 3 2 2 4 1 2 1 2 3 4 3 4 4 3 3 3 1 3 2 3 1 1 2 2 1 1 1 3 1 2
2 2 2 1 4 1 4 4 2 4 1 2 3 2 3 3 4 3 3 3 1 1 1 2 2 4 3 1 4 1 2 2 4 2 3 4 2 3 2 1 4 4 1 2 3 1 4 1 4 3 2 1 1 4 3 2 1 3 4 3 3 3 2 4 1 1 1 3 3 3 3 1 3 1 4 2 4 2 1 2 2 1 2 1 4 3 2 4 3 3 4 3 3 3 2 2 1 1 3 2 4 2 4 4 3 3 2 3 4 1 1 2 4 3 3 3 2 2 1 2 2 3 3 3 4 3 3 2 1 4 4 1 1 4 4 1 4 3 2 2 1 2 4 2 1 2 2 1 4 3 1 4 1 4 3 3 3 2 3 2 3 3 2 3 3 4 1 0 1 2 2 4 1 2 4 3 2 2 4 3 2 1 3 1 3 2 2 2 1 1 4 4 1 1 3 1 3 2 3 1
4 1 3 1 1 1 3 4 1 2 4 4 3 2 4 4 4 4 3 3 4 2 1 3 1 4 3 3 1 3 2 4 2 2 1 3 1 4 2 4 3 4 4 1 1 2 1 4 1 2 1 3 1 2 4 4 4 4 2 3 1 4 3 1 4 1 3 4 1 2 3 4 4 1 2 3 3 1 1 1 1 4 2 1 2 1 2 4 1 3 4 3 1 3 3 2 4 1 3 4 4 4 3 3 2 4 4 1 2 4 3 3 3 1 2 2 1 2 1 2 4 4 1 4 2 3 1 2 1 1 2 3 1 3 4 4 4 4 1 2 3 4 3 2 3 3 3 1 2 2 2 4 2 3 2 4 4 3 3 1 3 1 1 3 1 3 2 4 0 4 1 1 2 4 2 4 1 3 3 3 4 4 4 1 4 4 3 2 4 3 2 2 2 2 1 1 1 4 1 1
2 2 2 1 1 1 4 1 3 3 4 1 1 1 3 4 3 2 1 3 3 1 4 1 4 2 2 4 1 4 3 4 3 4 2 1 3 1 4 1 3 4 2 2 1 3 3 2 1 3 2 2 2 1 4 2 2 3 2 1 1 4 1 3 2 4 4 2 2 4 3 1 4 2 1 2 2 4 2 2 4 1 2 1 2 2 3 4 2 2 3 1 4 1 1 4 3 2 2 1 4 1 4 4 1 2 1 4 3 1 4 4 4 4 4 3 3 1 2 4 1 1 3 3 4 1 1 1 4 1 2 2 4 4 1 1 3 3 1 3 2 3 4 4 1 4 1 1 3 3 3 3 2 4 2 1 1 2 2 4 3 2 1 3 4 4 4 3 3 0 1 4 3 3 1 1 3 3 4 3 2 1 2 2 3 3 3 1 1 3 3 2 4 2 4 1 3 3 3 1
1 3 2 3 3 4 1 3 2 3 3 3 3 3 4 3 2 1 2 4 1 2 4 1 3 1 3 1 4 3 3 3 1 4 1 3 3 1 3 2 1 4 4 3 1 4 3 3 1 2 4 3 4 1 3 2 2 4 3 4 4 1 2 2 1 4 3 3 3 1 3 1 1 3 1 1 3 1 3 3 3 2 2 3 1 2 2 1 3 1 1 3 1 2 4 3 2 3 4 1 4 4 1 3 1 2 2 3 1 1 2 3 2 4 4 2 2 3 1 1 3 4 3 4 2 3 1 4 4 3 3 4 2 1 4 2 3 3 1 3 2 4 3 4 4 4 2 4 4 3 1 3 4 2 4 1 3 1 2 4 3 4 1 1 3 3 4 3 1 1 0 4 4 4 4 4 4 2 1 1 3 4 3 2 2 1 4 1 4 3 4 1 2 4 3 4 2 4 3 2
4 2 4 3 2 2 2 2 4 4 4 4 1 1 2 2 4 4 1 4 3 4 2 4 3 3 1 1 4 3 2 2 4 3 2 4 3 3 3 3 4 4 4 3 2 1 4 4 4 4 2 2 4 4 2 1 3 3 2 1 2 4 4 4 4 1 3 2 3 3 2 2 1 3 1 2 2 1 3 3 2 4 2 4 3 1 2 1 3 2 2 3 2 3 4 1 4 2 1 1 3 4 2 2 3 1 2 4 1 1 2 1 2 2 2 1 3 1 3 2 4 1 1 2 2 2 4 4 1 3 1 4 1 4 1 3 3 1 1 1 2 3 3 2 1 2 2 1 3 4 4 2 3 4 2 2 3 2 4 1 4 3 2 2 1 4 1 1 4 4 4 0 3 1 1 2 3 3 4 4 1 1 2 3 4 4 1 2 2 4 3 4 3 3 3 4 3 2 1 2
2 1 4 1 4 1 2 4 2 4 3 4 2 3 3 2 3 1 2 2 3 4 3 3 1 1 3 2 2 4 3 4 4 4 1 2 3 1 2 2 1 3 1 4 3 3 1 2 2 3 4 3 2 3 3 2 4 2 1 4 1 4 2 1 4 4 3 4 4 1 1 3 3 2 4 3 2 1 2 4 2 2 4 2 2 3 2 2 2 2 2 2 3 1 3 2 4 1 4 2 3 2 3 1 2 3 4 2 4 4 2 3 4 4 3 3 4 3 4 4 3 4 1 1 1 1 2 3 4 3 3 1 3 4 2 3 3 3 3 1 3 1 4 3 4 1 3 4 4 2 1 1 2 1 4 3 1 3 2 2 1 3 3 2 2 4 1 4 3 2 3 2 0 2 4 3 2 2 3 1 1 4 2 4 4 2 3 3 3 4 4 3 2 1 3 3 2 2 2 1
2 2 1 1 4 4 2 3 4 3 3 4 4 3 2 2 4 4 2 1 3 3 4 4 3 2 1 2 2 3 4 2 1 2 3 4 3 2 2 4 3 4 2 2 4 1 3 3 3 2 1 4 1 1 4 4 4 4 3 2 1 4 4 2 4 1 2 2 3 2 1 4 1 1 1 4 2 2 1 3 3 4 1 1 1 3 2 2 4 3 2 2 3 3 4 4 2 4 3 1 1 2 2 3 3 3 1 3 1 4 4 1 1 4 2 1 1 4 4 1 3 1 3 3 3 4 2 3 2 4 4 3 2 4 2 2 2 3 3 3 3 3 1 4 1 1 1 2 4 1 2 1 4 3 1 1 3 2 3 3 4 1 1 2 1 4 3 4 3 2 1 2 4 0 4 4 4 4 4 2 3 2 4 4 1 2 4 3 4 2 3 3 1 3 1 4 1 3 2 4
2 4 3 1 2 3 4 4 4 1 2 3 3 2 1 2 4 4 4 4 2 2 2 4 2 3 1 2 2 4 2 1 4 3 3 4 1 1 4 1 1 2 2 1 3 4 1 2 4 2 4 2 1 4 2 3 2 3 1 4 1 2 3 3 3 4 3 4 4 3 4 3 2 3 1 2 1 2 2 3 4 2 1 1 4 1 4 4 4 2 3 4 2 1 3 4 4 3 2 1 2 1 2 1 4 1 2 1 3 3 2 4 1 2 2 2 2 4 3 2 3 2 2 2 4 1 1 2 1 1 2 4 2 1 3 2 2 1 1 2 4 1 3 4 1 3 1 4 2 4 4 3 4 2 1 1 3 3 2 3 4 2 3 4 4 1 1 3 1 2 3 2 4 1 0 3 1 3 1 1 2 1 1 4 1 2 1 3 3 2 4 2 2 4 2 2 1 1 2 1
2 4 4 3 1 4 1 4 1 2 3 1 1 3 1 4 1 3 2 4 2 3 4 1 1 3 3 4 3 1 4 3 3 1 2 1 4 4 3 3 1 1 2 1 1 4 2 2 4 4 3 4 1 4 3 4 4 4 4 1 4 1 3 3 1 1 2 3 3 2 1 1 1 1 4 3 1 3 4 2 2 1 3 3 4 2 4 3 2 4 3 2 2 4 2 1 4 4 4 2 2 3 1 3 2 1 2 3 1 2 2 3 4 4 3 3 4 2 3 3 2 2 4 1 1 4 3 1 1 4 2 1 2 4 1 1 1 1 4 2 1 4 1 2 2 1 2 4 3 3 4 2 1 2 4 4 3 1 4 3 2 3 3 1 1 4 3 3 4 1 1 4 2 2 1 0 2 2 4 3 2 3 4 2 2 4 3 3 2 1 3 1 4 1 1 4 3 1 3 1
4 3 4 3 2 2 3 4 1 2 3 3 3 3 4 2 1 2 2 3 3 3 4 4 3 4 3 1 1 2 3 2 3 1 1 4 3 2 4 3 3 4 2 4 4 3 2 2 1 3 3 2 1 1 2 3 4 4 4 4 3 4 3 1 3 1 4 1 2 4 2 2 3 3 2 2 4 2 4 3 2 3 2 2 2 4 1 2 4 3 4 3 4 1 4 4 1 2 2 1 3 2 3 4 1 3 2 2 2 1 3 3 3 3 3 2 2 2 1 2 2 4 2 1 2 3 3 1 4 2 1 4 3 3 4 3 1 3 3 2 2 3 2 3 4 3 1 3 1 3 2 1 4 4 4 3 3 3 3 3 2 4 1 3 3 1 4 3 1 2 1 4 1 4 2 2 0 3 1 1 2 4 2 3 4 4 1 2 3 3 4 1 1 3 3 2 2 1 3 1
3 4 3 4 4 2 4 1 1 3 3 1 2 1 4 2 2 3 2 4 3 2 3 4 2 2 1 1 2 4 1 3 3 2 1 1 2 3 2 4 4 1 4 1 4 2 1 2 3 1 2 2 1 3 2 1 2 4 1 3 4 3 2 3 4 4 4 3 3 2 1 1 2 3 3 1 4 3 4 2 3 3 1 2 3 2 3 4 3 3 1 3 1 4 4 4 4 1 3 2 2 1 1 2 1 3 3 1 1 4 4 3 4 1 4 3 1 4 2 1 4 4 3 4 4 4 2 2 2 3 1 4 2 4 1 3 4 4 2 3 4 4 4 4 2 2 1 3 3 3 3 3 2 3 4 4 2 4 2 2 2 4 1 1 3 2 3 1 2 4 1 3 2 2 4 1 3 0 2 4 4 4 3 3 2 3 1 2 4 2 1 2 2 4 2 1 4 2 1 2
3 1 2 2 4 4 1 4 4 3 4 1 2 3 4 3 2 4 4 2 1 3 3 3 1 1 3 1 1 1 2 1 2 1 1 1 2 3 3 4 4 3 3 4 3 3 2 3 3 4 3 4 1 1 1 3 4 2 3 1 3 4 3 2 3 1 4 1 1 2 3 4 3 2 3 4 1 1 1 1 2 4 3 2 1 1 1 1 4 1 3 1 1 2 3 1 1 1 1 2 4 2 1 3 3 2 2 2 2 1 1 1 4 3 4 1 1 1 2 3 1 1 1 1 3 1 2 2 4 4 4 1 3 1 1 2 1 4 4 4 3 1 1 3 2 3 2 2 3 1 4 2 1 4 1 1 4 1 2 1 2 1 4 2 3 2 2 3 2 3 3 3 2 4 2 2 2 3 0 2 4 2 4 1 1 3 2 3 1 3 2 2 1 4 1 2 3 4 3 4
3 4 3 4 3 4 3 1 4 4 1 4 3 2 4 1 2 1 2 1 2 3 4 1 2 1 2 2 2 4 1 4 1 1 4 4 4 4 1 4 4 4 1 1 3 2 4 4 3 1 4 3 1 2 2 1 2 1 1 3 2 3 4 3 1 2 2 2 4 4 3 4 1 1 4 4 2 2 2 1 2 1 4 1 2 4 2 2 2 2 3 4 4 3 4 4 4 1 3 1 1 3 3 4 1 4 4 2 4 2 3 4 1 1 3 4 1 4 3 4 1 2 4 2 4 3 3 3 4 1 1 3 4 3 4 3 4 1 3 3 3 2 4 1 1 2 2 1 2 2 2 3 3 2 1 1 2 4 1 4 4 4 1 3 2 4 3 4 3 3 1 3 4 4 3 1 3 3 4 0 2 2 4 4 1 1 3 4 1 2 1 3 2 2 2 4 2 1 4 4
2 3 2 2 3 2 1 2 2 4 1 1 1 3 4 4 1 1 1 3 3 4 2 1 2 2 1 1 4 3 4 2 2 4 3 1 2 2 2 1 1 1 1 1 2 2 2 2 3 4 4 4 1 2 3 1 3 2 4 3 2 3 1 4 4 3 4 3 2 1 1 2 4 3 2 2 4 4 4 1 1 2 2 2 4 4 1 3 1 2 3 2 1 4 4 2 2 4 1 2 1 4 2 4 2 4 3 1 2 4 1 4 1 1 1 2 2 4 1 1 1 4 1 2 2 4 1 2 3 3 2 1 2 2 3 4 3 3 1 3 2 3 3 3 2 2 1 1 1 1 3 2 1 4 3 1 4 4 2 3 3 3 3 1 4 3 2 4 4 4 3 3 1 1 2 2 1 3 1 4 0 1 4 2 2 1 1 4 2 1 1 4 4 2 3 2 3 4 2 1
2 1 2 2 2 1 4 2 4 4 2 1 4 1 2 3 1 1 3 2 3 2 3 4 2 3 3 2 1 4 4 2 3 1 1 1 2 1 1 2 4 3 4 2 4 3 2 4 1 2 4 2 4 2 4 4 3 1 2 4 3 1 3 4 2 4 2 2 1 4 2 3 4 2 1 4 1 2 3 2 2 1 3 2 4 4 3 2 2 4 4 4 4 4 4 2 1 4 2 1 3 4 2 4 4 2 3 1 1 4 2 3 4 1 3 2 1 4 3 3 2 4 3 3 3 4 1 4 4 3 4 1 4 4 4 2 3 1 1 3 4 3 2 2 1 3 4 2 3 4 4 3 1 4 4 2 3 1 2 3 4 1 1 4 1 4 2 1 4 2 3 2 2 1 1 4 2 3 4 1 4 0 2 4 4 4 3 1 1 2 1 1 2 1 3 1 4 3 3 1
1 1 1 2 1 3 1 1 3 4 3 1 1 4 3 2 4 2 4 2 1 2 1 3 3 2 1 1 2 4 1 2 4 4 3 3 4 3 3 3 4 1 1 1 2 3 1 3 4 4 4 4 4 4 3 3 3 3 2 2 4 3 1 3 3 4 4 4 3 4 1 1 3 4 1 3 4 2 2 4 3 2 1 1 3 4 4 2 1 4 4 4 1 1 2 2 1 4 2 2 3 4 2 3 3 4 3 2 1 4 3 4 4 1 3 4 1 2 3 4 2 4 4 1 3 4 2 3 2 4 4 2 4 2 3 4 3 3 4 1 4 2 3 1 3 2 1 2 1 2 1 2 1 3 1 3 1 3 2 4 4 3 1 1 4 4 1 2 1 2 1 1 2 4 1 4 2 4 3 1 3 2 0 3 1 4 1 4 3 3 2 4 1 1 2 2 1 3 3 2
4 2 2 4 4 4 4 1 2 3 2 3 4 2 3 2 4 4 2 2 4 3 2 1 4 4 1 2 4 2 2 4 2 1 2 1 2 4 4 1 1 1 4 2 2 3 3 2 2 3 4 4 1 4 1 3 4 1 2 3 2 2 1 1 4 3 4 1 1 4 2 4 3 1 4 2 3 4 2 3 4 4 3 3 3 2 1 1 1 3 4 3 2 4 2 2 2 4 1 4 3 3 4 2 1 1 1 4 2 1 1 4 2 2 4 4 4 1 4 1 1 2 4 4 3 1 3 4 2 1 3 3 3 1 4 4 2 1 4 1 2 1 2 1 3 1 2 4 3 2 2 4 2 4 2 4 3 4 4 2 4 2 2 4 2 4 4 2 4 2 3 4 3 2 4 1 1 3 3 3 1 4 1 0 2 4 2 1 3 3 3 3 1 2 4 1 3 1 3 2
4 4 4 3 1 4 3 1 1 1 3 1 1 2 3 2 2 1 4 2 1 3 3 1 4 4 2 2 4 1 4 4 1 1 2 3 1 3 4 2 3 3 3 3 1 3 2 3 3 1 3 1 4 1 2 4 4 1 3 3 1 2 3 4 2 3 3 3 1 4 2 3 4 4 4 2 2 2 3 4 2 3 1 3 2 1 2 1 1 2 3 3 3 3 4 4 2 3 2 2 2 2 4 3 1 3 4 4 3 4 3 4 2 3 2 2 3 4 1 4 4 3 1 3 3 1 4 1 3 3 3 4 4 3 3 3 2 2 2 4 3 3 3 4 3 4 2 1 1 4 3 4 2 2 3 2 4 4 3 1 4 3 2 4 2 4 1 4 1 4 4 3 2 2 1 1 1 4 4 2 3 1 4 2 0 2 1 2 2 1 3 1 3 3 2 2 3 1 3 1
1 2 1 2 3 2 4 2 4 4 3 3 3 1 4 1 2 3 1 2 2 3 4 1 3 3 1 4 2 2 1 4 3 1 3 1 1 1 4 1 3 4 1 2 4 1 1 3 1 1 4 2 3 4 2 3 4 2 4 3 2 4 1 4 1 3 3 4 1 1 4 1 3 4 4 2 2 2 1 2 4 4 2 1 4 3 1 1 4 3 1 4 1 1 3 1 2 3 2 1 1 2 1 3 4 3 1 1 2 4 1 3 4 4 2 3 1 1 4 3 1 4 4 2 4 1 2 2 1 1 1 2 4 4 2 1 2 4 1 1 4 1 3 4 3 3 3 4 4 2 2 1 2 3 2 4 3 1 3 2 4 4 4 1 4 1 2 2 1 4 3 1 4 3 3 4 2 2 4 4 1 2 2 3 1 0 3 3 4 2 2 2 4 2 1 4 4 2 1 3
1 2 1 4 1 1 4 1 3 1 2 1 3 2 3 1 2 2 4 2 2 4 4 4 4 2 4 2 4 1 2 2 1 3 4 4 1 3 4 4 4 4 4 2 4 3 2 2 2 2 2 4 4 4 1 3 2 3 4 4 4 3 4 4 4 2 3 4 3 1 3 2 1 2 1 4 1 4 3 2 2 4 4 3 3 4 4 2 1 1 2 2 3 2 4 4 3 1 2 4 3 1 1 3 1 2 1 2 4 1 4 3 4 1 3 1 1 2 2 2 2 3 1 1 4 1 3 4 3 2 1 3 1 4 3 1 2 3 3 3 2 2 4 2 4 3 1 3 2 3 3 3 3 2 3 1 3 3 3 2 2 1 4 4 4 3 3 2 4 4 4 4 4 3 4 1 3 3 1 4 1 1 2 4 1 2 0 3 1 3 3 1 1 4 1 3 4 4 1 2
4 2 2 3 2 2 2 2 2 1 1 2 3 1 1 3 2 3 4 3 1 1 3 4 1 2 1 3 3 3 4 1 1 4 1 3 3 1 1 4 4 4 1 1 2 4 2 3 1 3 1 4 2 3 2 1 3 3 3 1 4 3 1 1 2 2 4 2 3 3 3 1 1 1 3 2 2 3 4 3 1 2 2 3 3 2 3 4 2 4 3 1 2 2 2 4 1 3 3 4 2 4 4 3 4 4 1 2 2 4 4 2 1 2 3 2 2 4 2 4 3 3 1 3 1 3 1 3 2 1 1 2 4 1 2 4 1 1 3 2 1 3 1 1 4 3 4 2 4 3 3 4 2 1 4 1 3 2 4 2 3 4 4 1 4 3 2 3 1 1 2 1 4 4 2 3 3 2 1 2 3 3 3 1 1 3 1 0 3 3 2 3 3 2 3 2 4 1 2 4
4 3 2 4 2 1 1 2 1 3 2 4 1 4 4 3 1 2 2 4 1 3 1 2 2 2 3 1 1 3 1 2 1 1 2 2 2 2 3 4 2 2 1 2 1 1 2 3 3 2 3 1 4 1 2 2 1 2 4 1 4 1 4 1 4 4 3 4 3 3 2 1 4 4 1 2 2 2 2 3 1 2 4 4 4 2 4 4 1 4 1 1 3 2 3 1 4 1 4 1 4 2 2 2 2 2 3 3 4 3 3 2 4 2 1 2 2 4 4 4 1 1 3 3 1 2 3 1 4 2 3 4 4 2 3 3 1 3 3 1 1 3 2 3 4 2 1 1 2 1 1 1 4 2 3 2 3 2 3 3 2 4 2 3 2 2 3 3 1 4 1 2 3 4 4 4 1 2 2 4 1 1 1 2 2 4 1 3 0 1 4 2 4 1 1 4 1 4 3 1
2 3 1 1 1 4 2 2 2 3 4 1 3 3 1 4 4 2 1 1 2 3 3 3 4 1 1 1 1 3 1 3 3 2 3 4 4 2 3 3 1 4 4 2 1 3 4 3 2 1 2 1 3 2 3 4 2 2 1 2 2 3 3 1 1 4 3 1 1 2 1 4 4 3 1 1 2 3 2 3 1 1 1 1 4 2 3 2 1 1 1 4 4 3 1 3 2 2 2 1 4 2 1 1 2 1 3 4 4 1 3 1 4 3 3 4 3 4 1 1 3 4 3 2 2 2 1 3 2 2 2 1 4 4 2 4 4 1 2 2 3 2 4 4 1 3 3 4 4 3 2 2 3 3 3 4 4 3 4 3 4 4 3 2 3 1 3 1 2 4 4 2 4 4 4 1 3 4 3 4 4 2 4 3 3 3 3 2 3 0 3 4 3 4 1 2 1 2 2 1
1 4 2 4 2 1 4 3 1 2 3 4 4 3 3 4 2 3 1 4 1 3 4 4 2 4 2 2 4 4 1 3 1 4 3 1 1 1 1 4 3 2 2 4 1 1 4 1 2 1 4 3 4 1 3 4 3 4 4 3 2 3 1 3 2 3 1 1 1 3 3 1 4 1 3 3 4 1 3 3 1 2 4 1 1 1 3 4 3 1 4 1 2 3 1 1 3 2 1 3 1 4 3 2 3 4 1 1 3 3 2 1 3 2 1 4 2 4 3 3 1 2 1 1 4 1 3 2 1 4 4 3 1 1 2 1 3 3 3 3 4 1 1 4 3 3 1 2 2 1 1 4 3 3 3 2 2 4 2 1 1 1 1 1 3 4 4 3 1 4 3 4 4 3 2 4 2 2 1 1 4 4 3 3 4 4 3 4 1 3 0 2 3 2 4 4 4 3 3 1
1 1 4 4 2 1 2 2 3 3 1 2 2 4 3 3 4 2 1 2 1 3 3 4 2 4 3 4 4 3 3 3 3 1 3 3 4 1 4 4 4 2 3 1 1 3 1 4 3 4 4 2 2 3 3 4 4 2 2 2 4 3 2 4 3 2 3 3 1 1 3 1 2 3 3 2 2 3 3 1 4 2 4 3 3 1 3 4 1 3 3 4 1 4 3 4 4 2 4 4 3 3 3 2 2 2 1 2 1 1 4 3 4 3 2 4 4 3 1 3 4 2 1 1 4 2 1 2 4 1 2 1 3 3 2 4 4 3 4 4 1 4 3 3 4 3 1 1 3 1 3 1 1 4 1 1 4 2 2 4 2 4 4 2 1 3 4 2 3 1 3 1 1 3 2 2 4 1 2 3 3 3 3 2 3 3 3 2 4 1 3 0 1 4 1 2 3 4 3 3
1 1 3 3 4 3 4 3 1 2 2 1 3 4 2 4 2 1 3 3 4 1 2 4 1 3 1 3 1 4 4 4 1 4 3 3 4 2 4 3 1 3 1 4 3 3 3 1 3 2 4 3 4 2 3 3 4 1 1 1 4 3 3 1 4 4 1 3 4 4 1 3 3 4 3 1 4 3 3 2 4 1 3 4 1 1 3 4 3 2 1 4 2 2 1 4 2 3 3 4 1 4 2 4 3 1 2 2 3 4 1 4 4 2 3 3 4 1 4 3 2 1 4 4 2 2 1 1 3 3 4 2 3 2 1 2 1 2 2 1 3 2 1 3 2 3 3 1 3 2 4 3 3 4 3 2 3 3 4 1 1 1 4 4 1 1 3 2 3 4 2 3 2 1 3 2 2 1 4 2 2 2 3 1 3 4 1 1 2 2 2 1 0 2 3 2 4 1 1 2
3 3 3 3 2 2 4 1 1 3 4 3 4 2 3 4 3 3 4 2 3 4 1 2 4 1 2 4 1 1 1 3 3 3 4 1 4 2 1 2 4 1 1 3 2 1 4 4 2 1 3 3 3 3 1 1 2 1 1 1 2 4 4 2 3 3 4 4 1 2 2 2 3 3 4 1 4 1 2 3 1 1 3 4 3 3 4 3 2 2 3 4 2 4 3 1 3 3 4 2 2 2 2 4 1 2 4 1 2 3 1 4 1 4 4 1 1 3 2 4 2 2 2 4 3 1 2 3 3 4 1 2 1 1 4 2 3 4 4 3 4 2 2 4 2 1 4 1 3 3 2 1 3 3 4 4 1 4 2 2 2 2 4 4 3 4 2 2 2 3 1 3 3 2 1 4 2 2 2 1 2 4 1 2 3 4 4 4 4 1 2 2 4 0 1 3 4 1 4 4
3 3 1 2 3 1 3 1 2 4 2 4 1 4 4 1 1 2 2 3 1 3 4 4 2 3 4 2 1 3 4 4 3 2 1 2 4 3 1 4 3 3 2 1 1 2 4 2 3 4 2 3 2 1 2 3 2 2 1 2 4 3 4 2 3 1 3 4 4 3 3 4 2 2 3 3 1 3 1 1 4 3 4 1 2 4 1 2 1 2 4 3 3 3 1 1 1 2 1 2 3 1 4 1 2 3 3 2 3 1 2 4 1 1 3 2 3 2 4 2 2 1 2 3 1 3 2 3 4 4 4 2 4 4 4 4 4 4 4 1 3 3 4 4 3 1 3 3 4 3 1 4 2 2 1 4 2 2 2 2 3 2 1 3 2 4 4 3 1 3 2 2 1 1 1 2 3 2 2 1 2 3 4 1 2 3 1 2 1 3 1 1 2 1 0 3 3 3 2 2
1 3 4 3 1 3 2 2 4 3 3 1 2 4 2 3 2 1 2 4 1 1 1 4 1 1 3 1 4 2 2 2 4 2 3 1 3 2 1 3 3 3 2 1 3 4 4 4 2 1 3 3 3 3 3 3 4 1 4 2 1 2 1 1 3 2 1 4 2 4 3 4 2 4 4 1 2 3 3 2 4 3 4 1 3 3 2 1 4 2 1 1 4 2 2 3 2 1 4 1 4 4 2 2 2 3 4 4 4 2 4 2 1 3 2 2 2 4 4 2 4 2 3 2 2 1 2 2 3 1 3 1 4 3 3 3 2 4 1 3 2 4 3 3 4 1 4 2 3 1 1 3 2 1 3 1 2 1 1 2 2 3 3 4 4 3 1 1 3 1 4 3 1 1 4 3 2 4 4 1 3 2 1 2 2 2 4 2 2 3 4 4 4 2 4 0 3 1 1 1
3 1 4 3 2 2 2 2 1 1 1 2 2 2 3 2 2 4 2 4 3 1 2 1 4 3 3 4 3 1 3 2 1 2 2 4 4 1 3 1 1 1 2 1 2 3 1 2 4 4 3 2 2 2 2 4 3 1 2 4 1 3 2 4 1 3 1 4 3 4 3 2 1 3 4 1 2 3 4 1 1 1 3 2 1 3 1 1 2 3 1 4 3 4 1 3 4 1 3 1 2 4 2 1 2 1 1 1 2 3 2 3 1 3 2 2 2 3 2 4 3 1 2 3 3 2 2 4 2 3 2 3 3 1 2 3 2 1 3 4 4 2 2 1 2 4 1 1 4 3 4 2 3 4 1 1 4 1 2 4 2 1 2 2 2 1 2 4 1 3 1 2 1 4 1 1 2 2 4 4 2 4 1 2 1 3 2 3 3 4 1 2 3 4 4 3 0 2 4 4
1 1 4 4 2 3 1 4 4 2 4 4 3 3 1 3 3 4 2 1 3 1 3 1 1 4 4 3 2 4 4 1 4 1 3 2 4 3 1 1 3 1 1 4 4 3 1 2 1 3 4 3 3 4 4 1 2 3 1 1 3 2 3 1 4 1 3 4 3 2 3 2 3 1 1 4 4 3 3 3 3 3 4 2 4 3 1 1 1 4 3 3 1 2 3 1 3 2 3 3 2 3 1 4 2 4 3 4 3 2 1 4 3 3 1 2 2 3 3 2 2 2 4 4 2 3 1 4 1 3 3 1 2 3 2 4 3 4 4 3 4 2 1 2 1 3 4 1 3 4 4 4 1 3 2 1 1 1 3 2 1 2 4 4 4 1 3 4 3 2 4 3 4 2 2 2 2 2 1 1 4 3 2 1 3 2 1 1 1 1 2 4 1 3 4 4 1 0 2 4
4 3 1 4 3 2 2 2 2 4 1 4 1 3 4 4 4 1 1 4 4 1 3 1 3 1 2 2 1 2 1 2 4 1 4 3 3 2 4 3 3 1 4 3 1 2 3 1 4 3 1 3 4 2 2 4 3 3 4 2 1 3 4 4 4 3 4 3 4 4 2 1 3 2 3 2 4 1 3 2 3 3 2 4 1 2 1 3 2 2 1 3 3 3 1 1 1 3 4 4 4 3 2 2 4 2 3 2 3 3 4 2 4 3 4 4 2 2 1 3 4 2 1 4 4 3 2 1 2 3 2 2 3 1 3 1 4 2 3 3 4 3 1 4 1 1 2 2 4 1 3 3 4 3 2 4 1 1 2 1 3 2 2 4 1 4 1 2 2 2 2 1 3 4 3 1 2 1 3 1 3 2 4 2 4 3 4 2 4 4 3 3 1 1 3 1 2 1 0 2
1 1 3 3 4 1 4 2 3 3 4 2 2 2 4 3 3 4 2 2 2 2 2 3 1 4 4 2 1 4 4 1 2 4 4 1 2 3 1 4 3 2 1 2 1 4 2 2 3 3 1 4 3 2 1 1 3 3 4 3 2 1 1 3 1 4 2 3 3 4 3 1 3 1 1 3 3 3 4 2 3 2 1 3 3 1 4 2 3 3 2 2 2 2 1 4 4 4 4 4 2 4 2 4 1 2 2 3 2 3 1 3 4 1 3 3 1 2 3 2 4 3 4 4 1 1 1 3 1 2 1 3 3 1 2 3 2 4 2 4 2 3 3 2 4 1 4 4 3 2 1 2 3 4 2 2 3 3 4 1 1 2 3 2 3 2 1 4 4 1 3 3 2 2 2 3 1 2 4 1 1 4 4 3 4 3 1 3 1 2 4 1 3 4 3 3 1 4 1 0