100
435 35102 36351
438 14928 16450
456 36274 38627
191 35149 35604
180 18685 18958
334 14002 14659
890 16379 18107
125 27922 28417
475 196 1594
303 6112 6775
785 4884 9427
456 33230 34631
105 32627 32808
366 42025 43320
577 51318 53412
490 37305 38135
117 19912 20771
981 4118 9526
201 33713 34522
103 47047 47397
576 6702 9351
175 2602 2796
974 13026 18000
449 37921 38877
640 51398 53757
835 35250 39700
403 11727 12532
338 22243 22927
107 51541 51923
635 45574 47670
727 5983 7498
973 11079 13430
913 30533 36458
148 24871 25046
825 2862 4152
596 36995 41037
990 48515 49602
856 38326 40138
501 35838 36657
623 24150 26182
591 23746 25079
261 10773 12471
841 42762 43620
397 11788 14957
629 43514 44157
115 3643 3852
104 23892 24540
861 4626 5880
986 48829 56121
756 6790 10847
634 14199 17330
816 39903 43923
569 13256 15315
811 10623 12795
155 10117 10403
315 37139 37924
195 16965 17232
230 27897 28518
491 47436 49326
724 21778 24740
748 47512 49175
182 16020 16370
374 51304 53887
400 24262 24937
174 15378 15796
231 967 1241
769 11478 15488
606 26211 27514
921 50542 52764
760 15569 18112
287 28538 30451
774 17356 21824
424 21832 23020
322 24751 25692
413 51575 52423
445 26492 27740
587 36467 38993
728 51032 52189
670 3207 7233
520 50500 52513
387 34382 35796
518 18164 19127
184 14748 15355
681 17355 18039
518 42670 43461
249 49895 50747
428 44824 46908
860 7873 9440
919 14196 17841
152 12009 12542
737 6315 12168
519 36941 38872
191 23097 23761
550 586 2932
789 30285 31443
397 48134 50249
186 29904 30504
502 10846 12209
987 44409 45905
803 36789 37997
0 11 6 16 71 80 85 78 63 68 12 82 61 90 91 15 76 95 72 17 27 64 58 73 72 28 56 97 20 64 91 38 15 55 64 91 75 21 78 71 94 97 43 54 61 90 5 24 2 15 33 67 52 13 86 63 6 25 75 7 92 54 66 75 35 11 35 43 90 83 39 5 98 37 80 39 76 46 34 65 86 31 6 39 39 29 85 85 62 6 46 3 66 29 88 15 96 10 29 77
62 0 69 62 87 3 80 33 68 92 57 49 74 22 17 62 86 60 65 61 11 64 97 33 35 31 2 15 45 34 50 94 54 48 100 91 28 64 95 81 21 37 40 4 56 2 22 92 89 31 97 89 61 44 26 96 41 47 1 88 86 8 82 66 56 23 14 85 29 84 90 32 27 68 10 12 22 15 58 10 78 72 17 26 88 85 41 42 33 91 72 96 86 84 99 84 98 59 24 40
95 51 0 73 66 90 20 34 7 73 0 96 60 9 69 68 18 8 32 25 29 29 31 99 67 78 36 38 34 33 100 35 53 8 52 9 22 65 76 90 24 16 62 88 2 86 54 38 14 50 89 0 14 68 53 62 54 71 60 44 57 62 91 58 39 20 38 42 11 23 25 32 55 45 21 0 62 19 39 97 10 37 21 7 1 94 73 44 1 45 87 84 95 94 71 11 45 92 69 40
64 71 73 0 27 16 78 9 39 29 27 92 99 9 99 100 32 55 4 10 42 55 3 44 48 93 93 42 26 79 1 1 28 9 52 59 91 69 100 24 0 69 44 97 83 63 1 87 33 11 27 85 87 78 32 86 2 12 88 21 11 53 45 22 36 100 58 40 46 96 77 45 74 39 74 27 9 8 61 15 89 83 62 63 45 47 91 10 81 46 84 71 39 7 71 65 83 50 10 83
18 94 81 64 0 57 92 10 33 69 73 74 12 60 92 74 48 77 21 2 99 38 73 44 9 24 56 78 82 87 50 7 96 47 60 62 61 20 87 33 80 59 98 12 50 16 61 55 94 27 33 5 60 57 88 97 65 25 59 50 84 16 91 94 45 6 99 68 20 40 88 88 75 87 99 24 23 83 95 15 97 58 81 77 41 14 92 46 73 31 68 84 20 71 85 33 41 32 55 68
23 17 29 53 2 0 56 79 1 1 4 1 5 77 52 10 56 37 70 43 81 19 84 68 76 90 56 27 40 26 31 93 40 5 59 84 34 72 46 54 99 10 87 81 59 69 76 45 70 95 99 69 48 48 10 88 4 28 6 19 48 51 67 54 65 5 29 2 41 53 25 92 60 54 46 40 16 8 35 74 83 65 46 47 78 47 0 38 97 90 19 91 84 64 18 96 74 24 14 23
74 9 34 54 44 63 0 35 14 98 80 88 86 10 94 33 51 90 65 78 68 17 94 95 97 56 36 95 43 32 17 95 56 41 53 33 15 13 50 55 67 100 23 28 69 72 73 8 99 54 6 63 23 100 1 34 36 10 23 69 79 51 87 57 74 54 33 71 17 33 18 33 23 17 44 76 41 92 93 42 46 74 1 56 36 14 89 9 69 85 36 11 48 82 44 11 78 57 9 31
72 65 26 78 20 48 46 0 3 91 37 56 45 77 50 75 41 57 31 64 84 93 97 0 80 15 48 16 68 5 27 94 53 38 84 56 31 0 96 30 93 91 93 68 65 91 39 42 97 14 51 41 17 23 99 16 46 28 100 58 87 63 57 20 41 13 92 47 49 15 43 61 29 7 4 86 49 1 11 1 16 49 11 6 80 6 46 93 42 96 17 93 31 48 26 48 12 30 79 2
64 57 83 18 44 9 43 33 0 45 60 50 67 98 92 86 55 51 79 46 4 2 96 76 68 4 99 83 78 92 4 52 52 94 7 60 76 91 99 27 70 93 88 29 4 68 92 100 26 12 74 39 26 69 59 6 45 5 7 12 45 24 7 75 42 63 90 61 68 94 95 44 98 48 74 35 98 52 41 10 52 52 0 28 49 5 60 36 61 87 20 25 3 48 68 9 73 41 88 43
39 44 53 2 43 41 43 6 26 0 6 81 80 22 49 33 29 61 29 80 65 62 54 16 62 65 45 32 34 94 100 40 84 10 85 3 5 1 54 41 21 65 48 2 85 81 9 54 12 96 57 19 25 42 30 5 3 1 5 65 81 29 86 95 91 24 36 92 1 6 16 2 52 17 87 61 51 47 57 53 6 8 32 22 74 0 10 6 82 84 54 66 81 41 67 23 4 34 59 16
43 27 20 57 52 10 34 52 55 92 0 60 90 43 76 81 67 89 31 17 35 34 96 16 78 82 8 31 70 93 67 9 52 29 43 11 90 5 58 46 67 61 77 32 67 50 96 35 50 73 77 35 32 25 80 17 51 79 7 83 85 26 57 54 39 26 93 89 10 69 77 94 98 28 57 100 88 90 1 60 63 85 14 77 97 74 30 24 42 77 19 55 97 8 90 28 3 64 41 30
35 33 29 35 37 90 44 28 15 26 25 0 28 43 93 63 9 41 56 32 49 99 62 33 20 38 61 46 83 97 52 44 17 11 30 66 6 37 9 38 40 28 25 71 30 17 35 80 34 50 24 94 12 57 0 22 49 63 49 89 75 60 17 47 32 24 19 38 48 42 10 23 29 100 83 36 20 96 4 61 29 3 70 72 96 79 57 85 51 23 5 90 4 31 90 15 100 4 59 70
99 47 25 27 57 76 55 33 70 80 61 90 0 71 95 99 1 22 69 83 35 15 72 98 70 6 1 10 24 32 78 28 65 9 0 36 73 81 39 30 60 22 95 13 49 30 25 22 52 46 97 41 78 8 39 89 100 61 48 94 76 81 16 5 69 40 18 2 15 75 38 81 86 75 38 20 60 90 49 37 16 6 75 29 54 46 80 66 58 12 14 32 92 88 59 73 49 78 18 47
73 79 86 13 32 39 18 28 35 21 87 20 94 0 76 3 62 34 59 63 50 21 14 84 1 10 82 36 17 66 12 33 3 28 7 58 94 96 76 55 36 64 18 45 11 3 32 39 42 25 17 67 33 60 55 48 88 47 82 10 67 24 34 97 16 29 54 93 66 50 2 82 68 54 85 3 28 54 46 92 44 31 70 30 87 15 76 31 35 75 34 61 22 51 48 14 30 32 9 76
43 40 33 22 5 21 32 26 69 76 74 15 27 25 0 50 4 51 43 42 55 60 44 32 51 35 26 92 29 0 21 10 53 38 71 23 83 75 89 72 82 93 96 65 95 98 99 16 89 65 5 90 76 32 70 75 13 85 0 48 6 94 32 100 33 31 70 51 19 50 54 90 65 48 79 11 43 67 61 84 50 81 60 48 20 56 16 51 96 73 20 23 45 37 60 11 78 12 12 10
25 70 30 91 92 9 74 1 48 87 22 85 98 77 8 0 3 93 67 29 82 31 99 29 2 34 28 27 16 30 6 98 22 99 80 5 11 12 76 32 42 91 35 61 30 81 17 74 28 25 11 67 52 97 57 41 73 75 88 10 39 23 62 75 91 99 4 68 49 28 81 3 77 93 74 15 68 51 73 45 46 46 65 42 5 73 98 49 15 42 6 28 84 99 71 59 57 4 16 88
47 2 85 9 81 46 92 53 59 57 55 43 76 29 62 47 0 37 25 4 100 47 64 58 21 46 50 66 5 93 15 21 64 10 57 5 46 29 29 40 77 8 59 0 5 85 38 74 40 43 40 28 61 82 39 92 99 95 30 37 77 65 56 59 47 74 29 74 98 97 30 8 71 38 44 29 83 49 34 65 61 93 31 69 63 36 43 98 58 27 97 54 26 94 60 99 89 13 54 84
17 46 56 76 6 12 85 99 47 23 66 23 81 40 59 63 0 0 87 32 96 96 13 72 88 42 28 68 93 64 21 99 90 24 85 50 49 16 6 76 46 2 71 18 17 3 97 38 8 2 7 100 77 35 89 14 6 86 32 48 34 48 45 66 45 36 87 25 42 5 87 42 79 80 54 89 68 3 31 28 16 4 32 37 27 37 44 3 1 69 54 93 81 70 18 23 40 29 1 45
19 44 47 98 77 74 90 57 83 25 88 93 21 39 29 50 59 49 0 65 18 13 87 94 84 10 98 27 65 85 47 90 15 49 24 90 96 100 5 94 46 87 81 16 68 99 40 41 31 93 98 40 57 69 26 72 52 98 53 23 3 21 46 79 92 44 17 85 27 59 52 50 12 5 17 75 96 41 57 8 3 75 42 4 81 92 26 70 100 8 99 22 67 53 43 96 35 97 21 75
7 32 48 50 79 79 30 85 87 52 42 18 81 37 54 61 17 63 77 0 71 80 81 31 100 90 6 22 58 72 90 50 67 40 4 45 56 90 75 56 32 37 51 13 88 83 85 24 6 65 46 100 23 96 51 54 44 10 3 54 14 51 66 3 11 32 72 83 39 72 92 14 37 35 74 74 75 77 53 67 6 35 5 0 56 34 6 55 7 66 95 77 63 39 17 15 59 25 45 22
12 24 45 5 27 55 96 82 95 100 53 34 95 61 96 37 73 13 86 24 0 10 93 60 68 39 75 68 23 41 47 36 98 58 23 6 35 1 75 17 60 87 41 9 71 11 97 53 37 61 11 55 100 87 89 73 75 88 31 55 55 86 96 33 5 33 35 79 56 81 82 63 40 99 89 56 82 92 88 37 12 25 99 36 46 22 82 25 15 72 59 14 23 16 31 72 56 76 46 96
82 24 20 89 17 11 99 88 4 55 21 1 47 54 100 53 98 91 5 2 0 0 79 79 44 69 67 14 98 63 41 25 71 44 61 55 4 47 90 3 17 98 75 4 62 30 27 30 91 22 46 81 38 95 95 50 26 0 98 29 21 84 47 56 100 95 97 47 3 4 70 7 72 80 68 81 37 75 8 29 82 4 91 97 87 1 26 50 13 46 64 62 92 98 33 8 55 26 56 72
29 95 63 83 59 44 5 67 12 82 70 14 86 39 62 81 96 42 76 26 69 9 0 45 63 25 17 96 63 41 18 18 67 86 71 35 64 46 86 25 99 52 55 97 29 80 32 34 8 68 99 42 86 1 33 43 74 69 52 49 70 19 76 60 19 90 51 89 20 81 31 39 15 71 63 68 66 97 32 31 52 13 99 7 81 56 15 10 34 31 75 69 78 8 10 63 89 100 34 90
100 29 65 89 88 77 4 67 25 18 0 27 40 99 62 44 33 98 9 81 48 62 57 0 4 38 95 28 93 23 48 8 40 76 38 51 82 34 35 78 68 92 87 80 96 42 19 22 88 19 29 73 55 34 53 26 58 86 40 65 48 14 33 18 94 40 40 46 48 90 50 10 89 11 2 29 65 91 82 96 57 84 42 70 44 84 83 88 51 97 24 25 74 33 58 78 28 56 64 48
5 36 53 8 57 41 28 10 72 75 34 58 41 88 32 23 12 64 93 71 54 38 44 89 0 80 74 49 88 56 69 31 56 25 72 17 21 2 12 2 40 98 63 63 41 63 17 89 57 97 18 30 55 42 63 43 80 7 20 48 58 65 90 8 99 27 75 30 51 34 41 16 15 40 90 10 38 51 83 49 83 83 26 42 63 80 35 21 57 25 89 87 67 93 10 39 57 35 60 68
93 91 0 98 3 88 68 55 4 64 20 81 92 89 85 54 28 47 4 10 77 40 37 69 5 0 78 62 86 97 3 6 16 83 98 51 10 27 40 53 49 44 74 84 87 50 4 34 96 96 69 34 23 90 12 87 53 37 80 52 95 21 70 83 95 88 66 49 52 27 84 20 52 6 22 51 47 60 29 66 84 91 24 63 22 70 17 77 80 17 76 20 78 39 10 56 61 40 47 40
79 47 27 46 62 78 27 85 72 48 83 23 3 38 71 97 5 20 79 33 23 48 58 1 50 25 0 10 59 74 92 100 21 1 40 39 0 81 0 78 64 81 7 93 2 94 20 52 16 52 74 63 41 83 27 59 98 65 57 48 55 29 22 60 29 92 97 74 91 96 49 96 57 49 38 47 19 25 3 28 51 56 76 43 44 84 6 2 35 11 53 30 11 14 46 12 22 67 57 47
45 49 86 59 83 7 46 2 61 70 30 9 18 18 15 19 7 49 85 31 69 14 66 63 65 86 25 0 94 35 63 46 16 51 11 5 40 9 78 30 64 20 21 8 20 85 1 69 49 85 68 85 10 35 96 6 76 0 7 31 31 9 59 66 84 28 57 52 54 30 56 86 45 6 76 75 80 19 7 76 54 77 61 42 12 51 91 33 36 41 50 45 88 68 38 89 90 87 61 82
75 63 87 0 25 11 25 98 44 92 53 98 91 71 80 98 20 41 49 19 29 85 87 51 59 51 82 99 0 87 1 99 89 22 27 91 86 46 64 77 60 46 56 41 83 45 1 5 87 7 51 66 89 20 100 94 29 58 39 1 51 13 55 17 26 42 93 34 48 100 17 36 96 52 97 97 35 20 48 47 90 3 73 0 86 8 92 16 23 60 42 62 32 94 89 5 55 97 21 41
92 24 16 57 70 99 83 81 92 2 50 37 41 0 92 94 49 67 100 72 36 10 27 42 38 3 82 74 24 0 53 5 78 35 88 11 44 78 93 15 76 14 52 92 32 94 17 6 41 90 100 82 41 87 53 42 24 21 60 17 45 61 78 26 35 23 24 78 16 78 14 26 41 69 7 51 67 30 66 6 73 24 94 46 13 80 68 11 98 17 15 97 94 24 80 24 40 45 37 10
41 57 40 51 41 96 87 41 27 10 22 27 59 85 31 34 32 55 40 83 97 42 28 75 10 29 84 16 32 58 0 90 77 52 61 77 44 43 51 0 65 40 64 52 46 65 90 73 20 83 76 90 85 62 79 84 70 94 79 68 93 22 52 34 88 16 54 81 14 45 71 59 31 70 9 8 22 73 24 85 87 19 27 68 41 69 66 71 27 35 22 15 20 85 79 91 84 7 83 82
2 13 4 9 90 6 55 17 52 32 77 22 60 5 23 91 53 16 65 11 8 38 67 14 7 30 10 2 6 88 83 0 51 15 55 85 41 47 86 69 90 2 35 85 43 79 50 33 64 28 7 93 59 62 63 74 67 80 40 70 8 72 39 22 47 53 38 78 41 50 98 26 27 76 98 1 24 91 47 40 58 61 56 46 100 48 10 5 31 70 64 31 98 73 35 90 95 87 89 59
18 83 64 45 83 9 96 13 87 52 7 96 34 6 50 0 25 35 9 74 13 60 66 58 24 22 63 65 22 97 43 15 0 67 90 38 89 22 55 15 90 68 43 60 91 44 88 6 2 20 0 87 77 68 90 74 42 21 65 66 22 73 83 46 50 40 70 71 33 55 93 30 31 32 30 47 82 17 83 88 100 81 37 66 90 21 90 82 19 29 87 37 65 83 47 62 57 68 65 84
13 28 77 45 47 63 95 90 7 59 64 34 34 68 58 90 64 52 4 21 0 39 97 40 89 65 3 17 98 31 91 90 1 0 37 39 95 81 66 35 36 51 97 2 99 0 89 8 15 79 84 49 30 56 65 98 45 29 54 23 71 76 31 66 70 61 29 79 48 19 33 24 61 27 19 38 26 88 77 80 80 4 65 6 63 59 14 50 66 43 16 97 87 73 32 97 84 29 19 29
94 83 73 82 24 61 99 36 77 77 20 36 19 68 26 12 36 29 84 26 21 59 72 42 72 19 73 8 46 3 30 65 34 2 0 14 8 28 73 36 61 7 55 8 79 89 49 5 82 6 87 89 59 6 66 49 58 21 88 70 3 24 39 89 96 10 6 63 66 75 43 55 44 27 45 25 31 92 42 99 65 96 11 21 48 20 73 69 71 23 15 53 52 35 27 55 31 5 32 80
47 92 84 79 40 0 74 31 65 91 74 96 54 39 11 25 37 98 55 100 13 59 11 81 44 12 34 6 18 64 12 88 96 45 91 0 48 18 83 68 59 22 14 10 24 24 69 63 30 35 51 90 14 10 50 91 4 36 65 78 25 79 83 54 27 75 0 89 23 30 53 96 66 13 24 38 5 58 32 5 93 95 33 17 52 1 66 93 79 13 40 52 9 50 40 54 87 90 53 52
67 19 8 22 21 87 24 16 25 22 16 96 78 85 64 96 56 96 56 39 2 96 1 99 9 37 56 7 25 28 16 22 7 7 1 44 0 56 58 94 90 51 15 100 95 59 68 60 26 24 46 23 88 50 70 69 54 42 70 71 76 96 91 31 80 58 7 67 15 100 9 18 22 93 33 72 97 60 48 78 16 90 44 55 98 78 69 94 56 0 67 31 2 45 22 21 77 74 24 77
98 53 64 25 1 0 31 12 54 19 8 48 2 17 35 0 83 36 15 48 74 96 59 8 24 90 73 95 42 39 58 90 29 29 26 8 10 0 32 16 98 65 69 15 73 6 3 21 9 66 54 39 87 4 76 59 12 99 38 52 77 62 42 42 8 43 53 74 12 4 24 81 89 8 3 89 29 78 82 7 94 77 32 2 79 70 25 11 89 32 41 0 56 67 30 8 74 84 1 82
58 99 71 69 24 3 73 98 19 50 75 59 23 40 68 15 26 62 17 57 34 34 4 18 41 63 50 93 99 34 77 16 23 94 32 84 90 30 0 86 31 55 15 16 14 10 69 76 88 74 2 77 20 98 94 71 82 4 17 69 69 63 73 7 91 94 92 6 25 0 66 45 53 48 61 72 70 80 95 20 57 27 31 79 2 50 15 34 27 67 10 17 28 50 50 56 9 80 56 92
63 2 5 33 21 2 72 80 77 39 1 99 76 72 80 35 31 39 71 79 4 60 6 19 39 12 21 48 77 5 18 66 97 31 93 26 64 54 54 0 97 33 52 17 22 98 48 52 58 55 85 8 93 82 47 90 97 35 31 30 56 69 65 43 63 2 53 89 28 57 24 35 90 58 39 53 38 53 97 86 37 73 36 75 23 22 91 53 28 91 72 31 14 42 34 90 67 72 84 39
9 83 18 20 36 72 43 26 35 43 10 72 15 27 61 78 37 11 45 64 4 7 60 34 2 53 46 88 75 14 20 86 73 96 5 30 67 35 39 68 0 77 49 78 88 34 60 6 13 38 3 59 80 63 28 83 98 77 17 57 69 33 44 9 76 67 63 100 42 79 81 17 56 21 66 75 30 65 86 14 94 5 47 86 87 86 6 45 97 1 42 14 96 81 43 93 67 23 81 100
97 85 49 47 49 62 13 62 22 32 63 91 12 12 51 90 35 42 32 35 86 36 100 10 71 20 71 56 88 88 54 57 96 15 78 74 82 86 66 14 34 0 48 89 76 50 96 18 64 14 35 8 66 90 70 20 95 60 64 43 94 47 76 68 28 60 84 39 98 62 38 32 35 16 84 31 81 37 19 50 90 9 80 68 49 87 72 49 18 18 62 22 62 69 95 43 49 63 58 97
85 25 10 34 4 94 56 96 25 2 20 89 54 64 50 26 55 71 34 55 6 99 53 33 14 19 75 9 43 19 29 32 10 79 11 95 27 55 56 6 43 16 0 1 52 34 34 40 46 65 2 44 56 88 12 13 28 96 92 92 88 25 45 52 31 89 41 55 82 7 65 11 90 89 69 17 54 12 99 48 76 42 17 3 50 58 48 12 70 7 16 65 75 57 21 25 82 88 85 8
90 5 70 6 61 28 96 33 37 83 30 93 7 5 16 4 80 88 96 55 10 93 54 16 28 84 84 35 43 49 79 71 35 37 20 9 93 71 57 54 3 41 90 0 12 77 21 83 92 14 18 2 77 23 45 33 10 49 40 2 93 39 33 14 87 47 5 100 18 47 39 57 63 79 9 40 34 88 90 71 29 96 51 77 79 98 6 60 61 49 32 48 43 1 41 43 9 61 31 37
57 73 57 87 28 86 68 51 34 61 56 95 61 54 61 61 78 50 32 10 97 55 40 40 34 78 92 2 72 22 14 16 85 76 44 51 57 54 64 14 33 24 57 45 0 99 91 87 73 18 65 97 44 65 81 19 35 20 9 55 6 66 93 16 66 35 35 99 3 54 21 25 72 10 56 46 18 74 13 59 93 22 83 53 11 38 24 11 33 6 12 9 78 4 9 73 74 98 29 76
33 41 42 88 91 27 89 70 97 25 21 18 33 80 79 81 62 60 39 91 33 47 7 80 17 28 23 65 91 100 73 61 94 35 32 82 70 81 63 98 16 92 74 81 50 0 74 59 98 94 82 42 76 86 26 43 43 9 30 36 58 9 82 61 79 59 38 21 58 11 39 78 46 13 32 77 42 100 39 1 15 0 27 36 39 25 18 52 38 65 7 83 20 78 66 5 55 2 51 44
61 22 63 76 80 13 11 64 24 23 4 81 24 75 93 3 93 56 85 46 73 45 9 71 23 90 54 96 81 36 33 38 97 87 46 100 50 10 14 20 98 98 0 76 82 13 0 54 74 22 72 87 36 75 42 22 35 48 80 38 9 62 98 94 72 56 44 39 47 80 45 52 14 100 9 96 78 53 15 69 3 18 80 3 43 15 84 71 23 4 55 6 31 27 90 41 81 25 47 7
12 30 32 56 20 16 2 80 81 98 86 24 87 80 35 69 18 7 31 89 45 96 62 84 12 51 65 54 43 16 15 75 36 84 15 82 52 7 52 57 53 20 10 67 5 58 96 0 83 26 51 100 17 71 50 41 4 49 57 62 38 24 57 33 85 26 28 8 33 41 49 91 22 59 13 9 29 34 93 62 98 87 79 27 16 89 13 46 21 45 57 18 89 21 89 18 79 53 80 20
17 11 61 89 31 76 90 37 88 62 13 75 54 12 19 25 64 37 100 39 28 96 33 30 76 20 93 15 4 98 84 31 29 12 96 90 62 56 75 72 6 22 22 96 100 100 77 48 0 55 4 6 55 0 23 94 39 0 84 87 26 50 88 98 21 86 25 24 61 84 54 99 9 41 35 34 11 45 84 88 43 61 64 33 13 19 98 17 26 26 100 91 79 27 13 65 90 12 19 31
95 81 50 49 88 59 70 41 11 52 52 47 65 68 51 75 1 64 85 16 18 44 84 8 47 15 49 79 65 59 2 89 81 33 2 39 93 59 75 76 90 92 60 69 50 82 46 93 85 0 80 70 86 31 74 72 16 88 25 20 67 27 14 49 63 60 73 100 30 34 21 33 91 25 46 76 81 82 26 77 99 12 39 46 64 76 21 99 0 31 99 97 76 57 46 87 80 82 11 82
76 9 27 65 57 45 87 54 42 36 15 4 36 99 67 62 74 41 55 82 22 77 59 98 62 34 1 95 35 24 39 6 38 54 64 17 5 25 56 6 73 20 35 10 55 94 94 15 88 90 0 70 40 43 96 5 88 41 80 8 85 81 3 3 20 53 30 73 54 11 43 75 67 34 75 76 29 40 71 95 68 79 54 35 75 38 14 74 13 66 86 42 69 2 80 56 9 100 73 60
100 22 43 88 46 96 35 54 65 45 31 7 97 78 1 81 65 51 21 86 4 67 43 67 69 7 91 40 43 80 95 69 6 16 50 12 64 26 40 13 44 83 19 57 39 94 31 75 70 74 29 0 81 56 80 22 94 52 11 46 50 1 5 59 72 99 97 2 11 86 42 10 78 75 45 96 8 70 56 88 32 19 49 38 89 84 49 74 31 11 78 20 34 69 19 60 80 61 32 100
59 80 6 70 65 39 94 40 40 90 76 4 52 52 20 34 37 58 78 41 54 44 13 60 69 96 42 50 88 86 8 52 59 54 17 73 33 20 87 4 94 42 12 67 89 67 59 10 96 64 73 16 0 60 51 58 73 11 74 1 0 85 6 13 85 55 61 29 82 41 52 13 73 49 90 80 49 65 0 57 92 20 58 31 7 94 89 47 83 32 22 83 6 13 73 84 4 24 80 54
66 42 61 49 73 27 4 79 16 70 63 62 68 10 41 77 51 56 4 64 84 91 36 99 5 60 91 42 81 76 55 96 21 29 14 95 69 20 9 75 43 98 5 81 31 13 57 80 91 24 35 68 53 0 64 79 79 68 47 70 12 99 84 48 43 82 13 85 19 17 73 2 93 1 50 86 74 59 27 40 5 24 7 76 12 15 76 25 76 47 85 54 40 73 34 14 71 78 4 57
31 45 63 46 87 51 57 96 58 21 43 22 46 55 78 32 92 56 56 92 99 51 3 12 42 33 94 87 41 48 65 36 69 62 6 12 21 90 11 29 48 96 45 14 64 35 68 75 39 66 20 80 85 53 0 92 48 72 18 33 77 49 11 30 55 24 37 58 20 81 56 32 6 59 67 46 98 29 60 81 8 17 0 59 64 13 34 17 38 56 100 3 72 16 46 76 2 53 16 10
77 2 78 8 63 7 11 60 70 100 38 50 6 61 11 54 10 89 71 49 36 78 49 25 12 82 3 52 44 39 71 73 93 62 36 29 49 52 86 94 83 45 60 99 31 94 84 61 73 11 13 22 85 73 38 0 69 92 11 24 55 82 12 27 87 25 32 5 83 23 19 48 96 4 3 4 53 99 14 98 23 12 96 85 45 70 37 17 24 19 61 36 46 14 45 75 95 27 74 30
74 22 2 48 48 78 48 0 27 76 93 84 22 29 96 68 98 91 6 80 63 18 6 12 87 62 46 14 7 28 36 10 95 28 80 47 86 60 85 98 44 53 6 28 65 22 45 20 3 87 13 51 1 90 79 28 0 81 68 7 37 99 10 28 7 43 5 72 29 26 20 47 30 14 37 94 34 49 47 24 92 91 72 63 56 43 81 0 16 41 75 24 7 12 65 61 94 18 28 42
88 55 87 17 30 36 96 44 52 80 51 24 37 80 60 80 87 56 0 63 70 84 100 19 32 88 30 28 24 39 13 81 49 3 60 61 28 53 62 72 78 25 52 35 5 58 87 53 12 62 90 48 20 66 24 39 80 0 77 45 29 39 14 43 89 58 46 18 47 16 76 19 4 36 92 16 28 79 25 36 28 63 76 90 67 56 2 73 22 14 52 5 56 5 72 66 33 90 80 14
39 38 70 100 84 15 66 21 23 96 81 40 11 53 1 41 14 83 33 97 6 83 70 5 81 9 95 36 15 49 7 38 52 64 61 16 52 89 57 96 83 50 40 91 93 73 4 45 62 26 61 26 76 84 92 40 69 79 0 10 54 76 89 12 44 33 18 76 18 99 41 8 18 5 23 98 31 37 32 59 43 52 31 33 77 3 64 2 35 19 44 77 37 95 6 89 35 18 71 91
100 39 6 6 53 90 56 17 72 14 15 2 94 59 10 72 55 23 20 79 99 36 11 83 40 82 11 12 37 57 81 44 67 15 99 46 73 21 6 48 79 2 99 39 62 77 0 13 89 11 43 45 34 55 6 27 6 73 6 0 33 32 47 5 23 92 19 78 80 22 10 79 60 51 35 50 86 83 70 59 25 7 76 35 61 36 38 65 83 53 83 94 22 97 82 95 96 84 75 15
27 11 16 85 1 52 14 10 63 100 73 13 13 60 25 84 2 49 40 19 26 1 1 33 24 100 39 100 21 63 91 5 49 34 4 21 54 91 8 95 55 43 100 21 6 46 80 88 77 7 19 19 19 64 31 21 87 33 68 83 0 55 61 9 32 78 19 90 18 33 36 27 16 100 17 56 0 48 85 48 33 61 97 78 84 69 89 82 11 84 50 82 91 81 87 94 95 35 12 39
88 28 47 99 8 38 22 9 10 11 58 51 83 62 75 39 33 86 25 20 73 60 5 95 99 12 30 8 97 36 80 54 93 20 16 99 41 62 8 91 80 85 29 3 13 20 100 55 36 19 36 60 88 98 12 2 63 54 5 97 38 0 99 2 71 87 18 3 94 52 83 16 86 3 35 93 17 73 56 83 27 25 80 97 35 97 24 76 70 7 43 44 59 59 91 42 13 60 91 22
86 87 85 19 84 81 43 50 84 44 4 82 89 51 89 59 51 78 54 29 20 66 84 1 74 87 98 32 41 52 73 92 43 51 12 77 63 41 99 18 98 95 77 55 63 73 40 8 70 19 32 47 28 76 54 9 32 65 46 96 33 43 0 82 100 39 45 7 65 82 74 27 93 53 61 20 81 96 20 6 43 41 21 68 72 88 85 4 84 28 2 59 38 46 17 65 74 58 99 60
70 21 69 96 4 57 88 94 86 49 5 29 58 68 81 67 9 55 9 15 27 19 76 5 55 51 18 12 76 97 66 39 0 39 45 26 84 29 10 17 24 47 96 10 7 96 4 7 33 81 33 12 97 85 15 34 23 50 41 63 7 19 10 0 0 91 63 86 22 6 12 16 37 9 33 22 98 6 42 82 24 22 75 8 89 71 71 25 80 100 39 7 83 68 75 47 18 62 44 35
72 12 5 33 93 14 81 64 14 31 38 54 69 61 36 74 16 56 93 5 91 94 23 62 40 32 33 78 11 61 26 7 36 97 95 61 23 17 30 58 37 92 7 91 49 9 27 63 44 56 17 39 9 64 52 21 43 76 35 86 61 72 84 50 0 61 29 18 27 77 61 62 32 45 64 23 44 5 2 71 93 13 9 91 4 83 28 47 17 61 79 39 89 42 52 82 25 2 78 69
45 30 46 98 48 11 18 100 87 22 71 52 24 81 16 14 10 32 93 15 86 9 42 50 3 9 85 29 45 2 22 48 84 28 81 25 95 62 72 40 35 53 40 73 57 64 90 31 81 50 100 74 23 22 63 9 1 87 36 92 59 77 9 32 34 0 38 79 6 54 31 67 63 83 87 70 53 43 78 25 95 27 11 97 26 98 7 51 28 63 78 86 41 70 98 88 52 34 100 32
35 66 67 60 55 7 10 30 27 62 50 33 24 98 30 11 94 89 96 86 95 93 28 3 38 4 47 41 57 21 92 25 25 99 22 39 85 1 84 59 73 86 93 75 39 79 46 20 4 97 34 70 36 82 36 6 91 39 74 55 66 30 92 83 94 55 0 90 8 82 72 78 71 26 41 64 74 55 32 90 49 19 53 1 85 44 93 31 95 71 27 10 86 24 10 44 87 68 7 48
25 58 68 28 21 86 97 33 51 27 84 89 53 25 9 90 98 49 28 13 24 68 18 69 32 87 57 10 12 69 63 67 41 1 11 0 63 46 60 13 46 62 13 49 17 26 64 66 69 13 71 25 43 76 22 82 22 55 57 7 92 61 52 8 0 61 62 0 60 11 65 13 14 62 60 75 58 12 5 31 95 91 91 96 22 43 26 10 60 32 85 25 98 53 58 48 88 67 86 45
79 66 47 26 64 39 86 100 99 87 34 22 1 22 33 79 32 30 72 82 39 65 99 33 31 55 46 37 50 7 56 29 8 68 62 9 83 23 96 7 16 82 56 10 74 20 7 61 29 76 64 31 50 89 9 86 18 92 14 95 29 56 61 62 3 65 29 80 0 13 21 37 29 66 53 49 29 50 33 3 70 13 54 43 49 64 50 65 9 67 68 79 10 49 39 93 44 100 52 84
3 92 26 77 83 96 48 23 43 79 43 46 41 19 83 69 3 42 43 16 93 45 67 79 89 62 80 6 36 27 85 28 49 99 32 97 60 25 40 100 84 19 53 95 74 8 49 53 35 77 65 97 61 45 87 53 1 78 69 7 23 88 29 98 80 33 94 78 90 0 100 88 32 8 85 41 92 4 59 89 79 13 64 32 67 77 19 52 75 51 1 19 100 18 27 58 77 30 52 98
30 18 68 66 9 49 66 26 48 39 17 52 11 64 3 93 12 73 63 47 24 6 95 41 55 39 76 30 64 96 36 18 37 15 88 68 82 66 48 13 69 1 88 90 11 81 91 17 66 63 44 90 84 47 23 92 18 55 53 88 72 51 79 7 37 43 24 68 93 17 0 38 40 25 26 4 2 23 94 47 25 62 40 57 79 10 50 31 37 13 90 56 32 60 61 32 16 14 54 27
5 87 26 17 81 77 88 80 87 74 24 23 76 91 16 29 45 96 70 42 16 8 28 3 66 54 10 42 41 66 31 54 48 82 19 61 100 89 70 4 55 87 60 13 36 63 41 0 4 75 79 36 75 58 2 83 49 27 97 11 41 95 72 67 95 36 30 86 20 79 35 0 5 16 77 49 50 48 59 35 5 38 46 96 98 27 41 13 54 92 14 77 96 33 60 36 90 23 21 80
75 86 63 9 61 45 58 46 40 57 9 95 88 0 68 9 51 17 17 93 81 31 0 20 39 74 21 32 55 19 57 95 81 81 76 27 98 60 22 2 40 5 27 18 43 90 7 57 83 84 54 14 66 57 55 46 49 48 63 10 86 25 80 4 75 24 54 19 46 10 16 92 0 82 45 33 88 1 62 12 79 91 47 54 51 65 3 67 100 100 81 76 64 67 60 86 72 14 5 86
22 89 70 61 73 50 67 30 12 67 10 84 73 38 63 42 4 29 72 2 100 93 23 20 54 39 30 55 70 48 90 78 10 25 19 51 54 9 3 58 25 1 12 32 80 95 14 28 95 33 43 24 65 70 83 75 78 29 2 7 72 11 19 60 31 77 48 20 80 49 78 3 99 0 46 49 22 47 16 63 3 86 11 7 46 76 6 13 93 58 79 61 31 100 31 26 36 99 66 97
8 9 85 44 70 83 31 11 21 47 87 7 35 100 36 31 57 25 18 84 30 60 94 90 43 100 0 6 52 31 81 6 23 87 13 49 47 66 9 41 15 25 1 47 6 11 59 15 53 4 57 64 66 5 18 27 21 62 57 21 0 64 31 76 48 90 48 100 30 27 68 10 76 59 0 48 54 11 19 24 97 41 18 89 87 31 23 76 38 82 57 56 55 46 6 97 60 77 88 62
21 26 85 61 19 100 3 58 60 50 44 4 15 71 43 11 79 50 24 6 14 11 91 86 54 3 33 10 17 18 70 72 9 19 33 76 36 100 41 67 13 23 46 82 73 0 9 14 9 49 70 29 45 26 83 42 81 63 100 28 22 100 84 60 18 79 62 86 2 33 91 100 62 44 11 0 57 74 95 81 22 95 42 94 38 31 39 77 58 13 30 3 65 65 45 20 12 33 42 16
55 69 86 32 80 68 4 55 4 66 85 22 26 96 75 17 64 75 46 95 51 84 63 12 0 87 30 0 18 0 64 3 98 57 67 36 99 53 36 55 94 6 20 83 77 67 13 0 59 16 74 29 34 10 3 65 91 99 16 10 46 82 41 45 80 79 5 11 5 61 55 38 81 95 14 79 0 77 68 91 59 33 17 88 42 25 69 85 96 75 25 10 58 90 36 45 88 3 39 30
17 37 79 51 78 48 36 89 22 53 75 18 20 26 46 2 77 53 9 65 3 38 21 81 49 23 38 84 1 78 16 72 69 65 67 84 88 21 6 50 29 88 12 37 78 66 73 2 36 64 26 48 14 38 12 19 25 43 82 96 9 83 42 74 59 35 70 43 31 93 85 56 46 20 26 1 100 0 13 23 57 15 83 41 39 4 68 56 82 82 4 69 100 56 17 8 47 0 99 24
98 19 4 47 82 71 95 21 75 30 39 18 4 46 1 85 65 80 13 24 83 100 23 55 24 18 80 45 29 83 100 42 78 8 63 20 47 59 44 45 31 56 15 69 48 51 16 70 75 74 65 20 38 55 99 76 66 6 84 33 11 42 29 36 79 100 0 14 75 4 60 92 57 92 68 55 43 4 0 12 0 93 57 74 68 10 43 40 45 15 19 20 94 5 68 14 62 40 97 2
5 56 47 36 53 74 84 87 14 43 99 90 97 30 62 59 91 6 95 76 42 26 82 18 0 15 48 40 81 6 19 43 12 70 95 29 99 15 75 55 8 34 81 54 93 23 0 5 46 37 75 84 90 78 100 53 33 7 59 74 77 75 57 73 78 19 58 82 38 81 47 4 59 69 37 11 28 6 94 0 89 50 66 58 21 24 82 81 3 52 83 15 33 29 94 62 6 96 100 63
69 5 20 98 3 4 67 73 23 23 24 42 61 14 62 24 6 22 69 38 64 84 93 93 32 54 50 98 97 17 22 6 70 97 76 20 57 6 15 6 21 8 17 87 41 100 52 86 95 13 81 10 77 57 83 1 4 51 0 79 6 42 81 5 54 31 53 84 52 90 90 76 79 5 7 25 88 30 2 70 0 94 33 51 85 62 55 30 8 19 56 73 69 9 38 93 24 58 23 97
10 47 63 73 69 58 58 30 49 3 42 50 75 19 80 97 100 27 62 98 81 35 2 69 50 45 55 91 22 63 21 64 74 44 27 84 11 1 68 89 33 63 23 91 61 30 18 24 41 39 57 72 62 51 53 54 59 100 91 65 25 71 43 13 41 3 81 25 2 81 96 45 69 88 79 9 82 52 14 29 51 0 25 11 4 22 31 96 76 69 52 75 33 6 52 10 92 98 84 29
0 82 87 75 0 54 36 12 79 6 87 30 41 9 21 38 7 28 56 41 25 63 53 81 33 13 59 83 89 52 55 71 93 6 48 86 93 87 53 70 48 25 70 80 28 44 9 19 35 3 65 65 0 10 7 3 28 14 5 1 4 28 66 99 80 67 96 38 18 22 38 23 65 40 1 85 15 37 26 40 98 60 0 11 73 88 24 58 99 70 58 5 53 70 72 24 23 95 35 41
19 71 37 8 88 79 74 52 21 70 7 58 100 98 65 3 77 83 32 33 29 94 17 95 38 54 76 37 65 89 71 57 58 70 62 16 60 5 18 38 66 19 11 41 64 41 22 41 63 33 10 93 77 54 8 26 4 48 41 53 53 100 62 28 89 0 89 54 15 70 52 28 86 36 52 73 98 6 69 87 58 98 88 0 75 15 95 93 47 89 24 8 95 70 79 47 12 64 20 32
52 57 62 15 9 11 59 22 67 76 90 18 21 58 64 60 37 32 99 21 84 88 9 98 50 61 52 57 50 11 85 42 13 2 60 73 65 21 33 56 73 10 43 73 44 12 28 86 48 9 59 33 25 9 31 38 54 87 11 53 19 65 98 19 95 24 26 80 100 91 42 66 20 15 74 42 28 83 71 44 76 60 55 47 0 97 19 98 36 76 57 39 9 63 79 63 56 66 85 68
77 63 30 69 20 54 76 100 2 27 28 7 5 79 39 75 72 56 4 51 49 39 67 90 75 7 90 12 80 14 70 13 20 75 90 11 57 93 78 33 66 48 54 63 54 60 84 20 36 81 84 95 15 53 46 54 63 19 19 30 18 89 11 12 24 6 5 20 78 4 47 9 31 23 19 72 73 61 73 2 63 87 50 80 32 0 32 73 1 83 93 79 79 7 25 81 28 83 58 92
66 83 3 92 28 69 62 6 67 68 83 33 97 20 10 24 19 18 19 82 43 3 21 66 69 53 16 15 66 64 13 90 81 11 76 90 52 22 27 83 45 4 99 24 44 43 7 89 86 49 47 89 60 51 39 8 83 65 48 6 15 25 7 43 49 63 44 71 58 72 72 72 40 24 25 21 80 89 34 44 42 54 84 18 86 0 0 5 50 100 54 66 73 70 99 41 76 95 56 12
76 45 61 3 65 10 72 3 85 71 6 63 15 14 74 73 2 9 68 74 0 91 12 82 1 45 90 99 27 91 79 77 62 25 61 17 42 54 60 25 71 7 75 50 1 70 74 31 76 4 90 64 1 56 20 7 78 5 92 71 8 67 65 25 82 33 66 48 94 54 62 36 28 19 66 77 83 100 48 68 4 76 0 31 99 50 16 0 99 53 55 48 95 64 26 91 24 61 17 21
60 98 9 81 32 98 56 84 53 42 99 9 32 34 75 24 58 52 10 47 57 5 39 58 21 58 6 63 39 32 34 100 79 55 50 15 38 2 54 99 38 96 89 67 93 4 23 16 99 22 65 32 5 8 10 81 69 2 100 96 10 45 29 29 38 37 57 82 87 87 37 18 28 82 90 94 49 17 41 55 60 65 14 60 69 93 64 43 0 40 76 46 62 63 53 18 72 22 80 86
50 17 41 85 2 67 66 60 38 94 96 72 49 17 16 28 77 17 73 27 11 71 58 74 90 70 42 100 19 21 57 5 16 90 13 74 8 38 63 12 79 14 66 11 66 50 30 77 2 98 75 85 19 65 58 66 99 15 62 83 1 0 75 86 94 31 39 59 78 45 60 71 29 38 30 19 38 79 93 68 99 1 91 2 26 96 34 26 90 0 86 13 0 27 61 10 97 85 56 97
50 73 36 95 49 23 89 64 59 95 8 50 46 20 26 64 12 37 90 15 24 36 45 70 100 87 69 11 14 31 36 21 95 21 91 28 18 68 44 93 34 59 34 53 80 16 34 92 54 98 26 68 96 29 47 77 24 75 4 9 24 89 66 25 56 49 25 23 46 41 62 44 72 51 33 16 20 84 45 66 4 100 34 9 11 60 91 96 100 16 0 76 64 75 69 12 42 35 1 47
10 88 9 89 38 3 23 36 80 87 41 27 88 87 61 86 46 64 98 31 73 16 40 15 73 23 37 83 0 57 48 80 56 92 6 39 31 35 21 99 63 71 95 93 79 72 75 78 35 53 46 29 76 24 1 33 29 67 49 80 68 16 63 77 3 75 9 92 38 54 64 16 44 84 61 49 22 94 86 19 71 96 82 83 21 89 53 33 81 51 43 0 67 71 17 51 21 0 31 50
89 99 28 35 16 47 44 26 83 38 37 45 93 47 7 43 62 82 42 88 85 70 96 63 74 65 46 92 74 59 9 11 59 67 52 35 90 39 34 25 38 43 66 99 74 47 42 83 82 40 47 69 42 36 34 70 22 86 56 97 28 52 47 85 43 53 91 59 12 88 68 60 6 27 52 43 34 60 78 31 61 43 35 73 15 12 56 29 89 93 18 21 0 14 3 37 39 0 91 14
43 46 25 84 51 14 68 58 7 86 43 23 49 70 26 20 56 13 61 24 95 12 46 57 94 96 19 14 2 35 42 96 20 18 97 86 37 84 54 62 53 96 40 100 4 64 33 62 21 75 33 61 44 100 2 62 57 22 37 6 97 49 17 87 16 73 12 48 45 52 87 7 57 72 53 45 24 90 90 93 27 91 51 7 9 77 64 92 71 68 70 60 65 0 90 38 47 56 63 48
25 33 67 16 73 5 62 74 50 59 24 12 44 40 33 72 68 43 55 1 67 73 97 26 9 48 26 92 52 98 40 69 33 4 15 82 62 41 9 37 4 52 15 21 90 38 35 1 48 51 54 45 51 99 36 80 80 85 95 19 63 2 44 72 61 3 93 99 89 55 3 3 40 49 51 15 29 18 42 96 24 41 7 19 87 98 85 26 58 88 62 44 82 70 0 61 67 37 81 86
55 54 49 96 25 45 58 95 52 40 3 7 55 17 45 90 61 73 64 57 14 89 82 72 58 75 42 7 10 73 94 42 93 67 84 90 98 34 57 15 58 93 82 56 89 92 24 35 79 10 49 5 11 50 42 31 96 64 61 82 41 8 78 13 48 37 29 12 44 0 97 26 43 28 93 100 82 8 54 64 65 94 98 60 22 66 71 82 17 59 76 22 44 55 77 0 2 92 99 82
73 39 36 20 29 6 35 52 95 39 66 76 61 77 69 16 93 55 7 41 42 65 32 8 79 74 69 20 26 22 28 3 10 56 47 33 38 57 96 87 83 3 26 2 20 82 6 43 22 60 66 76 100 33 96 29 37 61 62 22 47 82 62 82 97 94 35 38 55 57 20 70 27 51 56 30 11 61 0 49 44 67 19 23 69 99 99 81 55 13 9 3 3 95 21 17 0 24 2 19
97 1 49 80 8 59 84 92 25 91 72 1 79 78 11 81 30 7 61 57 3 79 94 91 43 56 65 5 51 77 77 23 46 2 44 34 6 84 61 63 94 2 94 44 25 77 100 13 42 57 90 4 31 17 0 46 68 5 66 77 87 40 99 64 29 19 26 18 26 4 33 30 47 35 0 38 82 44 82 81 49 66 66 94 77 23 6 83 96 21 63 69 68 44 85 39 12 0 67 57
42 97 6 12 41 19 34 37 58 18 56 83 34 9 41 85 85 33 4 16 94 28 7 93 31 69 3 12 11 4 64 2 49 51 66 12 69 42 18 25 96 75 35 63 80 14 53 82 14 78 65 72 42 92 41 32 54 72 37 90 22 50 36 29 5 40 82 97 92 89 0 57 3 8 69 68 27 56 78 5 38 80 50 25 47 84 4 87 100 60 85 0 70 37 19 5 32 43 0 25
69 75 11 31 10 43 74 54 12 4 80 1 82 18 67 5 88 55 37 57 42 97 67 95 71 35 25 3 49 66 98 27 41 49 94 47 17 93 19 80 69 59 26 29 71 61 33 88 83 15 30 79 53 42 56 77 79 22 20 82 7 40 43 43 45 64 90 46 45 76 26 1 23 20 40 19 57 57 24 54 80 77 93 56 3 62 6 99 4 4 97 84 90 92 26 30 55 71 94 0