100
28 2479 2599
50 3689 3809
54 2870 2990
46 558 678
47 4901 5021
24 4132 4252
46 79 199
47 3131 3251
50 2690 2810
32 1935 2055
24 1804 1924
50 2824 2944
37 920 1040
20 3986 4106
28 1153 1273
41 3119 3239
45 3897 4017
38 3374 3494
27 3638 3758
55 71 191
26 2900 3020
20 4990 5110
58 4655 4775
38 1619 1739
50 634 754
59 648 768
27 4802 4922
31 305 425
48 1011 1131
27 5086 5206
29 2103 2223
53 1190 1310
31 1212 1332
25 911 1031
38 1884 2004
34 2271 2391
45 3674 3794
36 455 575
44 2834 2954
32 2807 2927
56 701 821
48 3676 3796
25 1537 1657
28 2846 2966
23 3477 3597
40 1420 1540
46 3553 3673
32 4356 4476
28 292 412
40 5073 5193
29 1700 1820
32 3004 3124
30 283 403
31 1691 1811
45 3594 3714
35 4608 4728
40 760 880
44 1079 1199
22 3174 3294
21 2919 3039
36 3733 3853
44 846 966
41 2555 2675
32 1846 1966
57 77 197
55 1711 1831
47 5060 5180
37 990 1110
46 4364 4484
57 4716 4836
33 1861 1981
59 2501 2621
53 4206 4326
27 1205 1325
26 3905 4025
54 2355 2475
34 789 909
53 3751 3871
43 4985 5105
23 1343 1463
23 5335 5455
21 2999 3119
29 803 923
29 1268 1388
48 4720 4840
35 3869 3989
56 4721 4841
50 2628 2748
59 3865 3985
42 4457 4577
21 3752 3872
30 5160 5280
29 4483 4603
40 4613 4733
21 4059 4179
47 1272 1392
40 1805 1925
43 42 162
29 5403 5523
45 4302 4422
8 9 12 11 9 8 10 11 9 10 12 10 8 12 10 9 8 8 10 9 8 9 10 8 9 8 10 9 9 11 8 12 9 10 9 11 11 10 8 9 9 10 10 8 11 12 10 11 10 10 9 11 12 8 9 9 9 8 9 10 9 10 10 9 10 10 9 9 9 10 8 11 10 11 9 11 9 9 11 9 11 9 11 12 9 11 8 10 10 10 9 9 12 9 9 8 11 11 12 11
10 11 10 11 10 8 10 9 9 11 11 12 11 9 11 9 9 11 11 11 8 10 10 10 12 10 10 8 10 8 9 8 10 9 12 9 8 10 9 9 10 11 12 11 9 12 10 9 9 12 11 11 11 9 11 9 11 11 9 9 9 10 10 11 11 11 8 12 11 12 9 11 11 10 11 10 11 12 8 9 11 9 9 11 10 8 11 11 11 10 9 8 12 9 11 10 8 9 12 9
11 12 11 8 9 8 12 12 11 11 8 9 9 11 10 12 10 9 10 9 11 10 9 12 9 10 11 9 10 9 11 9 12 12 8 11 11 12 8 11 10 12 8 9 12 10 11 12 10 11 12 10 8 11 11 10 10 11 9 9 9 12 10 10 8 9 10 9 11 10 9 11 10 10 11 8 11 11 12 12 10 9 8 10 12 12 11 10 10 12 8 9 11 10 8 10 10 9 12 12
9 11 8 8 11 10 12 8 8 10 9 10 12 11 9 9 11 9 8 11 9 11 8 10 10 12 12 11 10 8 9 11 8 12 12 12 9 11 10 9 8 9 10 10 11 12 10 11 11 11 11 12 12 8 12 10 9 10 12 10 11 10 9 9 12 9 11 11 9 11 11 11 11 11 11 10 9 9 11 9 9 10 11 9 11 11 9 8 9 9 10 10 11 9 9 12 12 10 12 10
10 11 12 10 9 10 11 9 12 8 11 12 9 11 12 11 12 11 11 8 12 10 8 10 10 8 11 8 8 8 10 12 9 11 11 12 9 9 10 11 10 11 10 11 11 9 8 12 9 12 12 11 10 10 11 10 9 12 9 11 8 11 12 9 9 9 11 11 8 8 11 9 12 10 9 10 10 11 11 11 10 12 10 8 12 11 11 12 11 10 9 8 11 11 11 10 10 10 11 9
12 8 10 8 8 10 8 9 9 9 11 10 11 8 11 11 10 9 12 11 11 11 8 11 11 9 11 11 10 11 9 11 9 12 11 9 9 9 11 9 8 8 11 11 10 12 9 11 8 12 11 9 8 8 11 11 11 10 11 10 10 9 8 10 10 11 10 8 11 9 11 10 9 11 11 12 12 9 9 11 8 9 9 10 12 11 11 11 11 9 9 9 11 11 10 11 8 10 9 11
9 11 8 11 10 8 8 12 8 9 12 11 9 8 9 11 9 10 11 8 10 9 10 10 10 10 9 11 8 10 10 11 12 11 11 11 9 11 11 10 11 10 10 11 11 10 10 9 11 10 9 9 8 12 9 9 12 10 9 9 8 10 9 10 9 10 12 9 10 10 10 10 11 12 9 11 8 9 10 9 8 10 10 10 10 10 8 9 11 9 11 9 10 10 10 11 11 9 11 11
11 10 10 11 10 9 11 11 11 12 11 11 8 11 9 12 9 10 10 12 8 11 9 11 9 10 12 11 8 8 9 12 10 9 10 10 8 9 10 8 8 11 8 10 10 12 8 11 8 9 11 10 12 10 10 8 9 9 11 11 9 9 8 10 11 11 8 11 10 12 10 11 12 9 8 12 11 9 11 9 10 12 11 9 9 9 10 11 10 12 10 8 10 9 9 9 10 12 10 10
11 9 9 8 10 8 11 9 11 10 11 9 11 12 11 10 11 9 12 12 11 9 8 12 10 9 11 9 11 9 9 10 10 8 11 11 8 10 9 12 11 10 12 11 10 11 9 9 12 10 10 10 8 9 8 10 9 9 11 10 11 8 11 11 12 11 10 11 10 9 8 12 8 10 12 12 11 11 11 9 10 9 9 8 8 12 8 12 11 12 11 10 9 11 11 12 10 12 11 11
9 11 11 10 11 11 9 8 10 11 10 12 10 9 10 10 9 12 9 9 10 10 11 9 11 10 11 10 9 9 11 11 12 8 11 10 11 8 12 10 11 11 11 11 9 8 9 8 11 10 10 11 10 9 11 10 11 10 9 11 9 10 9 9 12 12 10 8 8 10 9 9 9 9 11 9 10 8 11 10 12 8 9 11 11 10 9 10 9 8 10 10 10 8 10 8 9 10 10 11
8 11 10 9 10 11 10 10 12 9 10 9 11 12 9 11 10 12 9 11 10 9 8 10 12 12 8 9 12 10 9 10 10 9 10 10 11 9 11 10 10 12 11 9 8 10 9 12 11 12 12 9 10 11 12 10 10 9 10 11 10 11 11 10 9 11 10 9 8 8 10 10 11 9 11 10 10 11 9 9 10 11 9 10 11 10 8 8 11 8 8 9 8 9 10 10 9 11 11 10
9 9 9 11 9 11 8 9 8 11 12 12 10 12 11 11 8 10 9 10 12 8 11 9 10 9 10 12 12 11 11 11 9 10 10 12 12 9 8 10 9 12 9 9 11 8 10 12 10 10 8 8 8 12 9 9 9 12 8 10 10 9 11 9 10 11 11 10 9 9 11 10 9 8 11 10 8 10 12 10 9 12 11 9 12 10 12 11 12 8 11 9 9 10 11 10 11 8 8 10
9 10 8 10 11 12 12 11 12 9 12 10 8 12 9 10 10 10 10 12 12 12 10 12 8 9 9 10 11 9 9 9 11 9 8 10 8 9 9 10 11 11 10 10 10 9 10 11 9 10 10 9 9 12 11 10 8 8 9 10 9 8 12 10 11 10 9 11 11 10 9 11 10 9 11 11 9 10 12 11 10 9 12 10 9 10 9 9 8 12 10 11 9 11 11 11 10 9 9 9
9 11 9 9 8 11 11 10 9 12 11 11 10 9 10 10 10 11 9 10 10 10 10 9 9 11 8 9 9 11 10 10 11 11 11 11 10 8 8 11 10 11 11 8 12 9 12 10 10 11 10 11 9 8 11 9 11 8 11 10 11 10 12 10 10 9 11 11 8 9 9 10 11 9 11 8 9 11 11 10 9 9 12 9 10 11 10 9 10 11 10 11 9 9 12 9 10 10 12 10
9 11 10 10 10 10 10 9 10 8 9 9 10 9 10 10 10 9 9 10 11 12 9 9 9 11 10 11 11 10 11 10 11 11 9 11 10 11 8 11 12 10 10 11 8 11 10 8 10 8 11 8 11 12 11 10 10 11 10 11 11 9 10 8 12 12 9 10 12 11 10 9 8 11 9 9 11 11 9 11 9 12 10 12 8 11 10 10 12 10 8 9 10 9 11 9 8 11 9 11
11 10 9 11 12 9 9 8 8 10 11 10 12 9 12 8 11 10 10 11 9 8 10 8 9 8 9 10 9 10 12 8 12 8 11 9 8 10 9 9 10 9 11 10 8 10 10 11 8 9 11 9 10 10 12 10 9 8 9 8 10 11 9 11 11 9 11 9 8 10 9 12 9 9 12 8 11 11 10 12 12 10 11 10 12 12 8 11 11 10 10 8 11 11 8 10 10 8 10 8
10 10 10 12 9 11 8 10 12 9 10 9 9 11 11 11 10 8 8 8 9 8 9 10 10 8 8 8 11 10 9 9 9 9 11 9 12 12 10 11 10 10 12 8 10 11 8 12 11 9 11 10 11 11 11 9 11 11 8 8 8 11 11 10 11 9 11 10 10 11 10 11 12 11 8 11 10 12 11 11 9 8 12 9 10 9 9 10 10 9 12 8 8 9 11 9 9 11 10 10
9 10 10 9 10 10 10 10 8 10 10 10 9 10 12 10 11 12 10 12 8 9 11 11 10 10 11 8 11 9 8 9 8 9 9 11 8 9 9 10 12 12 9 11 11 10 9 12 11 8 11 9 9 9 11 12 10 9 10 8 10 9 8 12 12 11 9 9 10 9 9 8 9 10 11 11 8 12 8 12 11 10 10 12 8 9 8 12 11 8 9 12 11 9 11 8 10 9 8 8
12 12 8 9 10 11 11 12 10 8 12 9 12 11 10 10 10 9 9 8 11 8 11 12 8 12 8 9 9 9 11 11 10 10 8 11 10 11 8 9 11 11 12 11 11 9 9 9 12 10 8 9 10 9 10 9 8 11 11 10 12 11 11 11 8 8 12 8 10 11 11 8 11 11 12 9 10 8 9 9 9 10 8 10 10 11 8 9 9 10 11 8 8 11 9 10 10 10 8 9
10 9 11 11 10 10 9 10 10 11 9 10 10 8 9 8 10 12 8 9 10 9 11 9 12 10 8 10 11 10 9 8 8 11 8 10 10 9 12 8 12 11 11 12 9 10 9 11 9 10 10 9 8 10 10 12 11 11 8 10 10 10 10 8 9 11 11 12 10 10 8 10 9 11 8 11 10 11 8 10 8 12 9 12 11 10 12 8 12 12 11 11 9 8 8 9 10 10 11 9
10 9 10 11 9 11 9 9 10 12 9 12 9 11 11 10 10 10 11 10 10 10 10 8 11 10 10 9 8 12 9 11 12 11 12 11 12 9 11 8 8 11 9 10 12 10 9 9 10 10 9 10 10 9 11 11 10 11 10 9 9 8 9 10 12 9 11 11 12 11 9 8 9 9 11 9 11 11 12 8 11 9 12 10 8 11 10 11 11 9 10 12 11 9 12 10 10 10 9 9
11 10 9 11 8 11 8 9 10 8 10 10 12 11 11 8 11 9 10 10 9 8 9 11 9 8 9 12 11 8 11 8 9 11 10 12 9 12 9 10 8 8 10 9 11 10 10 8 9 9 8 9 9 11 10 11 9 9 8 9 10 11 10 9 9 9 10 9 11 10 11 9 9 11 9 11 10 8 10 10 9 9 11 10 9 11 9 8 9 11 10 9 9 9 11 11 9 9 8 10
9 9 10 11 10 8 12 11 11 11 11 8 8 8 11 11 12 11 10 12 8 10 11 11 11 12 11 8 10 9 11 9 11 8 12 8 10 10 8 9 10 8 9 10 11 12 11 12 12 11 12 12 9 9 9 11 12 9 10 12 12 11 9 11 9 9 10 9 10 9 11 9 10 10 9 10 11 8 9 9 10 9 10 11 9 8 10 8 8 10 9 8 11 9 11 10 12 10 10 10
9 8 9 11 10 10 9 9 9 8 8 11 9 10 11 11 10 9 9 12 8 9 8 10 10 10 9 8 12 11 11 8 12 9 11 8 9 10 8 12 11 12 8 9 10 11 10 12 10 11 8 10 11 12 11 11 9 11 10 11 11 8 8 8 10 8 8 9 11 11 9 9 11 11 8 11 12 11 9 9 10 12 10 9 11 11 8 10 12 12 10 11 10 11 9 11 10 10 12 12
9 9 10 9 9 10 11 8 10 12 11 11 9 8 10 11 12 9 9 8 9 11 10 10 11 11 11 11 10 12 10 11 10 9 11 11 12 11 12 8 8 10 11 10 11 8 10 9 9 11 12 10 8 10 10 9 10 10 9 10 10 11 8 10 9 12 11 11 9 11 12 11 9 11 9 11 9 9 9 11 8 10 11 11 11 12 10 8 11 11 10 9 11 9 11 10 10 10 11 9
11 9 10 9 10 12 9 11 9 11 11 9 10 12 9 9 12 10 8 10 10 9 10 10 11 10 10 11 9 9 11 10 9 10 9 9 11 10 12 10 10 9 10 9 12 10 8 12 9 11 8 10 11 8 12 12 10 9 9 11 10 10 10 9 10 10 9 10 9 10 8 12 9 9 9 10 9 12 9 8 8 9 10 8 10 10 8 10 8 12 9 9 8 9 11 12 11 10 11 12
10 11 11 11 9 12 12 11 9 11 9 9 8 12 11 10 11 8 8 9 8 9 12 10 10 11 11 11 10 8 11 11 11 10 10 10 10 12 10 11 10 8 8 10 11 12 10 11 8 11 10 9 8 8 8 9 9 11 9 9 10 9 11 8 12 11 10 11 9 12 9 10 12 11 10 11 11 10 9 8 11 11 9 9 9 9 9 9 9 9 9 9 9 10 11 8 11 12 11 11
11 10 9 11 11 11 9 10 11 10 11 11 10 9 11 10 10 11 9 10 8 9 10 12 11 12 9 12 11 12 11 9 12 11 10 12 8 11 12 11 10 12 8 8 11 12 8 10 9 8 9 10 9 9 8 11 11 9 10 11 8 10 10 8 9 8 11 9 11 9 12 9 10 10 11 10 8 10 8 12 10 9 10 11 12 10 9 11 11 8 10 11 10 10 8 9 9 9 10 9
11 10 10 11 12 12 11 10 9 10 10 11 9 11 9 12 9 10 10 10 10 9 11 10 11 9 8 12 12 8 10 12 10 9 9 10 8 11 9 11 8 11 10 9 10 9 9 12 11 9 9 11 9 9 9 11 8 12 10 11 10 9 12 9 10 11 8 12 9 11 9 10 11 12 12 9 9 12 11 9 11 9 9 9 10 10 11 9 9 10 12 12 9 10 11 8 10 10 10 8
8 8 11 9 9 9 8 10 8 10 11 10 9 12 11 9 11 9 9 9 11 10 9 10 8 8 11 12 11 11 9 11 12 12 10 11 9 9 9 9 9 11 9 10 8 9 9 10 9 12 11 12 10 11 9 9 9 11 10 8 11 12 9 10 8 9 12 12 8 10 8 11 11 11 12 11 8 8 12 9 10 12 10 9 10 9 8 12 11 9 11 9 10 9 9 10 9 9 9 11
9 8 9 9 10 8 9 11 9 9 8 9 11 8 10 11 10 8 11 9 10 11 10 10 10 12 10 10 11 11 11 10 10 9 9 9 9 10 10 11 12 9 9 11 9 10 8 10 12 9 11 9 11 9 9 9 8 12 8 8 8 10 11 9 10 9 9 8 11 9 12 10 9 10 9 11 9 9 8 11 10 9 12 9 12 9 12 9 12 8 8 11 9 9 12 10 9 9 10 9
9 8 9 12 11 9 9 12 9 9 11 12 11 10 8 11 12 11 11 11 11 11 8 12 12 11 8 9 8 12 10 10 10 8 11 11 11 11 10 9 8 11 10 9 10 12 12 12 11 10 9 9 10 8 8 9 9 9 10 8 11 10 12 12 9 11 11 9 12 10 9 9 10 12 10 10 11 12 10 12 10 11 9 8 11 9 10 12 12 9 12 8 10 9 9 11 9 12 12 9
12 12 10 12 10 8 10 8 9 9 10 12 10 12 12 12 11 9 10 9 11 11 11 9 11 11 9 10 10 10 12 8 9 9 10 8 10 9 10 9 10 11 10 9 11 9 10 11 12 11 10 11 12 10 9 11 10 9 9 9 11 11 9 8 12 11 12 12 9 9 11 9 9 11 11 9 10 10 11 11 8 9 11 9 10 9 11 11 8 9 11 9 11 11 8 10 11 9 8 12
10 12 11 12 9 9 11 9 11 11 9 10 8 9 10 10 10 11 9 11 10 10 9 10 10 11 8 12 10 12 12 9 9 12 11 11 8 9 12 10 10 9 8 8 12 12 10 8 9 11 9 9 10 9 11 10 11 11 10 10 11 11 9 9 9 9 12 12 10 10 11 11 8 12 10 11 11 9 11 9 10 11 11 10 11 11 10 12 12 9 11 8 9 11 8 9 11 10 9 9
9 9 8 11 10 10 11 9 8 11 10 11 8 10 9 9 12 10 10 8 9 8 8 9 10 11 11 8 9 10 10 11 10 9 9 9 10 10 10 9 8 10 12 12 9 11 9 8 9 10 9 10 9 8 12 11 12 9 10 11 11 11 10 10 11 10 8 12 9 10 8 10 10 8 9 12 10 10 10 11 10 10 9 10 9 11 8 11 11 8 10 11 11 9 12 8 11 9 12 10
9 9 11 10 12 10 8 11 12 10 12 9 9 11 11 9 9 9 8 9 8 9 10 10 11 11 8 11 9 11 11 9 9 9 10 10 10 12 12 10 10 8 8 9 12 10 10 11 10 11 8 9 11 8 11 11 10 11 11 12 9 11 9 10 9 11 10 12 9 11 10 11 9 10 10 11 12 12 10 11 10 10 11 12 9 11 8 9 10 9 11 11 11 10 8 11 10 10 9 8
12 9 10 10 12 11 9 9 12 10 12 11 9 8 9 10 9 10 10 8 11 8 11 12 10 8 8 8 9 10 9 12 9 9 12 10 9 12 8 11 8 11 9 9 9 12 8 10 8 11 11 11 9 9 10 11 11 10 9 12 10 9 11 11 10 8 12 11 12 10 8 8 11 10 11 11 8 12 10 11 11 9 9 11 11 9 8 9 9 12 9 11 12 10 11 10 11 10 11 11
9 10 10 12 11 8 8 10 9 12 11 11 10 10 9 11 11 8 10 12 9 11 9 11 9 9 11 8 11 10 10 8 8 9 11 10 8 12 8 10 11 12 10 10 10 9 12 9 9 10 10 11 8 9 10 11 12 11 10 11 9 8 11 9 9 11 12 9 9 11 10 10 8 11 8 10 9 9 10 10 11 10 10 9 10 8 12 9 12 11 9 9 9 11 8 8 9 10 11 10
11 10 9 12 11 10 11 10 10 12 9 9 11 11 11 10 10 9 9 10 9 8 9 12 8 12 12 12 11 10 9 10 10 10 9 10 9 11 8 8 12 9 9 12 9 11 10 11 10 9 9 12 10 12 9 11 11 9 10 8 9 9 9 8 11 12 10 9 9 8 8 10 8 12 11 10 9 10 11 9 10 11 10 9 12 11 11 12 9 11 11 9 8 8 9 8 10 9 11 8
9 10 8 12 10 8 11 8 11 9 10 10 10 9 10 9 11 8 11 10 9 11 12 10 8 9 12 8 12 9 10 11 11 11 11 12 8 9 9 8 8 9 9 9 8 11 9 10 9 10 9 9 11 12 10 9 10 12 9 8 10 12 10 12 9 9 9 12 11 11 9 11 9 10 10 9 8 10 9 8 11 11 9 10 8 9 10 11 8 12 11 10 12 10 10 10 11 10 10 9
10 11 12 9 9 8 11 11 10 8 10 11 8 11 11 11 12 12 9 11 8 10 9 12 9 9 9 9 11 9 10 9 10 9 11 11 10 9 10 9 9 8 9 10 8 11 11 9 9 11 9 11 8 9 11 10 11 12 12 10 9 9 10 9 12 9 10 9 11 10 12 11 9 10 9 8 10 12 11 9 9 8 11 10 9 12 10 11 11 9 9 11 8 11 9 11 10 10 10 11
10 8 10 10 10 9 11 9 11 11 12 12 10 12 11 11 12 9 10 9 12 8 11 11 9 11 9 11 9 9 12 9 10 11 11 11 9 10 10 9 11 9 12 9 11 10 9 8 8 9 11 8 9 10 10 10 11 12 10 11 9 9 11 12 10 12 12 10 12 11 11 9 8 11 9 9 11 9 11 9 10 8 11 9 9 8 11 10 9 8 8 8 11 11 10 9 10 12 11 11
12 11 10 11 8 9 9 10 9 9 11 12 9 10 8 8 10 10 8 12 11 11 12 11 9 8 10 11 8 10 11 10 9 9 11 9 9 11 8 11 12 11 10 11 11 9 8 9 10 11 9 9 9 11 10 9 11 11 9 9 10 10 9 10 8 10 12 11 11 11 10 9 9 8 10 12 9 9 9 9 9 8 10 11 11 10 8 10 10 9 9 12 11 10 12 12 8 9 11 11
10 12 11 10 11 12 8 12 10 11 9 10 9 10 11 10 8 11 9 8 10 10 9 11 11 10 10 9 10 8 10 8 10 9 9 10 10 9 11 10 10 11 9 9 12 11 10 12 11 10 12 12 8 12 8 12 11 8 11 9 11 9 8 9 9 9 11 10 11 11 9 11 12 10 10 9 11 10 9 10 11 12 11 10 11 10 11 9 9 9 11 9 8 9 10 12 12 9 11 8
8 9 12 11 8 10 9 10 11 12 8 12 9 9 9 9 9 8 12 12 8 10 10 12 11 10 10 12 11 9 11 10 10 11 10 8 10 9 9 11 10 10 9 9 9 12 10 11 9 10 10 10 11 10 9 10 11 11 10 11 10 10 11 8 10 9 10 12 11 9 12 9 9 9 10 10 10 9 11 11 11 9 10 11 11 10 9 12 9 10 12 9 9 9 8 11 9 8 10 10
8 9 10 11 10 9 10 8 8 8 10 9 9 10 11 9 11 9 12 8 12 10 10 8 11 10 8 11 11 12 10 12 11 10 12 8 8 8 11 11 10 9 12 10 8 9 10 12 11 11 11 10 10 12 9 9 9 8 12 9 12 8 10 10 9 8 12 9 10 11 9 9 10 8 11 10 10 9 9 10 10 10 10 10 11 9 10 9 10 10 12 11 11 9 11 8 9 10 9 12
11 11 9 11 11 8 8 11 10 8 11 12 10 8 11 9 9 9 11 9 11 12 9 9 9 11 10 10 9 11 11 10 8 11 11 10 10 10 12 9 11 9 9 11 11 9 11 9 10 9 11 9 11 10 9 9 9 12 10 10 9 12 9 11 10 9 12 9 12 11 11 9 9 10 10 11 10 12 11 11 9 12 12 12 12 9 11 10 12 12 10 10 9 8 9 11 9 10 10 11
9 8 9 11 11 10 10 8 10 11 11 9 12 9 9 10 11 10 10 9 12 10 11 8 9 11 9 10 10 11 12 9 11 10 12 8 11 10 11 12 9 10 10 9 11 11 9 9 9 10 11 10 12 12 9 11 11 12 11 11 10 10 9 10 12 9 9 9 11 11 11 11 8 9 9 9 11 9 8 8 10 10 9 10 9 9 11 12 9 10 12 9 8 9 10 10 11 11 11 9
12 9 9 11 12 9 9 11 11 12 12 10 10 10 9 10 11 9 8 9 11 10 12 9 10 9 8 10 10 9 12 11 11 10 9 10 8 11 9 12 11 11 11 11 12 9 9 12 10 10 10 9 10 9 12 9 8 12 9 12 10 10 10 11 12 12 10 10 10 11 12 11 9 10 8 9 8 11 12 8 11 8 11 12 9 11 10 10 9 10 9 9 12 10 12 8 9 9 11 11
11 10 10 11 8 10 11 10 11 10 10 11 11 12 12 11 11 8 9 10 11 11 8 8 10 11 11 9 9 9 9 9 12 10 8 11 11 10 10 8 10 10 11 8 8 8 12 12 8 10 9 12 11 10 8 12 8 10 9 11 9 9 12 12 9 11 11 9 8 12 9 9 8 9 9 10 11 9 12 11 11 11 11 9 10 12 9 12 11 9 10 11 10 10 9 9 11 10 9 9
12 10 9 9 11 11 11 11 11 10 10 10 10 11 9 10 10 9 9 10 11 12 11 10 10 10 11 11 11 10 10 10 10 10 10 9 9 12 8 9 10 9 11 8 10 8 10 12 9 9 12 8 10 9 9 12 8 9 11 11 11 12 10 10 10 12 11 12 12 8 12 10 9 11 10 10 10 10 8 11 10 10 9 11 10 10 9 10 9 9 8 9 11 8 9 12 11 8 9 8
11 10 11 12 11 11 8 11 10 11 12 9 10 8 9 10 9 10 8 10 11 8 12 9 9 10 11 11 9 12 10 11 11 9 10 8 10 12 11 11 9 9 10 11 11 9 11 11 8 8 11 11 10 11 11 11 11 11 10 11 11 11 11 9 9 11 10 12 10 11 10 9 9 9 10 10 9 11 9 8 8 9 11 9 9 10 11 9 9 10 10 9 10 10 9 10 12 11 12 10
9 12 10 11 11 11 11 12 10 12 10 10 11 10 10 10 10 11 10 10 9 10 9 10 10 9 10 11 11 11 10 11 10 8 12 12 12 9 10 9 8 11 9 10 8 11 12 12 10 11 10 9 11 10 8 11 11 8 11 9 11 11 9 12 10 10 11 9 10 11 8 9 10 10 10 9 11 9 9 8 8 9 12 11 9 9 11 11 9 10 9 9 12 8 10 11 10 11 11 8
11 10 9 8 11 10 11 9 12 10 8 12 10 9 11 11 11 12 9 12 11 10 11 12 12 11 10 11 10 8 8 11 10 9 11 12 10 10 12 11 11 10 10 10 10 11 11 11 10 9 9 10 8 8 11 11 8 12 9 9 11 9 11 12 8 10 10 9 11 10 11 10 12 11 9 11 10 10 11 9 9 9 9 9 8 9 9 10 12 11 12 9 12 12 11 11 11 11 11 10
8 12 10 10 12 9 10 12 10 9 10 9 11 10 10 8 9 12 11 12 10 12 11 10 9 11 8 9 11 9 10 10 11 11 9 10 10 11 9 8 8 11 9 9 10 8 12 10 12 11 10 9 9 12 8 11 12 11 10 11 10 11 10 12 10 11 10 11 11 9 9 10 10 10 9 10 9 9 10 10 12 8 9 10 9 10 9 11 9 11 9 8 10 10 12 12 10 9 9 11
9 12 10 12 8 9 9 12 8 10 8 11 12 8 12 12 10 8 9 9 10 8 8 8 10 10 9 10 8 10 9 11 12 10 11 9 9 8 8 11 10 12 12 12 10 10 11 11 11 12 10 9 10 8 9 8 11 10 8 10 9 11 11 9 11 8 9 8 11 8 10 10 8 12 9 8 9 10 12 10 11 11 9 12 12 11 8 10 11 11 12 10 10 10 8 10 8 11 12 9
10 10 8 11 12 12 9 10 11 9 11 8 12 8 11 12 9 8 10 9 8 10 10 9 11 8 10 9 11 10 9 10 8 11 10 12 10 11 10 9 10 9 10 10 11 12 9 10 10 9 10 12 9 10 10 11 10 9 11 9 9 12 9 9 9 11 11 10 10 10 10 12 9 9 11 11 11 9 12 11 10 10 10 8 11 11 9 11 8 9 11 11 8 9 9 8 10 9 9 11
10 11 11 9 11 8 9 8 10 9 11 8 11 11 10 12 9 11 11 9 9 10 10 10 11 8 8 12 8 11 9 9 8 10 11 9 8 10 8 10 8 10 11 9 8 8 10 10 8 10 10 10 11 10 9 9 9 10 11 10 9 11 8 10 9 11 11 10 11 10 8 10 11 11 12 9 9 9 10 12 12 9 10 10 11 10 11 10 10 9 10 10 9 9 12 12 9 11 9 11
9 9 9 10 12 11 12 11 10 8 9 10 9 9 9 8 10 9 9 11 12 12 8 12 11 9 10 11 9 8 9 9 11 10 10 9 9 9 11 11 11 11 11 9 11 9 9 11 10 10 8 12 11 10 9 12 9 11 11 12 12 11 12 10 9 8 11 11 12 11 9 11 9 11 11 11 8 9 9 10 9 11 10 8 10 8 11 11 10 10 9 8 9 10 12 9 9 9 9 11
10 11 9 8 10 11 10 10 9 11 10 12 11 9 11 9 9 9 12 12 10 10 9 11 10 10 9 11 11 8 9 10 10 12 9 8 11 8 11 11 10 10 8 10 9 10 11 8 11 11 12 8 10 10 9 10 10 11 9 10 10 12 9 8 8 9 10 12 11 11 12 12 10 10 11 9 10 9 11 11 12 8 8 10 9 10 9 11 9 10 12 10 10 10 10 10 11 11 8 12
9 11 9 9 11 9 11 8 12 12 8 10 10 8 12 9 9 9 10 9 11 11 10 10 8 8 10 8 9 10 11 11 10 11 12 9 9 10 8 10 10 8 10 10 11 9 9 9 12 12 9 10 12 9 11 12 12 11 10 11 11 10 9 8 9 11 11 11 11 8 10 9 8 9 8 11 12 12 9 9 10 9 11 11 11 11 10 10 9 8 10 12 8 12 10 9 11 8 9 8
8 9 11 8 11 10 9 9 8 8 12 9 10 10 9 9 8 10 9 9 9 12 9 10 10 10 8 8 8 12 11 9 11 10 12 10 9 10 9 11 11 9 8 10 11 9 9 10 12 11 9 10 10 10 12 9 10 11 10 12 9 8 8 11 10 10 10 9 10 8 9 9 8 10 10 8 10 10 10 10 10 10 9 10 10 10 10 10 11 11 11 12 12 11 10 12 10 11 12 12
9 11 10 11 9 8 8 12 10 8 8 11 11 11 8 11 12 8 10 11 12 8 9 9 9 8 9 9 8 10 12 11 9 9 9 11 10 10 8 9 12 8 9 9 9 8 11 11 11 9 9 8 8 10 11 9 11 9 10 11 11 9 9 8 12 9 11 11 8 11 8 9 9 12 10 9 12 10 11 9 10 11 9 9 9 11 11 9 11 10 9 9 11 11 11 8 10 11 10 11
9 12 10 8 10 9 11 9 11 9 11 8 9 11 10 10 9 11 11 12 9 12 8 10 11 10 12 12 10 9 8 9 9 9 9 8 11 10 10 10 8 10 11 12 11 11 10 9 9 11 10 11 10 11 11 9 8 11 10 12 12 10 10 11 9 8 12 12 9 8 8 8 8 9 8 11 9 10 11 11 8 8 11 9 9 10 10 10 9 11 11 12 12 8 11 10 8 10 12 9
12 8 9 10 10 9 10 9 9 10 9 11 12 11 11 10 9 11 9 9 8 9 9 9 11 11 8 11 11 11 10 9 9 11 10 11 10 9 9 10 11 10 11 11 8 9 9 11 11 10 11 10 10 8 9 10 10 11 9 8 10 10 12 8 9 9 12 8 9 9 10 9 9 10 9 8 10 12 11 11 12 11 10 9 12 10 10 11 9 8 9 10 9 11 9 12 9 11 12 10
10 9 9 11 10 10 12 9 12 11 11 9 11 10 12 10 8 9 9 11 11 11 11 10 12 10 9 12 9 10 10 11 11 11 9 11 11 11 11 10 10 12 11 10 10 11 9 11 9 9 12 10 9 10 11 9 11 10 9 12 11 10 11 12 10 9 10 11 11 10 10 8 9 9 11 10 9 8 8 11 11 9 8 12 8 9 9 9 12 9 11 10 11 10 8 11 12 10 9 11
11 8 11 9 10 11 10 12 10 12 11 12 8 11 11 9 11 12 11 9 10 11 9 11 11 9 9 12 11 10 10 11 12 11 10 10 9 12 10 9 11 9 8 10 12 9 11 10 10 12 10 11 9 10 11 11 9 11 9 9 10 8 10 8 10 11 11 11 9 9 11 10 12 11 11 11 8 11 12 11 10 10 10 9 9 10 12 11 9 11 9 10 10 9 10 10 10 10 9 11
8 10 9 9 12 9 8 11 11 9 11 11 9 10 10 10 8 8 9 10 10 10 10 8 12 9 8 9 9 10 11 10 12 9 12 9 9 11 9 10 9 8 12 11 11 11 8 9 10 9 10 9 9 9 8 10 9 9 9 11 8 10 9 9 9 10 10 8 11 10 12 9 8 9 9 9 12 12 9 9 10 9 9 11 9 11 11 11 8 8 12 8 10 8 9 10 10 11 9 8
12 10 12 9 10 8 8 8 12 10 9 9 10 8 11 11 11 8 11 11 12 11 8 8 11 10 9 12 10 10 11 11 11 9 12 11 12 12 11 9 10 8 9 8 11 9 10 12 8 10 10 10 8 8 9 11 9 9 11 9 8 10 9 9 10 11 11 10 11 11 9 11 10 9 11 8 9 10 10 10 11 8 8 10 10 10 8 8 11 9 11 11 10 10 9 9 11 10 12 10
11 11 8 11 9 10 9 10 9 8 8 10 11 9 8 9 8 9 10 9 10 11 12 10 10 11 12 12 11 9 9 11 11 11 12 10 12 9 10 10 12 9 9 8 11 8 11 10 10 9 9 8 8 9 9 9 9 9 10 9 11 11 10 9 10 11 8 9 9 9 9 9 9 9 9 12 11 11 11 10 11 11 12 12 11 11 11 10 9 10 9 12 9 12 9 9 10 8 11 9
8 8 9 10 8 9 9 10 12 11 8 9 9 8 12 9 11 10 11 11 8 11 12 10 12 10 10 12 11 12 9 10 9 9 10 9 11 9 8 9 11 11 9 9 9 8 9 9 10 11 10 10 11 9 10 11 11 10 11 10 11 8 11 11 11 9 10 10 10 11 12 9 10 12 10 8 10 9 8 12 11 12 10 10 11 9 10 8 9 9 10 10 9 10 12 10 9 12 10 9
8 12 8 11 9 10 9 12 9 8 8 10 8 10 11 11 9 12 9 9 8 9 8 12 10 11 11 12 12 11 9 11 12 11 11 12 9 11 10 9 12 12 10 9 12 8 9 11 11 11 11 10 12 9 9 8 11 11 9 9 9 11 10 10 11 8 12 9 10 10 10 10 8 11 10 10 11 11 11 11 9 8 10 10 11 9 11 10 10 9 10 8 12 10 9 8 10 11 10 10
9 12 9 9 10 12 8 8 8 9 9 11 9 10 8 10 10 10 10 12 11 12 8 9 9 12 10 8 9 10 11 11 9 8 12 11 10 12 9 10 8 9 8 9 10 8 11 9 12 9 8 8 12 8 9 9 10 8 10 12 8 12 8 8 8 9 10 9 12 11 10 10 8 11 11 10 9 9 12 9 10 11 8 12 12 10 9 11 9 12 9 11 8 9 9 9 11 9 8 12
8 11 9 9 8 10 9 12 8 12 11 10 8 9 11 12 10 9 8 9 12 9 10 11 10 11 9 10 9 10 11 12 10 11 11 9 9 9 12 11 9 11 11 10 10 12 9 10 11 12 9 11 9 12 11 9 11 9 11 11 11 9 9 10 8 10 9 10 9 9 11 9 9 8 12 12 10 10 10 8 8 11 12 10 9 11 8 8 10 10 11 10 9 9 9 11 10 11 10 9
12 11 8 10 11 11 11 10 9 11 11 9 9 9 10 12 9 10 11 10 11 8 9 8 10 12 8 10 11 8 11 10 10 11 11 11 12 9 11 9 10 11 9 12 8 8 8 11 9 8 9 10 10 10 9 11 10 10 10 9 8 8 10 12 9 10 11 11 12 9 9 12 9 8 10 9 8 10 10 10 9 10 8 11 10 9 9 8 8 11 9 11 11 11 9 10 8 11 11 9
9 10 11 11 10 9 11 9 12 9 8 11 9 10 11 10 10 11 12 9 10 10 10 10 11 8 8 11 11 8 11 10 9 11 9 9 10 9 11 10 12 10 11 9 10 10 12 9 11 8 12 11 9 9 8 11 11 11 9 9 11 10 10 9 10 10 9 11 12 10 11 10 10 8 9 12 10 9 9 12 12 10 10 10 11 9 8 8 9 8 11 10 8 11 10 11 9 8 12 12
9 11 10 9 9 8 9 9 8 10 8 12 10 12 11 8 9 11 12 9 9 9 10 11 12 9 9 9 10 9 9 11 10 8 12 10 9 8 12 10 10 10 11 10 11 9 12 8 11 11 12 10 9 9 11 8 11 12 8 8 9 11 9 9 8 11 9 10 8 10 9 9 10 10 9 9 11 11 9 11 10 11 12 10 11 8 12 9 8 12 11 9 10 10 9 9 9 10 8 9
9 12 12 9 10 11 12 11 9 11 11 8 10 12 12 12 10 10 11 10 12 9 8 11 10 11 11 8 10 11 8 11 12 10 12 8 11 10 12 11 9 12 10 12 10 9 10 9 9 8 10 11 8 12 11 12 8 9 10 10 12 11 10 11 10 8 9 9 12 11 10 10 9 10 11 9 11 9 11 10 11 10 9 8 9 9 8 10 9 12 10 12 12 8 8 9 11 12 11 10
9 10 9 9 10 11 9 10 10 9 11 9 10 9 9 10 11 12 10 9 12 11 12 9 12 9 9 11 10 12 10 9 9 9 11 10 9 11 9 12 11 11 11 11 11 8 11 9 10 9 9 10 10 11 9 8 11 11 9 8 9 11 10 11 11 11 9 9 9 10 8 12 9 9 8 10 9 9 11 10 11 9 10 9 10 11 9 10 8 12 8 10 10 11 10 10 9 10 10 11
11 11 10 10 9 9 8 12 11 9 10 9 9 9 10 9 11 8 11 9 10 12 8 8 8 10 8 12 10 9 11 9 12 11 8 11 10 11 9 10 10 10 11 12 9 11 11 9 11 8 9 12 11 11 9 10 9 9 11 10 11 11 10 12 10 10 10 9 11 12 10 11 10 8 9 12 12 10 11 9 9 10 10 9 11 8 9 12 10 10 9 11 12 10 8 10 9 11 8 9
10 11 11 9 11 8 12 12 9 11 8 12 11 10 8 9 11 10 11 11 11 11 9 11 11 11 9 11 10 11 9 11 10 9 8 10 10 9 10 9 12 9 9 11 9 11 10 11 9 11 8 9 10 8 11 10 12 9 12 12 11 9 10 11 11 12 8 10 12 9 12 12 10 9 10 9 12 11 10 9 11 11 10 11 8 10 9 9 8 12 11 11 8 10 12 9 10 9 11 11
11 10 10 9 8 11 12 8 10 11 8 8 11 10 11 10 10 11 10 11 11 9 11 8 11 9 9 12 12 9 8 11 12 11 8 10 11 11 10 8 10 12 11 11 9 10 9 11 10 10 12 11 10 10 11 9 10 11 10 12 10 11 8 9 12 12 10 9 12 11 11 11 12 11 12 9 10 11 11 9 11 12 9 9 8 10 10 9 10 10 11 12 8 10 12 8 11 10 12 10
11 11 12 10 10 11 12 10 10 9 9 11 10 12 10 10 8 8 11 8 10 11 11 10 9 11 8 9 10 11 8 10 10 11 10 10 10 8 11 9 10 9 9 10 8 8 8 9 9 12 9 11 9 9 11 11 9 11 11 11 10 10 9 9 10 8 10 9 8 11 10 9 9 9 11 10 9 9 8 9 8 9 12 8 8 9 9 9 9 10 11 9 12 10 9 9 11 10 9 11
9 9 11 9 9 11 9 9 10 8 8 10 9 11 12 10 8 9 11 12 8 10 10 8 12 9 10 8 9 10 10 11 10 10 9 10 8 10 8 11 9 9 8 10 10 8 9 10 11 12 9 12 8 9 10 12 10 12 9 9 8 11 12 11 10 11 10 8 9 9 10 9 11 8 9 11 10 11 12 9 12 11 9 10 10 8 12 10 9 10 12 8 8 11 8 12 8 9 10 11
10 10 12 11 10 11 9 11 9 8 11 11 9 12 10 8 12 12 8 11 11 12 9 9 12 11 10 11 10 10 11 9 8 11 11 11 12 11 9 10 11 8 9 12 9 11 8 8 9 10 11 10 8 12 10 11 11 8 11 9 10 10 10 11 8 9 9 12 11 9 12 11 11 9 9 10 9 11 8 9 10 10 9 10 9 11 9 9 8 9 9 8 12 10 11 9 10 10 8 11
11 9 10 10 11 11 9 10 11 9 10 12 11 8 11 9 9 10 11 10 11 11 11 11 8 11 8 11 11 9 8 10 9 12 9 10 11 10 11 12 8 10 12 9 8 9 12 11 11 8 9 10 10 11 8 9 10 12 8 8 11 12 8 8 11 8 10 10 9 9 12 12 8 11 11 11 9 8 11 11 8 9 9 11 9 8 12 11 10 8 11 12 10 11 12 11 9 8 9 11
11 11 10 11 9 10 8 12 11 8 10 12 9 8 11 9 10 10 10 12 11 10 9 9 10 10 8 12 11 9 11 9 11 11 9 9 11 10 10 11 12 9 11 10 9 11 12 12 9 9 10 9 12 9 10 9 11 10 11 10 8 11 9 10 9 10 12 9 11 12 9 9 10 11 8 11 10 12 11 10 10 9 10 10 10 9 8 10 10 9 10 11 12 9 8 11 9 10 10 9
11 8 11 10 9 11 9 10 11 8 9 9 11 8 8 8 9 10 12 8 10 9 10 11 11 12 10 11 12 9 11 11 8 10 11 11 9 9 10 11 9 8 11 9 10 10 9 9 9 10 9 11 11 11 9 11 11 8 11 11 11 12 11 10 11 12 9 9 9 11 8 11 10 9 10 9 8 11 10 10 10 12 11 8 10 9 10 8 11 11 11 12 10 11 9 11 10 9 9 9
10 10 10 10 9 9 11 8 10 8 9 8 9 10 8 9 9 9 8 11 9 9 11 8 11 10 12 12 10 10 9 11 11 9 11 11 9 8 11 10 8 12 9 11 12 12 9 8 9 9 11 11 9 11 9 11 12 10 9 12 9 10 11 8 10 12 10 10 9 9 9 12 11 11 10 11 11 12 10 11 12 12 12 9 8 9 12 9 8 9 9 10 12 8 12 9 11 10 8 8
8 10 10 8 10 11 9 9 10 11 10 11 12 11 9 11 8 9 11 10 10 12 8 12 10 11 11 9 9 11 9 9 11 11 9 11 8 8 11 12 9 10 8 11 9 9 8 11 12 9 9 9 8 9 9 11 9 11 11 10 10 12 11 9 11 12 11 11 10 11 10 11 11 8 10 10 9 9 10 9 11 10 11 11 9 9 10 11 10 10 11 11 10 9 8 9 10 12 8 9
9 9 9 8 9 9 11 10 8 9 12 9 9 10 10 9 12 9 9 11 10 9 11 11 10 9 11 12 10 9 8 10 10 8 10 10 9 9 11 12 9 11 10 12 8 12 8 11 8 10 8 10 8 10 8 9 10 11 9 9 12 9 8 11 10 9 12 11 10 11 11 10 10 8 11 11 11 12 10 8 11 9 9 12 12 8 12 11 8 9 11 10 11 11 9 10 9 12 9 11
9 10 12 10 10 9 9 9 11 12 11 10 9 12 9 12 12 10 11 11 11 11 9 11 8 11 8 11 11 11 11 9 12 10 11 11 10 9 11 8 10 11 10 8 10 9 12 9 9 11 11 8 12 11 11 11 12 12 9 10 10 9 9 11 9 12 12 9 9 8 11 9 10 10 10 12 11 10 9 10 10 12 12 8 8 11 10 9 9 9 10 12 8 9 10 12 12 10 8 9
10 11 11 11 9 12 11 11 9 11 9 9 11 12 12 12 10 11 11 11 8 10 11 10 10 12 9 9 10 8 12 10 8 9 10 11 12 8 10 11 10 11 10 11 9 11 10 9 9 10 10 11 9 10 10 11 10 9 11 10 11 10 8 10 9 8 11 11 11 10 8 11 9 11 11 9 9 11 11 9 9 9 9 11 11 8 10 12 12 11 9 9 10 11 11 11 11 11 11 9
11 12 8 11 10 8 9 11 10 10 10 10 9 12 12 9 10 9 11 9 10 11 9 12 9 9 11 10 10 11 11 10 8 12 8 12 10 9 9 9 12 12 9 12 11 10 9 9 8 11 8 9 10 11 10 10 10 9 8 9 11 10 10 10 9 10 10 9 10 11 10 11 9 10 9 8 12 11 11 11 9 12 9 11 9 9 12 12 8 9 10 9 9 10 8 12 11 9 11 10
9 11 10 12 11 8 11 11 10 10 10 9 9 8 8 10 11 8 9 9 10 10 10 9 9 12 9 10 10 12 8 10 9 11 9 8 11 9 11 9 9 9 8 9 10 12 9 9 11 9 10 11 11 8 8 11 10 11 12 11 10 11 9 11 12 9 10 10 9 10 9 9 8 10 12 9 12 11 8 11 10 8 9 11 8 8 9 9 9 10 8 10 8 9 11 10 9 10 10 12
11 9 10 11 9 8 8 8 11 12 10 8 9 9 10 10 10 9 8 10 11 11 10 9 11 9 11 10 10 10 12 9 10 10 10 11 10 11 9 11 10 11 11 12 10 10 9 11 10 10 11 12 9 10 10 11 11 10 9 10 10 10 8 9 9 12 11 11 9 9 9 11 11 9 10 11 10 9 12 12 8 8 11 12 10 9 11 11 9 10 11 11 11 8 11 10 10 11 12 10
8 9 11 9 12 8 10 10 8 8 10 10 10 8 11 9 8 9 9 10 11 9 8 11 10 10 9 10 12 10 11 11 12 9 8 11 11 11 10 11 11 10 11 11 10 11 12 10 9 10 10 8 11 11 9 9 11 10 11 8 8 12 11 10 8 12 9 10 8 8 8 8 9 9 11 10 11 11 12 11 9 12 12 10 10 11 10 8 10 12 9 11 8 8 9 11 8 9 11 9
9 11 10 11 8 11 10 9 10 8 10 8 12 10 9 11 11 8 10 12 12 10 9 10 12 9 10 11 10 11 11 8 8 11 8 10 8 11 11 12 11 12 12 12 12 11 10 11 10 10 8 8 10 12 8 9 10 10 9 9 9 11 11 10 11 11 10 12 8 12 9 11 8 11 12 11 10 12 10 11 11 9 8 10 11 9 11 11 10 12 11 8 9 11 9 9 10 12 10 12
10 11 11 11 10 12 8 11 11 8 8 9 8 11 10 10 9 9 8 8 12 8 10 12 11 9 9 8 9 10 12 8 9 12 11 10 12 12 10 11 9 10 9 10 11 11 9 10 10 10 8 9 10 9 10 12 11 11 12 9 12 8 9 11 11 12 10 10 11 11 10 8 8 10 12 12 10 12 10 12 9 9 11 11 9 12 8 12 10 8 12 11 10 9 12 11 10 9 9 11
8 10 12 9 9 11 10 11 11 10 9 11 9 10 11 9 11 11 9 11 9 12 10 8 8 9 10 8 11 11 12 8 12 10 10 11 10 9 9 9 11 8 8 11 9 10 11 8 9 10 8 8 9 10 9 12 10 10 9 11 11 9 12 12 10 10 10 11 11 9 11 10 10 10 11 10 9 11 10 8 11 9 10 8 11 11 10 8 11 10 12 9 11 8 11 8 10 12 9 11