50
35 2238 2358
20 1822 1942
23 2667 2787
28 21 141
32 916 1036
25 332 452
50 1645 1765
60 1217 1337
55 665 785
23 2505 2625
57 977 1097
42 1130 1250
46 2582 2702
40 1842 1962
21 1012 1132
24 761 881
39 561 681
52 1632 1752
59 2340 2460
20 2084 2204
43 1584 1704
21 835 955
59 2342 2462
52 2575 2695
55 55 175
37 2028 2148
36 2409 2529
22 2094 2214
49 2008 2128
57 836 956
21 568 688
45 1916 2036
21 1215 1335
53 172 292
49 372 492
35 2358 2478
44 1986 2106
49 549 669
39 426 546
55 1341 1461
47 683 803
55 1499 1619
38 1499 1619
38 1343 1463
56 517 637
23 270 390
44 1477 1597
45 2172 2292
21 2299 2419
26 1834 1954
12 11 9 10 9 11 8 11 12 10 9 9 11 11 10 10 10 9 8 12 12 11 9 9 8 8 9 12 9 12 11 10 12 9 10 9 9 8 12 11 10 10 10 10 10 11 10 11 10 12
10 11 11 10 10 12 10 10 10 10 8 10 9 11 12 10 11 9 12 9 12 11 9 10 11 10 8 10 10 10 10 12 11 10 11 11 12 9 12 9 10 9 9 12 9 9 10 10 9 12
11 8 10 8 12 9 9 10 10 9 10 12 8 12 11 9 8 11 10 8 11 9 9 9 10 11 8 11 9 10 10 9 10 11 9 10 9 10 10 10 10 11 10 12 11 11 11 10 9 10
8 9 8 10 10 10 10 11 8 10 8 11 11 10 9 8 9 11 11 11 12 11 8 9 11 11 11 12 10 10 9 12 8 10 11 10 8 11 10 11 11 9 10 9 11 10 9 10 10 9
11 11 8 12 8 9 11 8 9 8 11 9 11 10 10 9 12 11 11 10 10 9 8 9 11 10 9 9 9 9 10 10 11 11 10 9 8 10 10 10 11 11 11 11 8 8 11 12 10 9
9 11 9 10 11 8 8 12 9 11 10 9 11 9 10 10 11 11 10 10 12 11 11 10 9 10 11 9 11 9 9 9 11 11 9 11 9 10 10 9 10 11 10 10 11 8 11 8 11 8
12 9 11 11 10 12 12 11 9 9 9 11 12 10 9 9 11 10 11 10 12 10 11 8 12 9 10 10 9 11 10 8 10 9 8 10 10 11 11 9 11 11 8 8 10 8 9 11 12 9
9 9 11 11 9 9 9 9 11 12 10 9 10 8 11 11 9 12 11 12 9 9 12 11 10 8 11 9 9 11 9 9 12 11 9 10 9 10 12 10 8 10 10 11 9 8 10 11 11 12
8 11 8 12 9 12 9 9 9 10 9 9 12 8 9 10 11 8 9 11 10 10 10 8 10 10 9 9 11 11 9 8 12 11 10 10 9 10 9 8 9 10 10 11 10 9 12 12 9 10
9 8 11 11 12 10 11 9 12 9 9 10 8 8 9 11 11 12 11 10 10 9 9 10 9 12 10 9 12 8 9 10 10 10 10 9 10 10 10 10 8 11 12 11 10 9 10 9 9 9
11 11 11 8 12 9 10 10 9 9 9 9 12 11 10 10 9 9 11 11 12 12 12 11 10 11 11 9 10 11 9 9 10 10 12 11 11 12 12 11 10 10 10 11 8 10 12 11 10 11
12 10 10 9 11 11 8 9 11 10 11 8 9 11 8 10 10 11 8 12 12 10 12 10 9 8 10 10 10 12 10 10 8 9 12 11 10 9 11 11 10 10 9 9 9 10 11 11 9 10
9 11 11 8 11 8 9 8 9 12 8 10 10 12 9 9 9 9 8 10 10 11 9 8 9 10 11 12 11 11 10 12 10 12 9 11 12 9 9 8 10 11 11 10 9 9 11 11 9 11
11 12 11 9 9 12 9 10 9 11 10 11 9 11 12 9 8 10 11 11 11 12 10 10 9 10 9 10 11 8 8 10 11 12 12 8 11 8 8 10 11 11 11 8 12 9 12 10 10 8
11 9 10 11 10 8 8 9 11 11 12 10 9 11 11 9 12 9 10 12 8 8 11 10 12 9 10 11 10 10 11 12 12 11 12 9 11 9 9 8 10 10 10 12 10 11 8 8 8 12
10 9 8 9 10 12 12 11 11 8 9 10 10 12 10 10 11 12 9 8 11 9 10 12 9 12 8 11 12 8 10 11 11 10 10 9 11 9 9 9 10 11 9 8 11 10 10 11 9 12
11 9 10 10 12 8 8 8 9 9 11 9 9 9 9 8 9 10 8 8 12 12 8 11 9 9 11 11 9 10 11 8 10 12 11 11 9 8 9 11 9 11 11 8 11 9 8 9 10 11
10 11 11 9 10 11 11 12 12 8 9 10 11 8 9 9 8 9 12 11 12 9 10 9 12 9 9 10 8 11 8 8 11 10 10 12 9 9 9 11 10 10 12 10 9 11 10 12 10 8
10 12 11 9 9 12 11 9 10 12 11 8 11 10 9 12 10 8 11 10 10 9 9 12 10 11 10 11 9 11 9 8 9 12 11 11 12 12 8 11 10 8 10 12 10 9 11 8 11 9
12 9 10 8 8 10 12 11 8 10 9 10 11 8 10 9 11 9 9 8 12 12 9 10 9 10 10 9 8 9 10 9 11 12 12 10 10 8 11 8 10 11 9 11 9 12 9 10 9 10
11 11 8 12 11 12 11 9 11 12 12 10 11 11 11 10 11 10 12 9 11 10 9 10 8 10 10 11 9 10 11 10 12 10 12 11 11 9 10 8 10 11 9 9 8 11 8 9 11 8
8 11 11 9 12 10 11 10 11 9 11 10 9 11 11 10 11 10 11 9 10 10 11 10 11 12 11 11 11 11 9 12 10 8 10 10 8 12 10 8 12 11 11 12 9 10 9 12 9 9
10 10 8 8 12 10 11 9 9 10 11 11 10 11 11 9 11 10 10 9 11 9 11 11 10 9 11 9 9 11 8 10 12 10 11 9 9 9 8 8 10 10 11 11 9 8 10 8 9 9
10 10 8 11 10 10 8 11 11 9 11 8 11 9 12 10 8 8 11 8 11 11 12 11 9 11 8 9 8 10 8 10 12 10 9 9 10 10 9 10 8 10 9 10 9 10 11 11 11 9
11 9 8 11 9 9 9 8 8 10 10 12 8 9 12 9 9 12 8 9 12 9 11 8 10 8 10 11 11 11 11 12 9 11 9 10 11 10 12 8 10 11 12 10 12 12 8 11 8 12
10 11 10 9 10 8 11 10 11 11 11 9 9 8 12 8 8 9 8 11 9 9 11 10 11 12 12 11 10 9 9 11 12 10 9 9 12 8 11 9 9 10 11 11 11 11 8 10 11 10
10 9 9 10 9 10 10 12 8 9 9 12 11 9 10 11 8 11 12 11 10 12 9 11 10 10 12 10 10 11 10 10 11 9 10 12 9 11 12 11 9 9 8 8 8 10 11 8 11 10
8 10 11 11 9 11 9 11 10 8 11 10 9 9 12 8 10 10 10 12 9 9 10 9 11 12 8 11 9 8 10 10 9 8 11 9 8 9 12 10 12 12 10 9 9 11 11 8 9 12
8 12 11 8 12 9 9 12 10 11 8 11 9 8 12 9 10 10 12 10 11 9 11 11 11 12 9 12 10 9 10 11 9 11 10 11 11 11 9 9 9 9 8 10 10 11 9 9 9 10
9 12 11 8 12 9 9 8 11 10 11 8 9 9 10 12 8 9 9 8 11 9 12 12 9 12 12 8 9 11 8 8 10 9 11 11 9 10 9 10 11 9 8 10 10 10 8 11 11 10
10 12 12 11 11 11 11 11 11 12 9 9 10 12 12 10 9 10 11 10 10 9 11 9 8 9 10 8 8 11 12 9 9 10 9 9 9 10 10 9 9 11 10 11 12 8 11 12 10 10
11 9 8 9 11 8 11 10 12 8 10 9 10 11 9 10 10 12 9 9 12 9 12 9 12 10 11 10 11 9 11 10 12 10 9 8 8 8 11 12 9 12 8 9 9 11 11 9 11 10
12 11 10 10 12 11 10 10 9 10 9 10 8 11 11 9 8 9 12 12 8 9 12 11 10 8 12 11 8 11 9 11 9 11 10 11 11 12 9 10 12 10 9 9 10 11 8 8 9 11
12 11 9 8 12 12 10 9 9 9 11 8 12 8 9 8 11 11 8 11 9 10 10 10 8 12 8 10 12 12 8 10 9 10 10 8 9 10 11 11 8 12 10 9 10 12 9 9 8 11
9 8 8 9 11 12 11 10 9 9 9 9 12 11 8 10 9 10 9 9 10 10 10 11 11 10 11 9 8 11 11 9 12 9 11 8 11 10 11 11 9 12 9 11 10 11 8 10 10 11
9 11 12 11 11 11 8 10 9 11 9 10 11 11 11 10 10 8 10 11 11 12 10 12 11 11 9 9 9 11 12 10 10 11 8 10 9 10 10 12 11 11 11 8 8 9 11 11 12 11
9 11 9 9 9 11 9 11 9 11 9 8 12 9 11 10 8 9 11 8 10 12 12 10 10 11 8 10 11 12 9 9 10 9 11 10 8 11 11 12 10 12 10 10 11 11 11 9 9 10
11 10 10 9 10 9 10 12 8 12 11 10 8 12 10 10 8 10 8 9 9 9 11 11 11 8 9 8 9 11 11 9 12 10 12 12 12 8 9 8 9 10 10 8 11 12 10 9 10 9
9 11 11 8 9 8 9 9 8 10 8 10 11 10 10 9 8 11 9 10 11 11 9 8 10 9 12 9 11 11 12 10 9 8 10 11 10 10 10 10 10 9 10 10 9 11 8 12 10 12
12 9 8 11 10 10 10 11 8 9 11 12 11 10 10 8 9 10 9 11 11 10 10 12 8 11 9 9 8 10 11 11 10 8 9 10 11 10 10 9 11 12 12 11 10 12 8 8 11 12
9 9 8 10 8 9 10 11 11 9 10 11 11 10 10 10 10 10 8 11 9 9 10 9 9 12 9 10 12 8 12 8 8 10 11 9 11 11 8 12 11 12 9 10 9 9 9 9 11 10
10 9 12 9 12 11 10 8 9 10 8 9 11 12 10 11 10 12 9 10 9 9 9 9 12 12 11 10 11 12 12 12 9 12 11 10 11 9 12 10 9 12 12 11 11 11 11 8 10 11
9 9 10 9 10 10 8 10 9 8 9 11 10 11 11 10 9 9 12 8 11 10 10 10 9 11 9 10 11 9 10 9 10 10 9 12 10 10 12 11 11 10 10 8 11 12 11 9 8 8
10 10 10 9 9 10 11 10 9 9 8 9 10 9 8 11 12 11 10 11 10 8 11 10 10 10 9 10 10 10 11 11 11 10 12 10 10 9 12 10 8 11 11 9 11 10 11 9 11 8
11 9 9 8 9 11 11 11 11 9 11 11 12 9 9 11 9 11 9 9 12 9 8 9 10 11 9 10 11 11 12 10 11 11 9 10 9 10 10 8 11 10 11 10 10 8 10 8 9 11
11 9 12 11 10 10 11 8 9 10 10 10 9 10 11 11 11 11 11 10 9 10 11 10 8 10 12 11 11 9 10 11 8 11 10 8 10 10 9 10 9 12 9 9 10 11 11 11 11 10
11 9 11 10 9 12 9 10 11 9 9 11 9 8 11 8 10 9 12 9 10 9 12 10 11 9 10 9 10 10 9 9 11 10 11 11 11 10 12 9 10 9 10 12 10 10 11 9 8 8
9 10 9 11 11 9 12 12 10 8 12 9 10 8 9 11 10 10 12 9 11 10 10 11 12 8 10 10 10 12 12 9 8 12 9 9 12 10 12 11 8 8 10 12 9 8 9 11 9 11
8 11 8 9 11 8 11 12 9 10 9 10 12 10 11 10 11 9 9 11 9 9 11 11 9 10 9 11 11 11 10 12 9 9 9 12 11 12 12 9 9 10 11 10 10 9 10 9 11 10
11 10 9 9 11 10 12 9 10 11 8 9 11 10 12 12 10 11 12 12 8 9 9 9 9 9 11 9 9 11 11 10 8 11 9 9 10 10 9 8 10 8 11 11 11 11 10 9 10 8