150
32 5928 6048
35 2783 2903
59 5984 6104
31 7221 7341
31 2879 2999
29 1298 1418
50 1745 1865
50 1762 1882
29 5550 5670
42 2439 2559
46 5178 5298
35 1662 1782
25 2149 2269
59 2558 2678
29 2585 2705
46 1313 1433
58 1074 1194
38 6974 7094
58 2966 3086
25 76 196
56 35 155
50 3424 3544
31 6877 6997
55 4798 4918
34 6450 6570
27 3364 3484
56 94 214
41 1277 1397
31 6323 6443
37 4887 5007
43 1201 1321
46 2389 2509
44 6530 6650
54 2530 2650
20 5329 5449
20 6628 6748
46 2314 2434
40 6382 6502
53 6024 6144
21 1708 1828
21 4584 4704
22 128 248
25 6149 6269
44 4554 4674
38 6834 6954
56 4162 4282
59 2587 2707
44 1150 1270
32 6425 6545
21 3122 3242
30 4941 5061
54 2573 2693
48 685 805
54 3870 3990
31 3345 3465
53 5759 5879
56 5223 5343
29 2069 2189
56 2181 2301
33 4030 4150
23 4330 4450
34 5718 5838
44 5686 5806
40 5033 5153
36 960 1080
52 176 296
24 3185 3305
60 470 590
48 6215 6335
48 3092 3212
32 4763 4883
39 2501 2621
49 3620 3740
31 3908 4028
54 991 1111
37 4655 4775
32 4400 4520
38 4629 4749
52 2554 2674
25 2412 2532
32 6672 6792
45 6129 6249
30 4229 4349
32 6330 6450
26 1358 1478
51 4643 4763
33 7063 7183
32 6239 6359
59 838 958
46 5317 5437
40 6545 6665
46 3922 4042
23 2876 2996
57 6691 6811
42 2564 2684
21 279 399
51 3521 3641
43 5990 6110
26 1722 1842
47 6178 6298
54 6054 6174
48 5123 5243
55 6814 6934
28 3496 3616
60 3660 3780
34 4744 4864
39 6889 7009
44 4422 4542
35 2312 2432
60 5912 6032
50 1815 1935
34 2824 2944
36 6507 6627
56 3702 3822
59 252 372
24 5337 5457
27 2522 2642
56 6944 7064
27 6096 6216
31 4641 4761
57 4016 4136
37 2957 3077
44 5924 6044
27 1225 1345
57 931 1051
46 2042 2162
53 2664 2784
48 4569 4689
42 964 1084
34 6961 7081
59 7152 7272
31 3143 3263
21 6437 6557
42 3193 3313
49 654 774
28 6085 6205
53 1922 2042
20 698 818
30 5038 5158
53 1892 2012
21 1118 1238
29 4719 4839
34 4558 4678
56 5529 5649
50 6612 6732
43 3094 3214
42 1804 1924
53 2742 2862
37 2849 2969
22 5791 5911
10 8 9 10 10 11 12 9 11 10 11 9 10 11 10 10 10 9 8 11 9 9 11 9 8 11 12 10 12 9 11 12 11 8 10 9 8 11 12 12 11 9 9 11 9 8 12 9 12 9 9 11 11 10 10 8 9 12 9 10 11 8 9 11 9 9 10 11 10 8 12 11 10 12 11 11 10 9 9 9 12 10 9 9 12 12 11 11 9 12 10 11 10 11 11 10 10 10 9 9 8 10 10 8 9 9 12 12 10 10 10 9 11 9 12 12 9 10 8 9 8 10 8 10 11 11 10 10 11 11 12 9 9 9 11 10 10 10 8 11 11 9 8 8 9 10 11 9 11 11
8 8 12 9 10 10 10 12 10 9 9 10 8 9 9 10 11 11 11 9 11 12 10 11 10 10 11 9 8 9 12 10 11 8 10 11 9 9 12 11 11 8 9 8 10 11 9 12 10 11 11 10 9 12 10 10 12 11 9 11 8 9 8 10 9 9 11 11 8 11 8 9 11 9 10 11 12 8 12 11 8 9 12 8 9 9 11 11 9 9 11 10 12 10 10 10 9 8 8 12 9 9 9 11 10 12 8 9 10 10 11 11 10 10 8 11 10 9 9 9 11 11 10 10 10 11 11 10 9 11 11 11 9 11 9 12 9 11 9 10 12 10 8 11 10 9 10 10 9 10
9 8 9 10 9 10 10 9 10 11 10 9 8 10 12 12 9 10 11 12 11 11 9 12 9 11 11 9 9 10 11 12 11 12 9 8 8 11 10 9 11 10 8 12 10 8 10 12 9 8 9 9 10 9 10 8 11 12 9 10 8 10 11 8 10 10 11 11 11 8 9 9 11 9 9 9 12 9 11 9 9 9 9 8 10 9 9 9 10 11 10 12 12 9 8 10 9 8 8 12 11 8 12 9 11 10 11 11 9 10 10 8 11 11 10 8 9 12 11 9 9 12 9 12 11 10 11 11 9 12 9 10 10 10 12 12 8 11 10 9 9 9 10 11 9 11 9 9 11 8
10 10 10 8 10 11 10 9 9 10 11 8 10 9 10 9 11 10 10 10 11 12 9 9 10 12 12 10 11 10 9 10 9 9 11 11 9 12 11 12 9 11 10 11 8 9 10 12 10 9 11 10 12 11 12 9 8 10 8 12 11 8 9 8 12 11 12 10 11 9 11 11 11 9 10 9 10 10 8 12 11 11 11 11 10 8 9 8 11 12 11 10 9 9 10 11 10 8 10 9 11 11 10 10 10 11 9 8 9 11 10 11 11 10 10 10 9 8 9 12 11 11 9 10 11 10 10 9 10 10 10 11 9 11 8 11 9 11 12 9 9 9 10 9 8 9 10 11 8 11
9 9 10 9 9 12 8 9 11 10 10 9 9 9 11 12 12 9 10 9 10 9 10 8 9 11 11 8 11 11 8 8 11 9 8 12 10 8 9 12 9 10 9 11 11 8 8 9 8 8 9 11 11 8 9 11 11 9 9 12 12 10 10 10 11 9 10 9 11 12 10 9 9 9 8 9 9 11 10 9 12 10 10 12 9 9 11 10 11 10 10 8 10 11 11 9 10 12 12 9 9 11 11 12 11 11 10 8 10 9 9 12 11 12 9 11 11 9 10 10 12 10 9 9 10 11 9 9 9 11 11 10 8 9 8 9 9 10 9 11 11 9 9 8 9 11 11 10 11 9
11 11 11 9 11 10 11 8 11 10 9 9 8 12 11 9 10 11 11 10 9 11 10 11 9 12 9 10 8 10 12 9 10 8 10 12 12 11 12 9 12 11 11 9 10 12 11 9 10 8 9 8 11 10 10 10 9 11 8 11 9 8 8 9 12 10 9 11 10 9 10 9 11 11 11 11 12 9 9 12 9 11 10 10 8 8 10 11 9 9 9 10 11 10 11 11 10 11 9 8 9 12 11 11 9 9 9 9 12 12 12 11 11 10 12 9 12 12 9 11 10 11 10 8 11 11 11 8 10 9 12 9 11 9 9 9 10 12 11 10 9 10 11 10 11 8 9 11 10 8
10 8 9 11 11 11 9 11 11 11 11 9 8 9 11 12 12 12 11 10 11 12 9 9 12 11 10 10 9 11 12 12 10 9 10 9 9 11 9 9 9 12 11 8 9 8 10 8 10 10 11 9 12 9 11 11 10 10 12 9 12 9 8 12 9 9 12 8 9 10 10 10 8 11 11 10 10 12 9 12 9 9 10 8 9 9 9 8 9 10 9 12 8 8 10 8 12 9 9 9 8 10 8 11 11 10 9 8 12 10 9 11 11 11 10 11 11 10 9 11 8 10 10 10 9 9 8 10 12 10 9 11 10 9 12 11 9 11 11 11 8 8 11 9 9 9 10 9 10 9
9 10 12 8 8 10 10 10 10 8 10 9 10 10 10 11 9 12 8 10 9 11 10 11 12 9 11 9 11 12 8 12 8 9 11 10 12 8 12 9 12 9 11 10 10 9 11 9 11 9 11 9 9 9 12 11 11 9 10 11 10 11 9 11 12 9 8 12 11 10 9 11 12 9 9 11 9 10 9 10 11 9 11 11 9 8 10 12 11 11 12 8 10 11 9 11 8 9 11 8 10 11 9 11 11 11 10 10 9 10 10 8 8 9 9 11 8 10 8 9 12 11 10 10 9 12 10 12 12 8 8 9 12 9 11 12 11 9 12 8 10 12 9 9 12 11 10 10 11 10
8 10 11 10 9 11 11 9 8 11 9 9 10 12 10 12 11 10 9 10 8 9 8 8 9 10 12 8 12 9 11 11 11 8 11 10 10 10 10 11 10 9 8 12 9 11 10 11 9 8 8 10 10 9 12 10 8 10 10 9 11 8 10 9 9 10 9 10 9 10 11 10 11 12 8 10 9 10 10 10 12 11 10 11 10 12 11 9 9 11 8 8 11 9 9 9 11 9 10 9 11 10 11 11 10 11 11 10 11 12 9 12 9 9 8 12 11 12 10 8 12 11 9 10 10 11 8 9 11 10 12 9 11 10 9 11 11 8 9 10 10 10 10 11 11 12 11 11 12 10
10 10 9 11 11 11 11 10 10 12 9 12 10 11 8 9 10 11 8 11 9 11 8 10 10 11 11 9 11 9 8 9 11 12 10 12 9 9 10 11 10 9 12 9 8 8 10 9 10 9 12 11 12 11 11 8 9 12 9 11 11 10 9 11 11 11 12 11 12 12 8 10 9 11 8 9 11 11 11 9 9 8 12 9 12 9 12 8 11 10 11 12 11 10 10 11 9 8 9 10 10 12 9 11 11 11 9 11 8 10 10 11 11 12 11 9 9 10 10 11 10 11 10 11 8 9 8 11 9 8 10 8 8 10 8 9 11 8 11 11 11 12 8 11 12 10 12 11 11 10
9 12 9 11 11 12 8 10 10 10 12 10 8 9 9 12 8 10 9 10 11 11 8 11 8 10 9 8 10 9 9 10 9 9 9 10 10 11 11 10 11 11 9 8 10 10 8 9 10 10 10 8 10 10 9 9 10 10 12 11 10 10 11 11 10 11 11 8 8 9 11 10 11 8 11 11 10 9 12 10 10 9 9 9 11 9 12 12 9 8 11 8 9 10 12 12 12 11 9 10 9 10 10 9 11 8 12 8 9 8 9 9 11 11 8 10 11 11 9 12 11 11 8 12 11 10 10 10 10 12 12 10 11 9 12 9 8 11 12 9 9 8 9 9 11 10 8 9 9 10
11 11 9 8 11 8 9 8 9 10 11 9 9 9 11 11 11 11 8 9 11 11 11 11 10 12 12 9 10 11 11 10 9 11 11 9 11 11 10 11 9 8 8 12 8 11 11 10 9 9 10 10 10 8 8 9 12 9 10 10 10 9 8 11 9 12 9 9 11 8 11 9 9 12 10 9 10 11 10 8 12 11 10 8 11 10 9 9 8 9 9 11 8 10 9 10 9 8 11 9 12 9 11 12 11 11 9 10 11 11 10 11 11 10 9 9 10 9 9 10 10 12 12 10 10 12 9 8 11 9 11 8 12 9 9 10 12 8 10 10 11 8 11 11 11 11 11 12 11 8
11 11 9 12 10 11 11 9 11 12 9 10 11 8 11 11 9 12 11 9 11 9 9 9 11 9 8 8 9 12 12 10 11 8 8 11 11 10 8 8 9 11 12 10 8 8 11 12 8 9 10 11 8 9 9 9 8 8 10 10 12 10 9 12 9 10 10 12 9 9 8 12 12 9 10 12 11 11 11 11 10 10 9 11 10 9 8 12 11 11 8 8 10 9 8 12 10 10 10 11 12 9 9 8 11 10 9 12 8 9 9 8 10 10 8 11 12 10 9 9 9 11 12 12 9 9 12 9 9 11 11 12 10 10 10 10 10 11 10 10 10 8 10 11 9 10 12 11 11 11
10 12 9 12 12 12 8 9 11 10 12 9 11 10 10 11 8 11 12 12 9 11 8 12 11 12 9 12 10 12 12 9 10 11 8 10 8 11 12 11 11 10 9 11 11 9 10 9 8 9 12 9 10 11 12 10 9 11 11 10 11 8 8 11 9 9 12 9 10 9 10 9 12 10 8 11 8 12 12 9 12 10 9 11 10 8 9 9 9 10 11 11 11 9 9 11 8 12 10 11 12 12 10 9 10 8 10 11 12 9 9 11 10 11 11 8 11 10 10 11 9 11 11 10 11 9 12 9 9 9 9 12 10 9 9 8 8 11 9 9 10 12 10 12 11 8 11 10 10 9
9 12 11 10 8 10 11 12 12 10 11 10 10 10 8 10 10 12 9 9 9 9 10 11 9 10 11 12 11 11 10 11 9 8 10 10 12 11 12 10 9 9 9 9 11 11 12 11 9 10 11 9 10 11 10 12 11 10 9 11 12 11 8 11 8 10 12 11 9 8 10 12 11 11 8 9 10 10 11 8 10 10 10 11 11 10 11 10 8 11 11 9 12 11 11 9 10 10 10 12 10 10 9 10 11 12 10 10 11 11 10 11 9 12 10 9 9 11 10 8 10 8 8 10 8 9 12 11 11 9 9 9 9 8 8 9 9 9 11 9 11 12 9 10 10 9 11 10 11 10
11 9 10 11 12 9 8 10 10 9 11 8 10 9 8 8 12 11 9 12 10 12 12 8 9 11 12 11 8 8 12 9 11 8 10 10 9 10 10 11 12 12 12 9 9 10 11 9 9 9 11 10 11 8 10 10 9 12 9 9 9 12 10 11 10 8 10 11 10 11 10 8 10 8 12 8 11 11 12 9 10 11 11 11 11 9 11 11 8 9 11 8 9 9 9 9 10 8 12 9 10 11 11 12 9 11 11 8 9 11 11 8 11 12 11 10 9 9 8 12 10 12 11 11 12 11 10 11 10 9 9 11 10 9 10 12 11 10 12 11 8 11 11 8 11 9 9 12 9 9
10 9 11 9 11 8 12 10 11 9 11 8 11 11 9 12 11 10 9 12 12 8 11 12 10 10 8 10 11 10 12 12 10 8 12 9 8 10 12 11 9 11 11 10 11 9 9 9 12 11 11 10 9 11 10 10 9 8 9 11 10 10 8 10 10 11 9 10 9 10 10 10 12 10 9 11 10 9 12 8 8 9 12 10 12 12 10 10 10 8 10 10 8 11 9 9 11 11 11 11 8 9 11 8 8 9 9 11 10 11 9 9 10 11 11 10 9 12 12 11 12 9 11 11 8 8 10 11 12 9 9 11 9 12 9 10 10 12 8 10 12 9 9 10 11 10 12 10 9 12
8 12 9 12 10 10 11 9 10 11 10 11 8 12 12 10 11 8 11 9 8 12 12 9 12 10 12 9 9 8 10 12 12 10 10 12 11 10 10 9 11 11 10 11 9 12 11 10 9 10 8 11 11 10 11 10 9 12 11 11 9 12 11 11 11 8 10 10 11 9 10 9 11 9 8 10 10 8 9 9 11 8 9 9 10 9 12 8 9 8 10 11 8 9 10 10 9 9 8 9 9 12 8 11 11 12 10 11 12 9 12 9 8 11 8 9 12 10 11 11 9 12 11 9 11 9 10 11 10 10 8 10 9 12 11 9 9 10 10 10 9 11 11 11 10 10 11 9 10 12
10 11 9 10 9 12 10 12 9 9 8 12 11 8 8 10 9 9 10 11 9 12 11 10 11 9 9 10 12 8 12 10 10 11 8 10 10 9 9 9 9 11 10 12 8 9 11 11 12 11 10 11 11 10 10 11 11 11 8 11 11 12 10 9 9 9 10 10 9 11 9 9 12 8 11 8 11 11 12 11 10 11 11 12 11 9 8 10 9 9 10 12 12 12 9 10 9 10 11 10 10 9 12 11 9 8 8 11 10 11 8 10 8 8 8 11 10 11 9 10 11 12 11 10 9 11 9 9 10 11 8 10 11 9 10 11 10 12 11 11 10 11 9 11 11 8 12 9 9 8
11 9 12 9 10 12 10 9 12 10 11 8 8 12 12 9 12 11 9 9 11 8 12 11 11 8 11 8 12 12 9 10 11 10 12 9 11 11 9 10 11 10 9 8 10 11 9 10 10 10 11 10 10 10 9 10 12 9 11 10 8 9 10 9 10 11 11 8 11 11 9 10 11 9 10 9 8 9 8 9 11 11 11 9 8 10 8 10 12 9 11 11 11 9 11 11 9 11 10 10 10 12 10 11 9 9 12 12 12 11 9 9 11 9 9 11 10 12 9 9 10 11 12 9 11 12 9 12 9 9 10 11 8 12 12 12 11 11 11 8 12 9 12 10 11 11 11 9 10 9
10 9 10 8 11 11 10 9 11 11 10 9 10 11 11 9 9 10 11 11 10 9 10 8 12 10 9 12 9 10 9 10 10 9 9 12 11 12 10 11 8 10 9 11 9 9 9 9 11 11 9 11 9 10 8 11 11 11 12 10 9 11 9 10 11 8 10 10 10 9 9 8 10 9 11 9 12 10 12 10 9 10 12 9 9 10 9 8 10 10 8 9 9 12 10 10 9 11 12 11 9 8 9 12 11 9 10 10 12 12 12 11 11 12 9 9 9 10 10 9 11 9 12 12 10 9 11 9 10 12 11 9 10 11 9 9 9 10 8 9 8 11 11 9 10 9 11 12 10 9
11 10 11 10 10 9 11 12 11 9 8 9 11 9 10 12 10 9 9 11 12 11 9 8 10 8 11 8 9 11 12 11 10 11 10 9 11 10 9 9 9 12 10 12 8 8 8 11 8 10 10 10 9 11 9 9 10 11 10 11 8 11 10 10 10 11 12 9 12 11 8 10 9 8 10 9 9 11 11 11 11 9 11 8 10 9 11 10 8 11 10 9 12 11 8 10 10 9 10 8 9 10 10 9 9 11 8 11 9 10 10 10 11 9 8 10 12 10 12 9 10 11 9 9 8 11 10 11 9 9 11 11 9 12 9 8 10 9 11 9 10 10 12 11 10 10 10 12 8 12
11 8 10 11 11 11 12 8 12 8 12 11 11 8 12 11 11 10 9 10 8 11 11 9 11 11 12 9 12 10 11 10 11 8 11 11 10 12 9 8 10 8 9 12 11 12 10 11 10 10 11 11 8 9 9 12 10 10 8 8 8 10 10 10 11 9 8 9 11 11 11 11 8 12 10 8 10 9 11 9 9 9 10 10 9 11 11 10 9 9 8 11 9 8 9 11 12 11 9 12 11 11 11 11 12 9 12 10 10 10 11 12 11 11 8 10 10 10 11 11 9 8 9 10 10 9 11 11 12 8 10 11 9 8 10 8 10 10 10 10 11 12 8 12 11 11 8 9 9 8
10 12 10 8 8 8 9 9 9 11 9 9 12 8 12 9 10 11 8 11 10 9 11 11 10 10 11 10 11 11 8 9 11 10 9 10 10 11 10 10 12 11 9 12 10 12 9 12 8 9 11 10 11 12 11 8 11 8 10 9 8 11 9 10 10 12 12 11 11 10 8 10 10 10 9 12 8 10 11 9 12 9 10 8 9 12 9 10 9 9 11 8 9 12 12 11 11 8 9 10 11 8 12 10 9 10 9 9 8 11 10 9 9 9 8 11 9 11 10 12 11 9 9 10 8 9 8 9 10 10 12 12 9 11 11 9 10 9 10 11 10 8 11 8 11 11 8 11 10 9
10 9 12 10 9 10 10 9 11 9 9 10 8 9 9 11 9 11 10 9 10 8 11 11 9 9 12 10 12 12 12 8 12 9 9 9 11 10 12 10 9 11 12 10 11 10 10 11 9 9 10 10 11 11 8 9 9 9 10 12 12 9 9 11 9 11 10 11 11 9 12 11 11 8 9 11 11 11 9 9 9 8 11 9 8 9 10 10 9 10 9 10 10 12 11 10 12 10 8 10 8 11 10 11 9 10 10 12 12 9 9 9 9 8 12 8 11 10 8 11 10 11 9 11 10 11 12 9 8 9 8 11 11 9 11 12 9 11 8 10 10 11 12 11 12 11 9 12 8 9
11 8 11 9 9 10 9 9 11 9 8 9 9 9 8 9 12 9 9 11 9 11 9 8 10 11 9 11 8 10 8 9 9 12 10 11 8 9 9 8 10 10 9 10 11 11 10 11 10 9 9 11 11 11 10 11 11 11 9 11 11 10 11 12 9 9 9 9 9 11 8 11 9 10 10 9 8 10 10 10 10 9 11 12 11 11 9 8 8 9 12 11 11 12 10 10 11 9 8 8 9 11 12 11 10 10 8 12 10 10 8 11 11 9 12 10 10 9 8 11 10 11 9 9 9 10 12 12 9 11 12 8 10 9 11 9 10 8 9 8 10 12 9 10 10 9 11 8 10 11
12 8 11 8 10 11 10 9 11 10 8 11 11 10 11 11 10 10 11 8 9 8 10 12 8 11 12 10 11 9 8 10 11 11 10 10 8 9 11 11 10 11 8 9 12 8 12 10 9 10 9 10 9 10 11 11 11 10 11 12 12 9 9 12 11 10 11 10 11 12 9 9 12 10 9 11 9 9 10 8 11 12 11 8 11 10 10 8 11 10 9 12 9 8 8 12 12 9 11 9 9 11 10 10 11 10 10 10 12 12 12 10 12 11 8 10 12 9 11 12 9 8 11 10 9 8 11 10 9 11 12 9 9 8 9 12 9 10 11 8 11 8 12 9 10 8 9 9 12 12
10 8 9 8 10 8 11 8 10 10 12 10 9 9 11 10 11 9 11 9 11 10 11 12 9 10 8 11 11 10 11 8 8 11 10 12 10 10 10 11 10 8 11 9 8 8 9 10 9 9 11 12 11 11 10 10 9 9 9 11 10 11 10 10 10 9 11 10 9 10 8 11 9 10 8 11 12 11 11 8 10 9 9 10 10 10 8 12 8 11 8 9 10 10 10 9 10 10 8 11 10 9 11 10 9 10 10 9 11 9 12 9 10 9 10 10 9 10 9 11 11 11 12 11 12 11 8 10 8 8 8 11 10 12 10 9 10 11 10 10 10 8 12 8 9 9 10 9 8 9
11 12 10 11 9 8 11 10 12 10 11 11 8 9 11 10 12 11 10 9 10 11 9 8 10 9 9 10 8 11 10 9 11 9 9 10 9 11 11 10 9 10 9 8 12 12 9 12 9 8 10 9 9 12 12 10 9 11 12 12 10 10 10 12 11 9 8 9 11 8 9 10 9 11 8 12 11 9 11 10 11 9 10 12 12 10 11 10 12 12 11 12 8 10 8 8 9 11 9 9 10 11 9 8 9 9 10 10 10 8 9 10 9 12 9 11 11 11 11 12 9 11 8 9 11 8 11 12 10 10 8 11 8 12 9 12 9 11 9 10 12 11 11 10 10 10 10 10 9 10
9 11 11 11 10 10 10 10 8 8 10 11 12 11 10 10 10 8 10 11 9 11 11 8 12 8 9 10 12 10 11 10 12 10 10 10 8 10 8 11 11 10 10 12 11 10 11 12 9 10 10 9 10 9 9 8 10 10 11 11 11 9 10 9 8 9 11 11 9 12 10 8 10 11 11 11 11 8 9 11 10 10 12 10 11 11 11 8 11 9 9 11 11 10 12 9 9 8 8 11 11 9 11 10 10 12 11 11 10 8 12 8 10 11 10 9 12 9 8 11 11 10 8 11 11 8 10 12 11 11 12 11 9 11 11 10 9 9 9 11 9 10 11 9 11 12 8 9 11 12
8 9 10 11 11 9 9 11 10 11 8 9 9 10 9 10 11 11 9 9 12 8 12 10 9 10 10 8 10 9 11 12 8 9 10 8 12 8 9 11 10 9 9 8 10 12 12 11 9 10 10 11 10 9 8 9 9 12 11 9 8 10 11 11 10 11 11 9 9 8 9 12 10 8 9 10 11 9 12 11 11 11 9 10 10 9 11 11 11 10 10 11 12 9 12 9 9 11 9 12 11 11 11 10 8 11 11 12 11 11 9 12 10 10 12 10 8 12 9 11 11 8 9 11 9 12 11 8 12 8 9 9 9 12 10 8 9 11 11 11 9 10 11 9 9 11 11 10 11 10
10 9 9 10 11 10 11 11 11 12 10 10 12 11 10 11 10 8 11 11 9 10 8 12 8 10 11 12 10 12 8 11 11 8 11 10 10 9 10 11 9 10 12 11 12 9 8 11 11 9 8 8 9 11 12 11 11 10 12 10 9 9 10 12 10 10 9 10 10 12 12 10 10 12 10 9 10 9 11 10 10 9 9 10 10 12 11 11 9 11 12 8 10 9 10 10 8 10 11 11 12 9 12 10 12 8 10 9 11 11 11 9 12 9 11 11 11 12 12 9 10 9 9 10 11 11 10 11 9 11 10 9 12 8 12 9 8 8 9 9 9 12 11 11 11 10 9 10 9 9
8 8 9 9 11 8 12 10 9 12 10 11 11 9 12 8 9 9 9 10 9 8 12 8 11 11 12 10 10 8 10 12 10 9 8 10 12 9 11 10 12 11 11 12 8 9 11 10 12 12 9 11 9 9 10 9 12 8 12 11 9 9 9 9 11 11 10 8 9 11 9 10 11 11 10 9 10 9 11 12 11 12 10 11 12 11 11 9 9 9 11 8 10 8 11 9 10 11 12 10 9 8 10 10 10 12 11 11 10 8 10 11 11 10 10 9 10 11 12 9 11 10 10 11 10 11 11 12 9 8 10 9 10 9 9 11 11 8 12 11 11 10 11 9 11 9 9 11 11 9
9 9 11 9 8 8 9 8 10 10 10 11 12 10 8 11 11 11 10 11 8 11 9 11 11 9 9 8 11 10 9 12 9 11 10 9 11 9 9 11 12 9 11 9 10 9 9 11 9 12 9 11 11 11 11 10 12 12 10 10 12 11 10 10 11 8 10 11 10 9 10 10 9 8 10 11 11 11 10 11 11 9 9 11 10 10 8 9 8 8 9 10 11 12 10 10 10 10 10 9 10 11 9 8 10 11 10 8 9 10 11 11 10 11 11 12 11 10 8 8 10 12 8 10 12 10 11 10 11 9 8 11 12 9 9 10 10 11 11 12 12 8 8 9 10 10 9 12 8 12
9 10 11 10 10 11 12 11 10 11 11 11 10 9 9 9 10 12 10 8 9 9 12 10 9 10 9 10 8 11 9 9 11 8 11 9 12 11 9 11 11 10 9 10 10 11 8 10 9 12 10 9 11 10 11 8 8 12 10 12 11 8 11 11 10 10 9 12 8 12 9 10 10 9 8 11 10 11 12 8 11 9 9 12 11 8 10 9 10 10 9 12 10 8 9 8 11 12 11 11 9 11 8 10 10 9 9 11 9 12 10 9 11 10 10 11 12 8 8 10 11 8 11 8 8 11 11 11 9 9 12 10 8 11 9 9 9 10 10 10 12 12 9 8 11 8 11 9 11 10
8 9 10 9 8 9 11 10 10 11 9 10 11 9 8 9 11 11 11 10 11 10 11 11 10 12 10 9 11 10 11 12 12 10 9 9 9 11 9 10 12 10 8 11 9 10 12 11 8 9 10 11 12 10 9 11 9 8 9 12 11 8 11 11 12 10 8 11 12 11 8 12 8 10 10 12 9 10 10 9 12 10 8 11 11 9 9 9 8 11 10 9 10 11 8 8 10 10 12 10 10 9 11 10 12 10 10 11 12 9 10 11 12 11 10 9 11 10 12 11 9 10 11 10 11 8 9 12 11 12 12 12 10 9 11 12 11 12 10 10 10 10 9 9 11 9 9 12 11 9
12 11 8 9 8 9 10 9 8 12 10 11 10 10 11 8 10 10 9 10 9 9 11 9 10 9 11 10 8 12 10 9 11 11 9 11 10 9 10 9 8 9 11 11 10 9 11 10 12 12 9 9 10 11 12 8 9 8 11 11 9 11 10 9 12 9 10 9 8 11 9 10 11 11 9 12 10 12 9 9 11 12 10 11 9 9 11 12 9 10 10 9 10 11 11 9 11 11 8 10 11 10 10 9 12 10 9 10 11 9 8 10 9 8 8 10 10 10 8 11 11 9 11 11 10 12 9 10 12 8 8 10 10 11 8 9 12 9 10 11 11 9 12 11 8 10 8 10 10 9
11 11 9 8 8 9 10 11 10 9 8 10 9 8 11 12 10 8 10 10 8 12 11 12 10 11 9 11 10 8 8 12 9 11 9 10 11 12 8 8 9 9 8 10 10 9 8 12 9 10 9 8 8 12 9 8 8 8 9 12 8 11 10 11 9 10 9 9 12 11 10 12 10 10 9 9 9 9 9 10 9 11 10 9 10 11 9 11 8 10 11 10 11 12 10 9 10 9 9 10 12 8 9 9 10 11 9 9 12 10 9 10 12 12 8 10 12 9 12 11 10 10 9 10 9 9 12 9 8 10 10 9 10 11 8 9 9 10 8 11 8 11 12 11 9 8 11 8 11 11
12 11 10 10 8 8 12 12 9 9 9 10 11 9 9 10 11 12 11 9 11 12 10 10 11 12 10 10 8 12 10 12 8 12 12 9 12 9 10 11 9 11 10 9 11 9 11 8 10 11 9 8 12 10 11 12 11 12 9 12 11 10 8 10 9 11 9 10 10 10 10 9 12 9 12 12 9 11 10 10 8 9 9 10 10 9 10 11 11 10 12 10 12 10 9 11 9 11 11 9 11 8 10 9 10 9 9 8 11 12 10 9 9 9 9 8 9 10 12 10 12 11 11 8 11 10 8 9 8 11 10 10 9 10 8 10 12 12 8 10 11 10 10 12 12 10 10 12 10 12
11 12 9 10 10 11 11 9 12 9 11 9 9 12 11 9 9 11 12 8 9 10 9 11 8 10 10 9 8 10 12 11 11 8 11 9 9 11 11 9 12 11 11 10 11 9 9 10 10 11 12 10 10 12 9 10 10 11 11 9 11 11 12 10 10 12 9 9 10 9 10 10 8 9 10 10 10 12 9 8 9 11 10 11 8 8 9 10 8 8 12 12 9 8 9 8 12 9 8 10 10 10 8 11 11 11 11 10 10 12 10 9 11 10 10 8 11 8 10 8 11 10 9 11 9 9 10 11 11 8 8 11 12 11 9 11 11 10 10 10 9 11 11 10 8 10 11 10 10 10
11 10 11 9 10 11 12 11 11 12 11 8 9 11 9 10 9 12 10 10 11 10 8 12 8 8 11 8 12 8 12 12 9 9 10 11 11 11 9 10 10 10 10 11 11 8 8 11 11 11 10 11 10 8 10 10 10 9 10 12 9 11 11 12 12 11 9 11 10 11 12 11 9 10 11 8 10 9 10 11 12 12 11 9 10 9 10 8 11 9 10 12 9 10 11 11 11 10 9 8 11 11 12 9 11 9 11 11 11 9 11 11 9 11 10 9 11 11 9 11 10 10 12 12 10 11 9 9 8 10 9 11 9 11 12 12 11 9 9 8 8 11 10 10 8 11 8 8 10 10
11 12 9 11 9 11 9 8 11 11 11 10 12 11 11 9 11 11 11 11 11 10 10 10 11 10 11 8 11 8 12 9 9 9 9 9 11 11 9 8 9 11 8 9 11 8 9 11 8 12 12 11 8 9 8 11 11 11 8 12 11 9 10 9 9 10 8 9 9 10 8 9 10 9 9 8 8 12 10 11 11 10 11 8 10 9 9 10 11 12 9 11 10 9 11 9 10 11 11 9 12 10 11 9 10 12 10 11 10 12 10 10 12 11 8 10 9 10 10 11 11 9 10 11 8 11 10 12 9 11 10 9 11 11 10 10 10 12 10 12 11 11 9 8 10 9 10 10 9 9
11 9 11 9 9 11 11 11 12 11 12 9 11 9 8 12 11 9 10 8 9 9 11 10 9 10 9 9 9 11 9 9 11 10 9 10 10 9 8 12 8 9 11 11 9 9 9 9 10 8 8 9 9 12 12 11 10 9 10 10 12 8 8 12 8 8 11 12 11 10 10 12 11 11 12 9 8 10 12 8 12 9 12 8 10 10 12 11 12 10 12 9 11 8 10 9 11 9 11 12 10 11 8 8 10 9 8 9 11 11 8 11 10 12 9 9 9 10 9 9 10 9 10 9 12 11 10 10 9 12 11 11 12 12 10 9 9 10 9 11 9 10 11 9 10 9 11 8 12 9
11 10 8 8 11 9 9 11 11 9 11 9 12 9 10 9 9 10 10 12 9 10 11 12 9 12 11 9 11 12 12 10 9 11 9 8 10 8 11 9 9 9 12 9 9 9 9 10 9 11 10 12 9 10 12 12 10 12 10 10 10 10 11 9 12 11 10 11 11 8 10 10 11 11 9 9 9 10 10 11 12 10 8 10 12 10 10 11 11 9 10 11 11 12 10 11 11 12 9 8 10 11 9 8 10 9 10 11 11 8 11 9 9 11 10 10 11 9 10 12 10 11 10 9 8 11 10 8 10 11 10 11 11 9 10 10 10 10 10 12 8 8 10 11 11 12 12 9 9 11
12 11 10 11 11 11 9 12 9 8 8 9 9 9 12 11 12 9 10 9 9 12 8 11 12 10 12 8 12 9 10 9 8 8 9 8 9 9 10 8 9 11 11 10 9 10 11 9 10 11 8 12 11 10 11 11 10 10 10 10 10 11 10 11 10 9 8 11 11 10 12 11 10 9 12 12 12 10 9 8 11 9 9 9 10 9 10 11 9 9 11 8 10 10 11 10 8 9 12 9 12 11 11 11 11 10 9 11 10 9 9 11 10 11 11 10 10 12 9 11 11 9 11 8 11 10 12 10 11 11 10 9 9 10 9 12 8 10 9 9 10 9 10 8 11 8 10 12 11 10
10 11 11 9 9 11 10 9 8 8 8 9 10 11 10 12 10 10 10 10 11 10 8 10 11 8 11 8 8 12 9 10 10 11 9 9 10 9 11 10 10 8 12 8 10 12 9 11 10 10 9 8 9 11 10 11 11 11 12 11 11 8 10 9 9 8 9 10 11 11 9 9 12 9 11 11 10 11 9 8 11 12 11 11 10 9 10 10 9 8 10 9 10 9 10 9 9 12 9 11 10 9 11 11 11 11 9 9 12 9 9 10 12 10 10 8 10 10 11 9 11 11 11 11 10 10 11 9 12 9 8 12 9 11 12 9 11 10 11 10 11 12 12 9 9 10 10 8 8 11
11 9 11 11 11 11 10 9 11 10 10 9 10 9 11 10 11 11 10 10 8 10 11 12 10 9 11 11 10 11 8 8 11 10 9 10 10 9 12 10 8 10 11 9 8 8 8 9 9 11 8 9 9 12 9 9 10 10 12 11 10 9 11 10 11 9 11 11 11 11 9 10 10 12 11 9 10 10 11 12 8 12 11 10 11 9 8 10 9 10 12 10 11 12 10 10 9 12 11 11 11 11 12 8 11 10 10 10 10 11 11 12 10 10 10 12 9 11 11 10 10 8 12 12 8 11 10 11 10 8 11 12 10 11 11 12 12 9 9 11 9 12 12 10 11 9 11 9 12 10
10 8 8 8 11 9 12 10 10 8 9 8 11 11 12 11 11 9 11 12 10 10 8 10 9 9 8 12 9 11 8 9 10 11 11 10 10 10 11 10 10 10 11 9 8 9 11 11 11 8 11 9 8 11 11 8 9 10 11 9 11 9 11 8 12 9 11 9 9 9 10 10 8 11 11 9 11 10 8 11 12 8 11 8 10 8 10 11 9 11 9 12 9 9 11 10 8 9 12 10 12 8 8 12 12 8 9 11 10 9 10 9 8 9 10 10 9 10 8 12 12 11 10 11 9 10 10 12 12 10 9 9 9 11 10 10 11 11 10 10 9 11 10 9 9 12 12 9 9 11
11 10 8 11 11 9 10 11 9 12 10 11 8 12 9 12 10 10 8 9 11 11 12 11 11 11 9 9 11 8 10 9 10 10 8 11 9 9 11 8 11 11 12 12 11 8 10 11 10 9 11 11 12 10 9 8 9 10 8 8 9 8 9 10 10 10 10 8 10 9 10 9 10 11 9 9 11 11 10 9 10 11 8 11 11 12 11 11 10 11 8 11 9 10 10 9 9 8 10 11 12 10 8 9 11 9 9 11 10 10 9 8 8 9 8 10 10 11 10 11 8 12 10 10 12 10 9 10 11 12 10 12 11 8 9 11 10 12 9 9 10 11 10 12 10 12 10 10 11 11
12 11 12 9 9 11 11 10 10 11 9 11 8 11 9 11 9 10 9 9 8 9 12 9 11 8 8 11 11 11 10 10 9 9 9 10 11 10 9 11 11 11 11 11 9 9 11 8 12 8 12 9 10 12 12 10 9 10 9 9 10 10 9 10 9 8 9 11 9 11 10 9 11 9 9 8 8 11 9 11 11 10 10 9 9 11 10 9 11 9 8 8 10 10 10 12 10 9 12 8 9 10 9 10 8 8 11 11 11 11 11 10 10 10 8 9 9 9 12 12 8 11 10 12 9 10 9 11 8 10 9 10 9 9 9 9 12 8 10 11 11 10 10 12 11 9 8 11 11 9
11 12 11 10 9 10 9 10 9 12 10 10 9 9 11 10 10 11 11 9 10 12 10 9 9 12 12 10 10 10 12 11 8 9 12 10 8 11 11 9 12 10 9 9 8 11 11 11 9 10 12 12 9 9 11 11 9 11 9 10 8 10 10 11 8 8 12 12 8 8 12 9 9 12 8 11 9 9 12 10 9 8 9 9 11 10 8 11 12 9 8 8 10 11 10 9 11 8 11 10 10 8 8 10 10 12 12 11 9 8 12 9 9 9 9 11 10 11 10 10 8 8 12 8 10 11 9 9 9 11 10 11 9 11 9 10 12 8 9 11 11 11 11 11 10 9 11 11 9 10
12 9 11 11 12 10 10 8 8 12 9 8 9 8 8 9 9 8 12 12 9 11 11 9 9 10 9 12 12 11 10 9 10 9 11 10 10 10 8 12 8 11 11 12 12 11 11 10 12 11 10 8 8 10 12 11 11 9 9 10 9 10 10 10 11 11 10 12 12 12 8 9 11 8 12 10 9 8 12 10 9 11 10 8 10 10 11 12 10 11 8 11 12 10 11 9 12 10 9 11 8 12 11 11 10 12 11 9 9 10 12 11 8 11 10 10 10 11 9 12 12 10 12 10 12 11 9 9 10 10 11 10 12 11 12 10 8 9 8 12 11 10 11 9 9 9 8 11 10 9
11 11 9 9 11 10 11 11 11 10 10 9 12 12 9 9 12 11 9 10 11 11 10 11 12 11 12 9 11 10 10 8 11 12 10 10 11 9 11 10 8 12 9 8 8 10 9 9 10 11 8 10 9 11 10 12 9 10 9 11 11 11 11 8 11 9 11 12 11 10 12 11 8 10 9 11 10 11 11 9 11 11 8 11 9 9 8 10 9 12 11 11 11 9 9 12 9 10 11 9 8 12 9 8 10 8 8 10 9 12 11 12 9 11 10 10 8 9 9 8 11 12 11 11 9 11 9 9 9 12 11 10 11 10 12 11 11 12 9 10 10 10 9 10 10 12 11 9 9 11
10 11 12 8 10 8 11 11 10 11 10 10 10 11 10 11 11 12 9 9 11 10 11 9 11 10 11 12 11 8 10 9 8 10 9 11 9 11 9 9 11 11 11 10 12 11 10 9 8 10 9 10 10 8 10 11 10 9 9 11 9 11 8 11 9 11 10 9 9 9 10 10 9 12 10 9 8 10 10 11 10 10 8 9 10 9 10 12 9 12 9 11 8 8 11 9 11 9 10 10 10 8 8 10 8 12 11 11 10 10 8 9 11 9 10 11 10 11 10 11 10 11 8 8 10 11 10 9 11 12 10 11 9 10 9 10 9 9 8 11 8 10 11 8 12 12 8 8 8 11
10 9 8 10 9 11 12 10 10 8 10 9 9 10 12 8 10 8 9 10 10 11 11 9 9 11 9 9 9 9 11 9 12 11 11 9 12 11 9 11 11 11 10 10 9 8 10 11 8 11 11 11 11 11 10 10 8 9 10 9 12 10 8 10 11 9 9 10 8 8 9 11 10 10 11 11 11 8 9 9 10 11 9 11 12 9 10 8 12 8 12 9 10 11 8 9 10 11 11 11 11 11 8 8 11 11 12 9 10 10 9 10 9 8 9 10 12 9 9 9 11 10 9 8 12 11 9 10 9 11 9 11 9 10 10 9 11 9 10 10 11 9 10 9 11 11 9 11 12 10
12 9 11 11 11 11 12 9 10 9 11 9 11 11 10 8 10 9 10 8 12 9 12 8 11 11 9 11 8 9 10 12 9 8 10 10 11 10 8 9 8 9 9 10 9 10 9 10 9 12 11 9 11 8 9 12 10 9 9 11 11 11 12 9 8 8 9 9 10 10 9 10 11 9 9 10 9 11 8 12 8 9 12 10 10 10 10 10 12 11 10 12 8 9 8 9 12 10 12 11 8 12 11 10 8 12 11 10 11 9 11 9 11 12 9 12 12 9 8 9 8 11 11 11 10 11 8 10 8 10 10 10 11 9 9 10 12 10 8 10 8 12 9 11 11 9 10 9 9 8
11 11 8 11 10 10 12 10 9 11 12 12 8 11 8 9 11 11 9 9 10 11 8 12 11 10 12 10 10 9 10 9 8 11 10 9 8 11 11 8 9 10 10 9 11 9 11 8 9 10 11 10 10 11 9 10 11 11 11 12 11 9 12 11 8 10 9 11 11 10 8 9 8 9 9 8 9 11 11 11 9 12 9 9 9 8 9 8 10 10 12 9 10 8 10 12 12 8 10 8 11 11 12 9 11 10 11 8 12 10 10 11 9 9 10 11 10 10 12 11 8 10 10 9 10 11 10 12 9 9 9 9 9 8 9 10 9 11 10 9 11 8 12 11 8 9 9 11 11 11
11 11 9 11 11 9 9 11 11 9 11 11 12 9 9 11 12 9 11 10 10 8 12 11 9 8 10 12 9 9 9 10 8 8 8 11 9 10 12 11 10 8 9 9 10 9 9 9 11 9 12 8 11 10 9 11 11 10 9 9 8 11 9 10 10 10 11 10 9 9 8 9 12 9 10 10 9 10 12 9 10 11 9 11 12 10 11 11 9 11 11 9 12 9 10 11 11 9 9 9 10 10 8 12 12 11 9 12 11 12 8 11 12 10 11 11 9 10 11 12 10 11 11 8 11 8 11 8 10 10 10 10 9 10 10 10 9 10 8 10 9 11 11 11 9 10 11 10 11 10
8 8 12 9 10 9 9 11 8 10 12 11 9 9 10 10 9 9 9 9 9 12 10 11 8 9 10 11 11 11 10 8 12 9 12 11 10 11 11 12 9 11 8 9 8 10 9 10 10 10 11 12 9 12 10 11 9 12 10 9 10 10 10 11 8 10 10 8 11 11 10 9 12 8 9 10 11 8 10 8 11 9 9 11 8 9 10 10 8 10 9 9 8 9 8 10 8 8 9 11 9 10 11 11 9 9 9 11 12 11 9 10 12 8 11 10 10 9 10 11 10 9 12 11 10 10 11 12 8 10 10 9 10 10 10 11 12 8 12 12 11 12 12 8 10 10 11 10 9 8
9 11 10 9 9 8 12 9 12 12 10 10 9 10 10 12 9 11 12 10 10 8 11 9 12 11 8 10 9 9 11 9 10 10 8 8 10 9 10 9 12 11 12 12 9 10 9 12 12 12 10 9 8 9 8 10 11 9 9 10 8 8 9 8 9 9 9 10 9 9 10 9 11 9 9 8 11 12 9 9 11 9 11 9 10 10 10 10 11 8 10 9 10 10 9 9 9 8 10 12 9 11 11 10 8 11 10 11 12 8 11 10 10 10 10 11 12 12 10 11 11 8 8 10 11 8 9 10 9 12 9 10 10 11 12 8 10 11 10 12 12 10 9 10 11 10 11 11 10 10
8 12 9 11 9 11 9 9 9 12 11 12 9 11 8 11 10 8 11 9 11 9 10 11 9 8 10 9 8 9 10 9 12 10 10 11 9 8 12 12 8 8 11 12 10 9 9 12 9 11 11 9 12 9 12 10 10 12 11 10 12 11 8 12 12 11 11 9 11 9 10 9 11 11 8 8 10 10 10 11 9 12 9 11 9 9 9 11 10 11 8 10 8 8 10 9 12 9 11 9 11 9 11 12 12 9 11 8 9 12 11 8 11 11 11 10 11 11 9 9 9 11 9 11 11 11 12 9 10 11 10 11 10 10 10 10 8 10 9 9 12 11 11 10 11 12 9 9 12 11
8 9 10 8 10 12 9 8 12 9 10 9 8 9 10 9 9 10 10 10 10 11 11 9 10 11 10 11 11 11 11 8 10 11 9 10 10 11 11 11 10 10 9 9 9 9 8 10 9 8 11 9 11 9 8 10 8 11 11 12 8 9 10 9 12 9 9 9 9 10 10 11 9 11 9 11 11 11 11 9 11 11 10 10 9 10 8 10 10 11 10 9 11 11 9 11 9 9 12 11 8 10 12 10 12 8 9 10 9 10 9 9 12 11 12 10 9 9 10 11 8 8 11 10 11 11 9 11 8 11 11 8 9 8 10 9 10 10 10 10 8 9 8 11 12 10 9 11 9 11
11 12 9 8 11 10 10 12 11 10 11 11 11 9 11 10 11 10 11 8 10 10 9 10 11 11 11 10 11 11 8 11 10 8 10 10 11 8 9 11 12 9 9 9 9 8 11 11 9 8 8 9 8 11 10 9 10 9 10 11 12 10 9 9 12 12 9 12 10 9 10 12 9 11 11 9 10 8 10 10 8 9 10 10 8 8 10 10 10 10 11 10 9 9 8 9 8 11 11 10 12 9 11 8 10 10 10 9 9 9 9 12 11 12 10 10 10 10 12 9 12 10 10 10 11 9 12 9 11 9 12 12 11 9 11 10 10 8 12 8 12 9 10 11 10 10 9 12 12 11
10 12 10 10 9 11 11 10 9 11 11 11 10 11 10 11 11 12 9 12 8 9 9 8 10 11 9 11 10 10 9 9 12 10 11 12 10 10 9 11 11 10 12 9 12 12 11 11 9 10 9 9 10 12 8 9 10 8 10 10 10 10 10 12 11 9 11 10 10 10 10 9 10 9 11 12 9 11 9 10 10 11 11 8 10 11 8 10 9 10 8 9 11 8 9 11 10 11 12 9 8 10 11 11 9 11 9 9 10 9 11 8 12 11 9 11 9 10 11 12 9 10 10 9 11 11 10 9 8 9 12 8 9 10 8 8 12 8 10 9 12 11 11 11 12 9 9 9 10 9
8 10 11 11 9 9 9 8 12 9 10 11 9 10 10 8 10 11 9 11 10 10 9 11 10 12 10 11 9 12 9 9 10 10 10 11 9 9 10 10 10 8 10 8 11 12 11 9 9 9 12 11 10 9 9 10 11 10 12 11 10 11 12 9 9 10 11 11 8 11 9 10 9 10 11 12 8 9 10 11 12 11 11 8 9 9 11 11 11 8 9 9 9 12 11 9 12 9 10 11 11 9 9 11 10 10 12 9 8 11 10 11 8 10 10 8 10 11 10 8 9 12 9 10 11 10 9 10 9 11 9 10 9 11 9 10 9 10 12 9 12 9 8 9 10 11 10 8 11 9
11 12 11 9 8 8 12 9 9 9 10 11 9 8 11 11 12 9 11 10 9 10 9 10 9 9 11 11 10 12 12 9 11 9 10 10 10 9 9 11 11 11 11 8 9 10 8 11 9 11 12 11 10 11 9 8 10 12 10 10 9 10 11 10 11 9 11 12 10 11 11 9 9 10 11 11 10 9 10 11 10 10 10 9 12 8 8 9 9 9 10 10 11 12 9 8 9 9 8 11 11 11 10 9 9 9 8 12 10 9 12 9 11 9 11 10 8 9 10 9 10 9 10 9 9 11 12 11 9 11 9 10 9 11 10 10 12 10 10 12 8 11 11 11 9 10 9 9 9 11
12 8 10 11 9 12 11 10 11 9 12 8 9 9 9 12 8 11 11 12 11 11 11 8 11 8 8 10 10 9 11 10 10 9 9 8 8 9 10 10 11 10 9 9 8 12 9 10 12 9 12 10 11 10 9 9 9 9 10 9 12 9 10 9 8 11 10 10 12 9 8 9 10 12 9 11 12 9 12 8 11 11 11 10 9 11 12 12 8 9 9 12 10 10 9 8 8 10 10 11 10 10 9 11 9 11 8 11 10 11 9 9 9 11 8 11 8 11 9 10 10 12 11 9 12 11 9 9 11 9 8 12 9 8 11 9 11 11 12 12 9 8 11 10 9 10 10 10 10 8
11 8 9 8 10 12 11 11 11 11 9 10 10 12 8 9 8 9 8 12 10 11 9 8 10 11 11 9 8 8 11 10 12 10 10 12 11 12 10 11 10 10 9 11 11 11 11 8 11 12 11 10 10 12 11 10 11 8 8 12 11 12 11 10 11 11 11 10 8 8 12 9 11 11 9 11 10 9 11 9 11 11 10 12 9 10 9 8 9 10 9 11 11 8 8 9 10 10 11 9 10 10 11 11 8 10 12 12 10 9 9 12 9 11 11 9 12 11 9 8 10 9 8 10 12 11 11 9 11 9 11 9 8 11 9 9 10 12 12 8 11 9 12 11 8 9 9 12 12 9
10 12 8 9 10 9 11 11 8 11 10 9 9 11 9 11 9 10 10 9 10 10 12 9 8 11 10 10 10 11 12 12 10 9 8 9 10 11 10 12 11 10 11 10 11 10 9 10 10 11 8 11 12 10 9 9 9 10 11 10 10 10 11 8 11 10 11 12 11 9 12 10 9 9 12 10 10 8 10 11 10 10 10 9 9 10 11 12 11 9 10 11 12 10 11 8 12 12 10 9 9 8 10 11 10 10 9 11 10 10 11 8 8 10 11 11 9 11 12 11 9 10 10 9 11 11 8 10 10 10 10 10 11 9 8 9 8 9 12 10 10 12 9 11 10 10 8 9 11 11
10 9 10 9 8 8 11 11 11 9 11 11 11 11 12 8 11 10 10 12 10 8 10 11 9 12 12 10 10 8 12 9 10 11 10 11 11 10 10 10 9 11 9 10 10 11 9 8 10 8 11 10 8 12 12 10 11 11 10 10 11 10 12 10 11 10 10 9 11 11 9 9 9 9 12 9 9 10 8 9 10 10 9 10 12 11 10 9 10 8 10 9 10 11 11 10 12 10 10 9 11 11 9 12 9 9 11 8 10 9 11 9 9 9 12 9 11 10 10 12 9 9 12 12 10 12 11 9 9 8 9 11 11 10 10 9 11 9 11 9 11 12 10 8 8 11 11 10 9 10
12 12 12 8 11 10 12 11 10 8 11 12 9 12 8 8 9 10 11 11 9 9 8 9 10 11 11 11 9 11 11 11 11 11 9 10 11 11 10 11 10 9 9 12 10 11 11 10 9 11 8 9 10 11 9 10 10 11 10 10 9 10 9 10 10 10 9 11 9 8 10 10 10 10 11 8 9 12 11 10 11 9 9 9 11 12 11 9 9 11 8 8 10 9 11 11 8 11 10 12 12 10 11 9 12 9 12 10 11 10 12 12 9 9 12 11 10 10 9 11 8 10 9 11 9 10 11 8 9 9 8 9 12 11 8 9 12 9 11 10 8 8 9 12 11 11 9 9 9 12
12 10 11 12 9 10 9 10 11 12 10 10 8 9 12 12 11 12 10 9 8 12 9 10 11 9 8 9 9 8 9 10 9 8 9 9 9 11 12 10 9 10 11 9 10 11 10 9 9 10 10 9 11 11 9 11 10 10 11 11 8 11 11 10 10 9 11 11 9 11 11 10 8 8 12 11 12 12 8 9 10 11 12 9 10 11 9 10 11 10 9 11 10 9 10 10 8 9 12 10 11 9 8 9 8 10 11 9 11 10 10 11 10 12 10 9 9 9 9 12 9 8 11 10 9 9 10 12 9 10 11 12 10 11 10 12 11 11 10 8 11 10 9 10 10 10 9 9 10 9
11 10 8 8 11 12 11 11 10 10 9 12 11 9 12 10 9 9 10 10 11 10 9 10 10 8 10 9 11 12 8 9 11 9 10 9 10 8 9 11 10 9 10 11 11 10 8 9 8 10 11 10 9 11 12 10 8 11 9 9 11 10 12 10 8 10 9 10 11 11 11 11 10 8 10 9 9 10 8 8 11 12 12 10 9 9 12 10 8 11 11 10 12 12 11 12 10 9 9 8 10 8 9 9 9 10 9 8 8 10 9 11 12 12 8 11 10 9 11 8 11 10 8 9 11 10 12 11 11 9 11 11 11 10 10 11 10 9 8 11 10 9 11 9 11 9 11 10 12 11
8 11 10 12 8 11 8 11 12 9 9 9 11 10 11 9 11 10 10 10 10 9 10 12 11 10 11 9 11 12 9 9 10 8 11 10 11 10 12 11 10 10 10 8 9 11 9 12 11 10 12 9 10 9 10 9 11 9 10 9 10 12 9 11 12 10 9 9 12 10 9 10 8 9 10 12 12 8 11 8 10 12 11 8 10 9 11 11 11 11 8 8 8 10 12 9 12 8 10 8 9 12 8 11 9 11 9 11 11 9 12 10 10 8 11 8 11 9 8 8 9 8 10 9 10 11 10 8 9 12 10 12 10 9 12 10 11 9 11 12 12 10 10 12 8 9 9 11 11 8
10 8 8 10 11 12 11 9 10 10 9 9 10 12 8 8 11 8 8 10 10 11 10 8 9 9 11 10 10 12 10 10 9 10 10 9 10 11 9 8 10 9 9 10 10 11 9 8 11 9 10 10 9 9 9 9 11 9 10 9 11 10 10 8 11 11 9 9 8 10 11 9 9 9 10 10 11 9 11 11 12 9 12 11 10 11 10 12 12 8 9 9 8 11 10 11 10 9 9 9 11 10 11 11 10 10 10 9 12 10 9 11 10 12 10 9 10 12 9 9 9 11 10 9 9 9 11 9 8 12 12 11 12 9 10 10 9 11 10 11 10 9 12 11 9 8 9 8 11 10
11 10 12 12 9 12 9 10 12 10 8 11 11 11 11 12 9 12 12 8 8 11 10 10 9 10 9 12 12 11 9 10 9 11 9 12 9 9 12 10 10 9 9 9 11 10 8 11 11 12 8 9 11 9 9 8 10 10 8 10 8 9 9 11 11 12 10 8 8 11 9 8 11 10 10 12 10 10 12 11 9 11 9 10 10 9 9 11 12 10 9 9 9 8 9 10 10 10 10 11 12 11 8 9 10 10 10 11 10 11 11 11 8 11 11 10 11 8 9 10 10 10 9 9 10 8 9 8 11 11 11 12 10 10 11 10 10 12 12 11 10 9 11 8 8 8 9 10 10 11
8 11 10 12 10 11 9 11 11 9 10 12 10 11 12 10 11 11 9 9 12 9 9 11 9 11 11 9 11 10 11 12 8 12 8 9 8 10 11 8 11 11 9 12 9 8 12 10 12 9 10 9 8 10 9 9 11 10 12 9 9 9 9 9 9 8 9 9 10 10 9 11 9 10 10 9 9 8 9 10 12 12 11 10 11 11 12 9 10 11 10 10 10 11 9 10 12 9 10 12 8 12 12 11 12 10 11 9 8 9 10 11 10 10 8 11 10 8 12 10 12 10 9 11 9 11 8 8 10 11 9 11 10 9 8 8 12 8 10 11 8 10 12 9 9 11 9 8 11 11
10 11 12 11 9 11 11 8 8 10 9 11 11 10 12 9 9 11 9 9 10 9 10 9 10 9 12 10 9 10 11 11 10 11 10 11 8 9 10 12 11 11 9 9 9 12 11 9 10 8 8 9 12 10 8 10 9 11 11 10 11 11 11 11 12 12 9 10 10 11 10 10 11 8 8 10 11 11 12 10 9 8 9 10 11 10 11 11 10 10 9 9 11 12 10 9 10 12 9 9 11 8 10 9 10 10 9 11 8 8 10 10 8 9 10 8 11 8 10 10 8 10 12 10 11 11 9 9 9 8 9 9 8 8 11 10 10 8 9 8 9 10 12 11 9 12 8 10 8 9
10 10 10 10 10 10 8 11 10 11 10 9 9 9 8 10 9 9 8 8 11 8 9 12 11 8 9 10 10 11 11 9 9 10 12 10 9 10 11 11 10 10 12 9 10 10 11 9 9 11 11 12 10 10 8 11 9 10 12 9 8 9 11 8 9 11 8 10 9 12 10 11 9 11 8 11 11 9 8 8 11 11 10 9 9 8 9 10 12 10 11 12 9 10 10 12 10 9 10 10 9 10 12 11 11 12 12 12 10 11 12 12 10 9 10 9 10 9 12 12 8 10 8 11 10 8 10 11 9 12 10 12 11 10 8 11 11 10 9 9 12 11 12 8 11 9 9 8 11 10
9 12 9 11 9 9 9 8 12 9 10 11 9 10 9 10 11 11 10 9 12 10 11 10 10 11 10 8 8 11 10 10 10 11 10 12 10 11 11 10 9 10 11 9 10 10 8 10 8 9 9 11 10 8 9 11 9 9 9 9 11 11 11 9 12 12 11 10 10 11 9 9 11 8 11 12 9 12 10 11 10 9 11 9 8 10 11 10 10 11 12 9 9 10 8 11 9 12 9 11 8 8 12 12 12 9 11 11 12 10 11 9 11 11 11 9 8 10 10 9 10 10 11 12 11 10 11 11 9 11 10 11 10 10 8 11 11 10 11 12 11 9 8 11 10 12 8 10 9 12
10 10 9 11 10 9 11 11 11 11 11 10 9 12 9 10 10 10 8 8 11 8 9 11 8 9 12 10 10 10 10 8 8 10 10 10 9 11 11 10 8 10 10 9 9 9 9 11 8 8 9 10 10 10 8 11 11 9 12 9 10 8 9 8 11 10 11 9 12 9 11 11 8 11 10 8 8 9 11 9 9 10 8 8 9 12 12 11 8 9 9 9 8 8 10 9 9 8 11 9 10 10 11 8 8 10 9 10 10 11 10 9 12 11 9 8 9 9 11 9 12 9 10 10 9 8 10 10 11 8 9 9 10 12 12 9 11 11 10 9 10 12 12 11 9 12 8 9 8 8
9 12 12 10 11 11 9 12 10 11 10 10 11 11 10 10 10 10 11 9 8 11 12 9 9 9 12 10 11 11 10 10 12 8 10 12 10 9 11 10 8 8 12 8 12 11 10 11 11 11 8 10 12 10 10 11 9 9 9 8 11 11 10 9 8 8 12 11 11 9 9 8 9 9 8 9 12 9 8 10 9 10 9 11 10 11 11 11 10 8 11 8 10 11 9 10 11 10 10 9 12 9 9 11 9 11 10 10 8 10 11 11 12 10 12 9 9 10 9 11 11 10 9 9 10 11 11 11 11 10 10 10 10 10 9 12 8 11 10 12 8 10 11 9 9 8 10 9 9 9
8 9 12 11 8 11 8 10 11 8 12 9 10 12 8 10 10 9 11 10 10 9 9 12 8 10 9 9 10 12 9 9 11 9 8 9 9 9 10 10 11 11 10 10 8 10 8 8 8 12 10 9 12 10 9 9 8 11 9 10 12 12 11 10 10 10 9 11 9 9 11 10 8 9 10 11 9 10 11 9 9 12 9 12 11 10 8 9 11 10 10 10 11 10 10 12 10 9 11 10 9 11 8 11 11 11 10 11 9 9 10 12 11 9 9 10 12 12 9 10 9 10 10 10 12 10 9 11 9 11 10 10 9 12 10 9 9 12 12 11 8 12 11 8 9 10 12 10 9 12
11 12 10 11 9 9 11 10 12 11 9 10 10 9 11 12 10 11 10 10 10 12 8 11 8 12 10 8 11 12 10 11 11 8 8 10 8 8 9 11 11 9 8 9 11 10 8 11 9 8 10 10 9 10 12 9 8 9 10 9 10 12 11 12 11 10 11 11 10 8 11 9 8 12 11 9 11 8 10 8 9 8 11 10 9 12 8 11 9 12 10 11 10 12 8 9 11 8 11 10 10 9 11 8 9 8 11 11 11 11 9 8 9 9 11 11 8 9 10 9 9 9 9 9 11 10 9 11 9 11 9 12 9 11 8 12 9 8 9 9 11 11 11 9 11 9 11 9 11 9
8 11 11 9 11 10 10 8 10 8 10 10 11 9 10 10 10 8 12 10 10 9 11 11 11 10 11 11 10 10 12 12 11 10 11 11 10 8 11 9 12 10 12 11 10 11 8 12 9 10 10 11 12 11 9 9 10 12 10 12 12 8 11 8 11 9 9 12 10 9 11 9 10 9 8 11 11 11 10 11 8 9 10 12 9 9 10 9 9 9 9 12 9 9 9 10 8 9 10 10 8 8 9 9 9 12 9 11 11 12 10 12 12 8 9 10 11 12 9 12 9 12 11 11 11 10 11 10 11 11 11 12 10 11 10 12 12 11 9 9 11 8 8 11 10 12 9 10 11 11
9 9 9 11 12 10 11 8 9 9 10 11 12 11 9 12 10 11 9 9 9 8 12 10 10 10 10 11 9 9 9 9 12 10 9 8 10 8 11 9 9 11 9 10 12 10 11 11 10 10 9 10 9 9 11 11 11 10 11 10 11 10 11 9 11 9 10 8 12 9 10 12 12 11 10 12 11 10 9 11 9 12 10 11 11 8 10 9 11 8 8 9 9 9 11 10 11 11 11 10 10 8 11 9 9 10 10 9 8 11 11 11 9 9 12 11 12 10 10 10 9 11 10 9 10 11 10 10 9 11 10 8 10 9 10 8 10 11 10 9 9 9 10 10 10 8 9 8 10 9
10 9 12 12 8 8 12 12 8 9 8 12 9 9 12 11 11 11 10 8 9 8 12 8 10 9 10 11 12 12 10 9 10 11 11 9 11 9 9 12 11 10 11 11 9 11 12 12 8 10 11 10 12 11 12 9 11 9 10 10 9 11 9 12 9 12 8 9 11 8 11 12 9 10 10 9 11 9 11 9 9 10 8 11 10 10 9 8 10 10 9 9 8 8 10 11 11 10 8 10 12 12 12 11 12 11 11 10 9 11 11 11 11 11 11 11 12 10 12 8 10 9 11 11 8 12 12 11 9 9 11 10 8 8 9 10 9 12 11 10 8 9 11 8 8 8 11 12 11 11
12 10 11 10 9 12 9 9 10 11 9 11 8 8 10 11 10 9 10 8 10 11 10 11 12 10 10 10 11 8 11 8 11 8 11 11 8 8 10 9 9 11 9 12 8 9 9 9 10 10 9 8 11 12 9 9 12 10 10 9 11 9 9 10 9 9 12 10 11 9 11 8 10 9 9 11 9 11 9 10 8 11 10 10 10 11 8 12 11 11 9 10 12 10 8 8 11 10 11 10 11 9 8 9 11 9 9 8 8 10 12 9 9 10 9 9 12 10 8 10 11 9 9 9 11 9 10 8 10 9 11 9 10 9 10 11 12 9 12 8 9 11 8 9 10 10 11 10 8 9
9 9 12 8 8 8 12 8 9 10 11 11 8 9 11 10 9 8 10 11 9 8 8 11 8 10 8 9 10 11 11 8 10 9 12 9 11 10 11 11 9 12 8 11 11 9 9 12 9 9 9 10 10 11 10 9 9 8 11 10 9 10 9 11 9 11 10 12 10 9 9 11 10 9 9 9 11 11 9 10 9 10 8 9 11 11 9 10 9 8 11 8 12 10 8 8 8 10 8 12 12 11 10 9 9 11 8 10 11 9 10 9 9 9 11 9 12 11 10 8 11 10 9 10 8 9 11 11 9 12 10 11 9 12 9 8 12 10 12 10 11 8 10 11 9 11 11 11 12 10
11 12 10 8 9 11 9 12 9 10 8 9 10 8 9 10 11 12 9 9 11 11 11 11 11 10 11 12 9 8 10 9 10 11 10 9 9 10 10 11 9 10 11 9 11 11 10 10 12 10 9 11 11 11 11 11 9 10 10 9 10 11 10 10 8 12 10 8 9 11 8 9 11 11 11 8 8 11 11 8 9 8 9 11 10 8 8 12 11 12 12 11 9 9 12 11 8 9 10 11 10 9 11 8 12 12 10 9 10 10 12 11 10 9 10 8 10 10 10 8 9 11 10 11 11 11 8 10 12 10 9 9 8 12 12 10 10 12 8 8 10 11 9 9 10 10 11 10 8 8
10 11 9 11 9 8 11 9 11 10 9 9 10 9 11 9 9 8 12 10 11 8 10 11 9 11 11 11 10 10 9 8 9 8 8 9 10 9 9 9 9 11 10 10 12 10 10 10 11 12 9 10 9 9 11 11 9 11 10 9 11 12 11 9 10 10 10 9 12 8 9 12 9 8 8 8 11 12 9 11 11 12 10 11 10 10 11 12 8 11 8 12 12 9 10 12 10 11 11 8 8 10 8 9 8 9 11 10 9 9 10 11 8 8 9 9 12 11 8 10 11 8 11 11 12 9 9 10 11 12 10 12 11 11 12 12 9 8 11 8 8 11 11 11 10 10 10 8 10 12
11 10 11 12 12 9 9 10 12 10 10 9 9 11 12 10 9 8 10 11 12 9 9 10 9 10 8 9 9 11 9 12 12 10 9 10 12 10 9 11 10 9 11 10 11 11 9 9 12 11 9 9 11 8 11 9 11 8 10 9 8 9 9 10 10 9 12 9 12 11 9 10 9 9 10 9 10 8 10 9 9 8 8 11 11 12 10 9 10 9 11 8 11 12 11 11 11 11 10 9 12 9 12 11 9 10 11 10 11 9 11 10 8 11 11 9 8 10 9 10 11 9 10 10 9 9 12 11 9 11 9 9 11 8 9 9 10 11 10 10 8 11 9 12 11 9 10 11 12 11
9 10 8 11 8 9 9 10 9 9 11 9 10 10 12 11 10 10 11 9 9 8 12 11 9 8 9 8 9 8 9 11 9 9 9 8 11 8 12 9 9 10 9 11 11 10 9 11 9 11 11 8 10 9 10 9 9 11 9 12 9 10 9 9 10 12 11 10 12 11 11 11 9 11 9 11 10 9 10 9 8 9 11 10 10 8 8 8 12 9 11 9 9 11 9 11 9 11 9 10 8 10 9 10 11 10 9 9 9 11 11 9 11 9 9 10 11 9 8 10 10 9 12 11 9 10 10 9 10 11 9 12 10 12 10 8 11 8 9 8 10 11 8 10 9 9 8 10 10 9
9 11 8 10 9 10 11 10 10 9 11 10 9 9 11 11 8 11 10 8 9 9 9 9 10 10 12 10 10 11 8 9 9 9 9 9 10 10 12 11 10 9 12 8 9 11 11 8 9 9 9 10 12 10 9 10 11 8 9 10 9 11 11 12 10 9 11 11 10 9 9 11 11 9 11 10 9 9 11 8 10 12 10 11 8 12 8 12 12 11 9 11 8 10 10 12 10 9 12 10 9 11 8 11 10 10 12 8 9 11 9 10 10 12 10 11 11 8 8 10 11 11 10 10 10 12 12 11 11 9 11 9 12 10 10 11 12 10 9 10 8 11 11 9 12 11 8 12 10 8
11 8 9 10 10 12 9 10 9 10 10 10 10 8 9 10 11 10 9 8 12 9 11 10 9 10 8 9 10 9 9 8 12 8 10 10 8 9 11 11 11 8 9 8 9 11 10 11 10 11 10 9 10 9 10 12 10 10 8 12 10 9 11 8 11 11 11 9 10 11 10 11 9 9 11 9 11 11 11 8 9 11 12 12 10 10 12 12 9 9 8 11 9 9 12 10 10 8 12 11 10 12 10 11 10 11 12 9 11 9 9 12 9 10 8 10 10 8 9 9 11 9 12 8 8 10 12 11 12 11 8 9 12 9 12 9 11 9 9 10 9 11 9 12 9 9 9 10 9 11
11 11 10 8 10 9 9 10 11 12 10 9 9 9 10 9 11 8 11 11 8 10 11 10 12 12 12 8 9 11 12 10 10 9 11 10 11 9 9 11 10 12 10 9 11 8 10 12 11 10 9 9 9 11 10 11 10 8 10 11 11 10 9 9 9 10 9 9 9 12 11 11 12 11 9 11 9 9 12 11 11 9 10 11 9 10 12 12 10 10 10 11 10 10 11 10 12 11 12 12 12 10 10 9 10 11 11 11 11 9 9 10 10 12 8 9 10 9 9 11 11 12 11 10 10 9 11 10 8 10 10 11 11 10 11 12 11 9 11 12 11 8 10 11 11 11 8 9 10 12
9 11 10 12 11 12 12 8 9 11 10 11 10 11 11 10 10 10 9 8 11 12 9 10 10 10 10 8 8 8 9 9 10 8 9 10 8 8 10 11 9 8 8 11 12 9 12 11 8 8 9 9 8 9 11 8 12 9 9 9 12 8 9 11 11 10 8 9 9 8 8 11 9 9 11 11 11 9 10 8 12 10 11 11 11 9 11 11 9 10 11 10 10 9 11 8 12 10 8 11 11 11 9 11 12 9 9 8 9 11 10 12 10 12 9 9 12 9 9 12 10 10 8 10 10 10 9 10 10 9 11 10 9 11 11 10 12 8 11 10 11 8 10 9 10 9 9 8 12 11
9 10 11 9 8 10 9 12 9 10 11 10 9 8 9 12 8 11 8 11 11 9 10 10 10 12 9 8 10 8 8 10 9 9 9 9 11 10 10 10 8 9 9 12 9 9 12 12 8 10 9 9 10 9 10 11 9 10 9 8 8 10 8 11 11 8 11 10 10 11 10 8 9 9 11 9 9 11 9 9 10 8 10 10 12 8 11 10 11 10 10 10 10 10 11 9 10 8 11 10 11 12 10 11 10 11 12 9 10 9 11 10 9 10 11 12 9 10 8 9 10 11 9 9 10 12 11 10 10 10 8 10 12 9 10 9 11 11 11 8 9 10 12 11 8 9 10 11 9 12
9 9 9 11 9 11 11 10 8 8 10 10 11 8 11 8 8 9 10 8 9 11 8 8 11 10 9 10 11 10 9 11 10 11 10 10 8 12 10 12 9 8 10 8 11 9 9 11 11 8 11 11 9 11 9 10 10 12 10 12 10 10 10 11 11 12 9 9 11 12 9 11 12 10 12 8 10 9 8 9 12 12 10 9 11 9 9 11 9 10 8 8 8 9 11 10 12 9 9 10 11 9 11 9 8 11 10 11 11 9 9 9 9 11 9 8 11 12 11 11 9 10 10 11 8 10 11 9 11 11 11 11 9 11 10 10 9 10 10 10 10 9 9 12 12 9 11 10 9 12
9 11 9 9 8 9 10 9 9 9 11 12 9 10 9 11 10 10 9 10 11 9 8 10 11 11 11 11 12 10 11 10 12 9 9 12 9 11 9 8 9 8 11 10 11 10 8 10 9 10 10 11 8 11 10 12 10 9 12 10 10 9 10 10 12 9 12 10 12 9 8 10 12 12 9 9 11 8 9 8 10 10 11 11 9 10 8 11 10 9 9 9 9 10 11 9 9 8 9 10 10 10 12 9 9 10 12 8 11 11 9 9 11 12 8 9 11 10 9 9 9 8 11 9 8 9 9 8 10 10 11 9 10 10 11 11 9 8 11 11 12 9 11 12 11 11 11 12 11 12
9 11 10 10 10 12 11 11 8 10 10 11 10 8 10 12 9 8 11 9 10 8 9 11 10 9 12 9 10 8 8 9 10 8 9 12 11 10 9 10 10 11 9 12 8 8 8 11 11 9 9 11 12 11 11 8 12 9 10 11 11 10 8 11 10 10 10 10 8 8 10 10 9 11 9 12 10 8 9 8 11 9 8 11 9 12 9 10 9 9 11 10 9 8 9 8 10 12 8 11 11 11 11 11 8 11 11 11 9 9 11 10 12 11 9 10 11 11 10 11 10 9 9 10 12 9 11 10 10 8 11 11 11 11 9 10 11 11 11 11 12 8 12 11 11 12 12 9 10 10
9 10 9 10 12 8 11 9 9 10 9 9 11 11 9 10 9 10 10 11 9 9 9 12 9 11 10 9 9 9 11 10 10 10 12 9 9 8 10 12 11 12 10 11 11 10 10 10 11 10 11 11 10 10 12 10 9 8 11 11 10 11 12 9 9 9 10 10 12 9 8 10 11 9 9 9 9 9 10 8 10 10 9 12 10 10 8 9 10 9 11 9 9 8 10 12 9 11 11 11 9 9 12 12 11 11 9 10 9 8 9 8 8 11 10 11 10 10 9 8 9 9 11 12 11 12 9 11 10 10 10 9 8 10 11 12 10 11 8 11 10 11 8 12 12 8 8 10 10 11
9 11 11 8 11 10 9 9 10 12 12 9 8 10 8 9 9 11 11 10 9 8 10 12 10 9 9 8 11 9 12 8 9 9 8 8 10 11 9 11 12 9 8 10 10 11 10 9 12 10 11 10 10 9 11 11 11 9 8 11 9 9 11 9 10 10 8 12 11 11 9 9 9 9 12 8 11 10 11 9 10 12 12 10 9 10 11 12 9 9 11 10 9 10 11 10 11 10 12 9 12 10 9 12 10 12 12 12 12 9 11 9 9 10 9 8 12 10 9 11 9 11 10 10 9 11 11 11 10 8 10 12 10 9 12 10 11 9 10 8 10 10 10 8 10 10 12 12 9 8
9 11 10 11 10 11 8 11 11 9 9 8 11 8 11 12 9 10 10 8 8 9 10 11 10 11 10 10 9 11 8 12 8 11 9 9 10 10 11 11 10 11 10 10 11 11 10 11 10 11 10 9 10 8 11 10 10 9 10 9 11 11 11 8 11 10 11 10 9 11 12 9 12 12 10 11 10 11 9 11 9 10 9 11 10 10 10 11 11 10 10 10 11 8 10 10 12 9 11 11 10 11 9 10 11 11 12 9 9 10 12 10 11 9 12 10 11 9 12 10 10 11 9 11 12 11 12 9 9 9 9 11 11 10 11 12 10 10 11 9 9 9 9 9 12 11 9 11 10 9
9 11 11 12 10 11 12 9 11 9 11 11 11 10 9 9 11 11 9 10 10 11 8 11 12 9 12 12 9 11 10 11 9 8 8 12 10 11 10 10 8 8 9 8 12 11 11 12 12 10 10 12 12 9 10 11 12 8 11 12 11 10 11 10 10 11 9 9 10 8 10 9 11 9 8 10 10 9 10 10 9 11 9 9 9 11 8 11 8 11 9 9 8 11 10 8 10 11 9 10 10 11 11 8 9 8 12 11 9 9 9 10 12 10 8 10 11 11 11 10 8 10 8 12 11 10 10 11 10 12 11 12 10 10 11 11 9 8 10 8 11 8 11 12 11 10 8 9 9 10
10 11 11 9 10 10 10 12 10 11 12 10 12 12 11 10 12 9 8 9 9 10 10 10 10 9 10 12 12 8 10 10 8 12 9 10 10 10 8 11 11 11 11 12 11 10 9 8 10 12 10 11 9 11 12 12 9 11 9 9 12 10 8 11 10 11 11 10 9 11 10 11 11 9 10 12 9 8 9 11 11 10 9 10 10 11 8 9 10 9 12 11 11 8 8 12 10 9 9 12 11 11 10 11 12 10 10 11 9 12 10 11 11 12 8 11 10 8 8 11 8 9 10 11 9 8 11 10 10 10 11 10 8 11 11 11 8 9 8 10 11 11 9 12 10 11 11 10 11 12
10 10 9 12 10 11 11 12 8 11 10 11 8 10 11 10 11 12 8 10 11 8 12 11 9 10 10 10 9 8 12 12 12 10 9 8 11 9 8 11 11 10 10 10 11 12 9 8 9 12 9 12 10 10 11 9 10 11 11 9 11 11 12 10 11 10 11 9 8 11 11 11 11 12 10 9 9 11 10 8 9 11 10 10 11 9 9 10 12 12 10 12 8 8 8 9 9 12 11 10 10 11 9 10 9 10 10 11 8 8 8 10 12 9 10 8 11 10 10 10 10 9 9 8 12 10 11 11 12 12 9 9 11 11 8 8 11 12 9 9 10 12 10 10 11 10 10 12 9 10
10 8 10 12 10 9 11 10 12 10 12 11 9 9 10 9 9 9 8 10 10 11 10 8 9 8 10 10 10 11 8 11 11 9 11 8 12 8 8 11 11 10 11 11 10 12 12 12 8 8 9 8 8 11 9 9 9 11 9 10 12 8 9 9 9 9 11 9 10 11 11 10 9 11 12 9 9 9 11 11 12 12 11 9 9 10 9 12 9 10 11 9 12 9 12 11 9 9 10 12 9 8 10 12 8 9 11 11 11 10 11 12 11 9 12 12 10 8 11 10 12 9 10 11 12 12 11 9 10 9 10 10 9 8 11 9 9 12 11 10 9 12 8 11 12 11 11 11 8 10
10 8 12 10 12 9 9 10 11 9 11 11 11 10 12 9 11 8 10 10 9 11 10 11 11 12 10 10 10 11 11 9 10 10 12 12 9 8 11 12 10 9 9 12 10 9 10 10 10 11 9 11 10 12 9 10 11 11 12 9 10 10 9 10 8 10 9 9 11 9 11 10 11 10 11 11 11 12 9 11 9 12 11 10 9 9 10 11 10 11 9 9 11 10 11 9 12 10 9 11 11 11 11 10 11 11 12 10 12 10 9 9 11 10 8 8 10 8 8 10 8 10 9 10 12 11 11 11 10 9 9 8 8 11 10 12 10 9 12 9 11 11 12 11 9 10 10 10 11 11
10 9 10 9 9 10 11 8 9 9 9 12 9 12 12 10 10 11 12 11 10 9 8 9 9 11 12 9 10 10 8 11 9 10 10 8 10 9 10 10 9 9 9 9 9 9 8 9 10 10 10 10 12 8 10 9 12 11 10 12 12 11 9 10 11 11 8 12 8 10 11 11 12 8 9 8 11 11 12 10 10 8 11 9 11 11 11 11 9 8 11 8 12 12 11 9 11 9 8 10 12 8 11 9 8 9 10 11 12 10 11 11 10 11 10 12 11 11 9 10 10 9 9 8 10 9 9 10 8 11 9 10 10 10 9 9 10 10 11 9 8 10 8 10 10 11 9 10 10 9
9 9 11 9 11 8 10 11 10 12 10 10 9 10 11 10 11 11 11 8 9 8 9 9 8 8 11 11 11 10 11 11 11 11 12 9 10 10 8 9 10 12 10 11 8 8 9 10 8 10 10 10 9 9 9 12 10 9 12 11 9 8 9 10 11 12 10 10 12 12 11 9 11 11 10 11 11 11 11 12 9 11 12 11 11 11 11 8 10 11 8 11 11 9 11 9 9 8 9 11 12 11 9 11 8 12 8 11 11 10 10 8 11 8 10 9 11 9 11 9 11 10 12 10 8 8 11 12 10 9 11 10 9 10 9 10 11 11 10 10 10 8 11 9 10 12 9 10 8 8
9 10 8 10 10 10 11 11 10 10 10 9 9 9 11 10 8 11 9 8 11 8 11 11 11 10 9 10 9 8 10 8 10 9 10 10 9 12 10 10 9 10 11 9 10 9 10 10 12 11 11 10 11 10 9 10 10 8 10 11 9 8 11 11 12 9 8 10 9 9 11 9 10 12 9 8 11 9 8 11 9 9 12 9 11 11 10 12 9 11 11 8 11 9 10 9 9 11 8 9 11 8 11 12 9 9 9 10 8 11 9 9 10 10 10 11 12 10 11 12 9 11 12 9 10 11 9 10 11 9 11 12 11 10 12 11 10 8 8 12 8 10 9 9 10 8 9 11 9 11
11 9 11 11 10 10 9 10 11 11 9 8 11 9 11 12 9 8 11 9 11 12 11 10 9 9 11 9 10 11 9 11 9 8 8 10 12 12 10 9 9 9 11 10 12 10 9 8 11 10 9 11 9 12 10 11 10 11 9 11 11 9 11 10 8 10 12 10 11 8 9 8 9 10 11 9 9 9 8 8 11 11 9 11 8 10 9 8 9 10 8 12 9 9 10 10 9 11 9 9 9 9 9 9 9 11 11 10 12 9 10 10 10 8 8 9 9 10 8 9 10 11 11 11 11 8 12 10 11 10 11 11 8 11 11 9 11 10 11 10 9 10 10 12 11 9 11 9 11 9
9 10 10 10 11 9 11 9 10 10 9 9 10 9 11 10 8 8 9 10 11 11 10 11 8 9 8 9 8 11 12 9 10 11 10 12 11 9 12 9 10 9 12 9 10 11 12 8 11 8 12 10 8 9 12 12 11 11 10 8 10 10 9 10 10 8 10 9 8 11 10 9 11 9 11 10 11 10 10 10 11 8 9 11 12 8 9 8 12 10 10 11 12 9 11 10 10 8 8 11 11 12 10 9 10 11 9 11 10 11 9 11 9 9 11 12 12 9 11 8 8 9 10 9 8 11 9 12 12 10 10 9 10 9 11 10 12 11 9 10 10 10 11 11 11 12 11 9 10 10
9 11 10 10 11 8 8 10 11 9 10 12 10 9 11 12 8 12 9 12 9 9 11 11 8 11 11 9 12 10 9 10 9 9 10 11 12 10 11 12 9 9 11 12 10 9 11 10 9 11 10 8 8 11 9 10 9 10 10 12 10 9 9 11 10 9 12 10 10 12 9 10 11 9 11 9 11 9 10 9 8 9 9 12 9 11 10 11 9 11 9 9 8 8 9 8 10 12 10 11 10 10 12 9 12 11 12 10 8 10 8 9 11 9 9 11 8 10 11 10 11 8 10 10 9 8 11 10 10 12 12 11 9 12 11 11 9 11 8 11 10 9 9 9 10 12 10 9 10 9
9 10 10 11 11 12 9 12 11 11 12 10 9 8 9 8 12 12 8 10 11 11 11 10 12 9 9 8 10 10 11 12 10 11 12 11 11 10 9 10 10 11 10 8 11 11 11 10 9 11 8 8 9 8 9 10 11 8 11 10 11 9 11 12 11 11 8 10 9 9 9 10 8 9 10 8 8 11 11 8 9 9 9 11 11 11 10 8 8 10 12 9 12 11 10 11 11 10 10 9 10 11 10 10 10 9 8 12 9 12 10 11 10 8 10 10 10 9 11 10 9 10 12 10 11 10 10 11 12 11 10 11 8 11 9 12 8 8 11 10 9 10 8 12 9 10 11 12 9 12
9 8 11 9 9 11 8 11 8 10 12 8 10 8 10 9 10 9 10 11 10 10 9 11 10 12 12 10 9 9 8 11 10 10 8 8 8 10 11 11 9 8 9 9 10 11 9 9 10 11 12 10 11 11 11 11 11 11 8 12 8 10 12 8 10 8 9 10 10 11 11 8 12 9 9 10 9 11 10 11 10 10 9 10 8 10 9 9 9 9 10 11 9 12 12 11 11 11 11 11 10 11 10 12 11 10 10 10 8 8 12 8 10 12 9 11 12 8 8 11 10 9 12 11 11 8 11 12 9 8 11 11 9 11 10 9 10 11 11 9 12 10 10 8 9 9 10 9 11 11
9 12 10 12 9 10 10 10 10 8 10 9 11 11 11 11 8 11 8 9 8 12 9 12 9 12 10 10 9 10 9 12 10 11 11 10 10 9 10 9 11 12 11 11 11 9 10 9 9 9 11 10 10 11 8 8 9 10 8 10 11 12 10 11 11 8 10 11 9 10 10 11 10 11 11 9 10 11 11 11 12 11 8 11 10 10 11 10 10 9 9 10 10 8 9 9 11 8 11 12 11 9 8 8 10 8 11 11 9 11 11 9 10 10 8 9 9 10 8 8 11 12 11 12 10 8 10 11 8 10 9 11 9 11 11 10 10 9 11 11 8 11 11 10 10 9 8 10 11 11
8 10 8 10 10 9 10 9 9 8 12 9 9 11 12 11 9 8 11 10 10 9 9 9 11 11 8 11 9 9 10 10 10 9 11 11 10 9 11 8 8 10 9 9 11 10 10 11 11 9 11 10 11 9 11 8 11 9 9 9 12 10 8 12 9 8 12 12 9 8 12 9 9 9 9 8 9 9 11 11 10 12 10 11 10 9 9 12 8 9 10 11 12 11 10 9 12 11 12 9 10 12 11 11 12 11 10 8 9 10 12 12 9 11 12 12 10 11 10 9 11 8 12 12 10 9 11 9 11 9 12 9 9 9 12 10 12 8 10 9 11 8 12 11 10 8 10 12 8 12
10 10 9 11 10 9 9 10 11 11 9 10 11 9 10 9 10 9 9 9 9 11 12 9 12 9 9 11 9 8 11 11 12 11 11 10 10 10 8 10 8 9 12 10 12 12 11 10 8 9 10 10 10 8 9 9 9 11 10 12 9 10 12 11 10 12 11 11 10 12 12 12 11 11 11 10 11 10 11 10 9 10 9 12 10 10 8 11 9 10 11 9 12 9 9 11 10 9 11 9 10 9 8 12 12 11 9 9 11 9 12 12 8 12 10 10 10 12 11 8 8 11 9 10 11 10 9 10 9 11 9 12 10 10 12 10 9 9 10 8 11 11 8 10 8 12 11 11 10 11
10 10 10 10 12 11 10 10 10 9 10 10 10 9 9 8 8 9 11 11 11 11 9 10 10 9 10 11 11 10 12 9 9 12 11 10 11 8 10 8 12 11 8 8 10 9 12 10 11 12 11 11 8 11 8 11 10 8 10 9 10 10 10 10 11 11 10 9 10 10 9 9 8 10 10 11 10 12 12 10 11 10 12 11 12 11 10 9 10 10 9 8 9 8 9 9 10 10 12 11 10 9 9 11 11 11 11 8 9 11 11 11 10 11 9 11 8 11 10 10 9 11 11 9 9 11 10 9 8 12 9 9 8 12 10 11 10 12 11 11 10 9 9 11 12 11 10 10 10 11
11 10 12 11 10 9 10 11 10 10 11 11 10 12 10 10 9 11 9 9 12 9 12 11 8 11 9 8 11 9 11 10 11 11 11 10 10 9 9 11 11 11 9 9 9 9 10 12 10 11 8 9 9 9 8 10 9 8 8 10 9 12 12 11 9 11 10 8 10 10 9 10 8 10 11 11 12 12 11 11 9 10 10 11 9 9 8 8 11 9 12 8 9 10 9 8 8 11 9 11 10 11 10 9 9 9 9 9 11 10 11 12 11 11 11 10 9 10 12 8 11 8 11 9 11 9 12 11 9 10 10 9 10 11 10 11 11 11 9 9 9 10 9 10 11 10 9 9 9 10
11 10 9 10 12 10 10 9 9 11 11 12 11 12 10 11 11 11 8 10 9 11 8 12 8 9 10 8 10 9 10 12 8 9 11 11 11 12 9 11 10 9 9 9 11 8 11 9 9 10 10 10 10 11 11 9 10 11 8 10 10 11 9 11 9 12 11 11 9 11 9 10 9 11 8 8 10 8 12 11 11 11 12 11 12 12 10 9 9 8 12 9 12 9 10 10 8 11 12 10 11 9 9 9 10 9 9 9 10 9 11 11 10 9 10 11 9 12 10 10 8 12 10 8 11 11 12 11 8 11 8 9 10 11 10 12 10 8 9 11 9 10 9 11 12 9 11 9 8 8
10 11 11 11 10 10 10 11 10 9 12 9 11 9 10 11 10 8 12 10 11 8 9 12 12 9 9 9 9 11 8 9 8 11 11 9 9 12 8 9 12 10 11 11 11 9 11 9 12 11 9 11 8 10 11 10 9 10 11 10 12 8 10 9 10 12 8 8 10 10 10 10 12 12 9 12 11 11 10 11 11 10 10 8 12 11 11 9 11 8 8 11 9 8 10 12 11 9 11 9 8 11 11 9 9 9 8 12 11 10 12 10 10 9 9 8 11 9 10 11 10 11 9 12 11 9 9 11 12 9 12 11 12 11 10 11 10 11 10 12 11 12 8 12 9 11 10 12 10 8
11 11 9 11 10 10 8 9 10 9 11 11 11 11 9 10 11 11 11 10 8 9 11 12 10 8 12 10 11 9 9 8 9 12 10 9 11 8 11 9 9 10 10 9 10 12 12 12 11 9 9 10 8 11 11 11 12 10 10 11 10 11 11 10 9 10 10 11 12 10 11 12 9 8 11 10 12 9 11 11 12 9 8 11 9 9 12 11 11 10 8 11 11 11 12 10 8 10 11 10 9 11 10 11 9 10 9 10 11 12 11 12 11 10 11 12 9 10 11 12 11 9 10 10 11 9 11 10 12 11 8 10 11 8 9 9 10 9 9 10 10 9 8 9 11 10 9 10 10 9
9 8 9 8 9 10 10 9 11 8 9 9 10 12 12 8 9 9 10 11 11 8 10 10 10 10 12 12 12 9 12 9 9 10 11 12 11 11 11 10 10 9 9 11 12 12 10 10 10 11 12 12 10 9 8 10 11 11 9 12 8 12 11 11 11 11 8 11 12 11 8 9 8 9 10 11 11 11 12 9 11 10 12 8 10 9 9 9 8 11 9 9 11 9 12 11 9 10 11 10 10 9 9 10 10 9 9 12 11 12 8 9 12 8 10 11 12 12 9 12 9 11 9 9 10 12 10 10 8 8 12 12 9 8 10 8 10 12 8 10 11 10 8 10 9 8 9 10 8 8
11 9 10 8 10 9 9 12 11 9 9 8 9 8 11 11 8 12 9 10 9 11 11 12 10 10 9 12 9 11 8 10 11 8 10 10 8 9 8 9 8 11 11 11 11 10 11 11 10 11 11 9 11 12 9 11 10 10 8 8 9 11 9 8 10 8 9 10 10 11 10 9 10 8 8 11 12 11 10 11 9 10 8 10 8 9 10 12 11 12 9 12 11 8 11 12 8 11 12 9 9 9 11 10 11 8 11 11 10 11 10 9 10 9 9 10 11 12 11 10 12 11 9 10 11 11 10 9 10 10 11 9 11 10 10 11 9 10 10 12 11 11 12 10 11 10 9 9 8 9
9 12 8 10 10 12 11 8 10 9 10 9 9 11 9 9 10 8 9 10 9 8 10 10 11 11 10 8 10 10 9 10 12 9 12 12 12 10 12 8 10 10 8 11 11 9 11 9 9 10 8 10 9 11 11 9 9 10 9 10 9 9 11 9 10 11 9 10 11 10 11 11 12 8 10 9 11 10 10 9 9 10 11 11 12 11 9 11 8 10 10 12 12 10 9 9 10 8 9 10 10 12 10 9 8 11 12 11 10 9 9 9 8 10 11 11 12 11 8 9 10 11 11 9 10 11 11 11 8 10 9 11 9 11 8 10 10 11 10 9 9 8 10 9 8 12 11 9 9 10
12 10 12 8 9 9 9 10 8 9 9 12 8 11 9 11 9 10 12 10 12 9 11 10 11 9 8 10 9 9 8 9 12 10 12 11 9 11 9 9 8 11 8 11 10 11 8 11 8 11 8 12 11 11 9 9 12 9 12 10 10 12 10 9 11 10 8 10 12 10 8 10 12 11 11 11 9 12 9 10 11 8 12 9 11 12 12 8 10 10 12 12 9 8 9 11 10 12 9 11 8 9 9 12 10 10 10 11 9 12 9 9 11 8 9 8 12 9 12 9 8 10 11 9 10 10 8 11 9 11 10 11 11 11 11 11 11 10 8 12 12 9 9 9 11 10 10 10 12 11
12 8 9 9 9 11 10 10 8 11 11 11 10 11 11 9 10 11 12 9 11 11 11 10 9 9 9 9 11 11 10 8 11 8 8 9 10 9 11 11 9 11 8 11 11 9 8 9 10 8 11 9 10 8 10 10 8 9 12 10 9 10 9 11 10 10 12 12 11 8 10 9 10 8 10 9 9 8 8 9 11 11 12 12 11 12 9 9 12 9 9 8 11 11 11 11 12 8 9 10 10 11 11 11 9 8 11 11 9 10 8 9 8 10 10 12 11 9 8 8 10 10 11 12 11 10 10 10 10 11 10 11 12 9 9 11 10 11 10 10 12 11 10 12 12 9 8 11 11 9
10 11 9 10 9 10 10 9 9 11 10 10 11 8 11 9 10 8 10 9 11 11 11 9 11 10 11 9 11 9 8 10 9 12 10 10 10 8 9 9 11 9 8 10 9 10 8 8 11 9 9 10 11 12 10 11 11 8 9 9 8 8 9 9 12 12 9 9 11 8 8 12 9 10 10 8 10 11 8 11 10 10 11 8 11 10 9 10 11 11 10 11 10 9 12 11 11 9 10 9 12 9 11 10 8 8 10 9 12 11 9 8 11 10 9 11 9 11 8 9 8 10 11 9 11 11 9 9 9 9 11 10 9 11 10 10 11 10 11 12 11 9 8 11 10 8 11 11 9 11
10 10 11 10 9 11 9 9 10 11 11 11 11 11 12 9 8 10 11 10 8 10 11 10 9 9 12 11 12 12 11 12 11 11 11 11 9 9 11 11 9 10 12 11 11 11 11 9 8 11 12 10 9 10 10 9 9 9 9 12 11 8 11 9 11 10 11 10 9 8 11 12 8 11 11 10 11 9 10 11 10 11 11 8 9 11 10 10 9 9 8 8 11 11 8 11 9 11 9 8 12 9 11 9 10 11 8 12 11 11 9 9 8 11 12 9 10 8 8 10 12 8 9 9 10 10 8 11 10 9 8 8 9 10 11 10 8 9 12 9 8 10 8 10 10 12 12 9 9 10
10 8 11 9 12 8 12 9 10 12 9 11 11 12 8 12 9 11 11 11 9 8 12 12 9 11 11 11 9 10 8 8 11 10 10 10 10 9 8 10 9 9 12 9 10 10 10 10 8 10 11 12 11 9 10 8 10 10 10 10 8 11 11 11 10 9 9 11 11 11 10 11 10 12 9 11 8 10 8 12 9 11 10 8 11 9 9 10 11 12 10 8 9 9 11 11 10 11 9 11 9 9 10 10 11 11 10 9 10 8 11 9 10 9 9 9 10 11 10 11 10 12 9 10 11 12 12 12 10 9 12 11 12 9 12 10 11 12 9 11 10 10 10 11 12 9 11 11 10 10
11 10 8 12 8 9 9 12 11 11 10 10 9 8 10 9 10 9 8 10 9 10 10 9 12 8 9 9 8 10 9 12 11 12 8 12 10 9 8 9 8 11 12 11 9 11 12 9 12 12 10 11 9 8 10 11 9 8 9 9 12 11 8 8 10 11 8 8 11 12 10 10 8 8 8 11 10 9 10 12 9 9 11 8 9 11 9 9 9 10 10 11 11 11 10 11 12 12 9 11 11 8 9 11 11 9 10 11 9 9 12 9 10 9 10 9 9 8 8 11 10 9 11 8 10 10 9 11 9 10 10 12 10 11 9 9 11 12 11 8 12 9 8 10 11 11 10 12 11 11
10 11 11 11 9 8 10 8 10 12 9 11 11 10 8 10 8 9 10 9 8 11 9 10 11 10 12 8 12 12 11 8 8 11 9 10 10 12 10 10 10 11 12 12 11 11 9 12 11 10 8 8 11 10 12 8 11 9 9 11 10 11 8 9 10 9 10 11 11 10 11 8 11 10 9 11 12 11 11 12 11 12 11 10 9 12 9 10 8 8 11 9 11 10 9 12 10 8 10 9 9 11 9 9 10 10 11 9 11 11 10 11 9 9 10 10 8 9 11 10 8 10 12 10 10 11 11 9 11 10 9 11 12 8 11 11 10 11 11 8 8 8 9 10 11 11 9 8 11 10
11 9 8 10 11 10 8 9 10 8 10 10 8 10 9 12 9 11 11 10 12 12 8 10 12 11 11 8 8 11 10 10 10 10 11 10 11 11 12 9 11 11 9 12 11 12 10 9 12 8 11 9 10 9 9 11 9 11 11 9 11 12 11 11 10 12 10 11 9 10 8 10 8 9 8 11 10 9 12 10 11 8 8 9 10 8 11 11 11 9 8 10 11 9 12 8 9 8 12 9 11 12 11 10 9 11 9 11 8 8 10 11 9 8 8 11 9 9 11 11 10 11 11 8 12 11 10 12 9 10 9 9 12 9 8 9 9 8 10 12 10 10 8 11 11 11 11 9 11 10
8 8 8 10 9 8 12 11 10 11 10 11 9 12 11 9 12 10 11 8 8 10 8 8 9 9 12 9 11 9 11 12 9 9 12 9 9 10 8 9 11 8 8 10 11 10 11 11 10 11 9 10 10 9 10 11 11 10 12 8 8 10 9 9 11 9 10 10 10 12 8 11 9 11 10 9 10 10 11 10 9 8 10 12 11 8 11 9 11 10 9 10 8 10 12 10 11 12 9 9 12 10 10 11 11 11 9 11 11 10 10 11 10 8 9 9 8 8 9 10 9 11 9 11 9 8 10 9 8 10 12 12 10 12 10 11 9 11 10 8 9 11 10 9 10 11 8 12 8 11
9 9 10 11 9 8 9 9 10 9 12 9 8 10 9 9 9 12 11 11 11 8 12 9 9 9 11 8 12 8 9 10 8 10 10 10 10 10 8 8 12 9 9 11 9 11 8 9 10 9 9 8 10 9 11 9 12 10 11 11 8 8 10 9 11 8 10 8 9 12 10 11 10 10 12 12 9 11 12 10 9 11 10 8 11 12 9 10 9 10 8 12 9 9 10 9 11 9 9 10 8 10 10 10 8 12 10 9 11 9 11 9 9 12 8 10 10 10 12 9 10 10 8 8 11 10 10 11 8 12 11 8 11 11 10 10 11 10 10 11 11 12 10 9 9 8 11 12 10 11
9 10 12 9 11 9 10 11 12 11 11 9 10 11 10 10 11 9 10 10 9 10 10 8 10 9 10 9 9 10 11 9 11 9 9 8 11 10 8 12 11 11 10 8 9 12 10 12 10 9 11 11 10 11 12 12 9 10 9 10 11 10 10 11 11 12 9 10 10 9 11 11 11 9 11 10 12 11 11 11 10 10 10 10 9 12 9 10 12 9 11 9 11 9 9 8 11 12 10 9 12 10 11 8 11 8 12 9 10 10 11 11 10 9 9 10 11 12 10 9 9 12 8 11 12 10 10 11 11 12 10 12 12 11 11 9 10 12 11 11 11 10 11 9 8 11 11 10 8 11
9 11 8 11 10 12 9 11 10 9 9 10 10 10 9 11 9 9 10 9 9 12 11 10 11 12 10 9 9 12 11 9 11 10 10 10 10 10 9 9 11 9 12 10 11 10 10 10 9 8 10 9 8 11 11 11 8 12 9 9 10 10 10 9 11 9 9 10 12 9 9 11 11 12 8 9 10 10 9 8 11 12 12 9 10 9 10 10 8 10 9 11 12 10 11 9 11 12 11 10 11 8 8 10 12 12 10 10 12 11 11 10 11 8 11 11 10 9 11 11 11 8 10 12 10 10 9 11 11 8 12 9 10 12 9 9 12 8 12 11 9 10 8 12 11 11 11 10 10 11
11 11 11 10 11 9 10 10 12 9 12 11 11 9 11 12 10 11 9 8 10 9 9 11 9 9 11 12 8 11 9 8 10 9 12 9 12 8 11 9 10 10 11 10 11 9 10 9 10 9 10 10 12 9 9 11 9 11 10 9 8 11 11 10 10 10 9 10 12 11 10 8 11 10 9 11 9 9 10 10 11 9 10 11 12 9 9 12 11 11 11 9 12 10 8 10 10 9 8 9 11 10 12 12 11 12 11 9 10 11 8 10 11 11 10 9 9 11 10 10 10 10 9 9 10 10 9 9 10 8 10 8 8 10 11 11 8 12 10 8 9 9 11 8 8 12 9 9 9 12
8 10 10 11 8 11 11 10 9 11 10 11 10 9 11 9 10 11 11 10 8 9 11 11 10 9 10 12 8 12 11 9 10 8 12 10 11 12 10 10 10 11 9 11 9 9 10 11 11 11 12 9 9 10 9 8 9 12 9 12 11 12 9 12 10 8 9 11 12 8 11 9 12 10 10 9 9 8 12 11 10 9 10 10 10 9 10 9 9 11 10 8 8 11 8 10 9 10 10 10 8 12 9 10 9 10 11 9 8 9 8 10 9 12 9 8 10 11 8 10 11 12 11 9 10 9 9 10 11 8 12 10 10 10 8 10 8 10 11 8 10 9 10 12 9 11 11 10 9 12
12 10 10 9 10 11 10 9 11 10 10 8 10 9 11 10 8 9 10 8 10 11 11 11 10 11 11 10 11 9 11 11 10 8 8 9 9 9 11 10 12 11 10 12 11 11 9 9 9 11 11 8 11 9 8 12 9 8 10 10 9 10 11 11 12 9 12 12 10 9 9 10 9 9 10 8 11 10 11 8 9 9 9 11 10 11 10 9 11 12 10 10 8 10 9 11 11 9 8 11 11 9 12 8 9 9 11 11 10 10 10 10 9 8 11 10 11 9 11 11 9 10 9 9 12 10 10 11 9 11 10 10 12 9 11 10 8 11 10 11 10 12 11 10 11 8 9 10 9 9
9 8 11 9 11 8 9 10 9 10 11 10 9 8 11 11 9 10 10 12 8 12 11 11 10 9 11 11 11 11 12 9 10 9 10 11 9 9 10 8 10 10 12 9 10 10 11 11 10 11 9 11 10 12 10 8 12 9 9 9 11 10 10 10 12 11 12 9 9 9 10 10 12 8 11 9 9 11 10 8 11 10 10 9 11 8 11 9 9 10 8 8 10 8 9 9 11 10 10 8 12 11 11 8 9 11 9 8 10 9 8 8 8 12 10 8 10 12 8 11 11 10 10 9 9 12 10 10 10 11 8 10 11 8 11 9 9 10 9 8 9 10 11 8 8 11 10 9 9 9
10 12 12 9 10 9 9 11 10 10 10 12 11 10 9 10 10 10 11 10 10 10 11 10 11 11 11 11 11 10 11 12 10 9 9 9 9 11 9 8 12 10 10 10 10 10 10 11 10 9 10 12 9 12 9 10 12 10 9 11 11 11 8 8 10 11 11 9 12 8 12 12 9 9 10 11 11 11 11 10 9 11 11 8 10 11 10 9 9 10 10 10 9 8 10 11 12 9 8 10 10 11 11 8 10 9 9 8 9 10 10 12 8 10 8 9 9 10 11 9 11 9 11 11 11 10 8 10 11 9 9 10 10 12 8 9 10 11 10 8 8 8 9 8 11 8 9 9 11 8
8 11 12 9 11 9 11 10 12 10 10 10 9 8 11 9 9 9 8 8 10 8 11 10 10 10 9 8 9 11 9 8 9 10 8 10 10 8 9 12 9 8 12 10 9 10 10 10 9 11 8 9 9 9 9 9 10 10 9 11 11 11 11 8 10 10 10 9 8 11 11 10 10 9 8 10 9 9 9 11 11 9 12 11 11 10 9 12 9 11 9 12 12 9 11 11 10 10 12 12 8 12 8 9 8 11 8 8 9 9 10 12 10 8 8 8 8 11 12 11 10 9 11 10 10 12 9 8 10 10 10 11 11 11 10 8 9 12 11 9 10 10 8 11 10 10 9 9 9 8
11 12 8 12 9 12 10 10 11 8 10 10 10 8 10 11 9 11 10 9 11 9 10 12 8 10 8 10 11 11 11 9 8 11 10 9 12 11 10 10 11 10 9 9 11 9 11 8 8 8 8 11 11 8 11 10 8 10 10 10 9 8 8 9 11 10 9 12 9 11 8 10 9 10 11 8 11 8 12 10 9 10 10 9 10 9 10 10 10 10 10 10 8 8 9 8 10 9 10 10 10 10 12 9 9 9 11 10 11 12 9 10 9 10 10 12 12 9 11 12 10 11 9 10 11 9 9 11 10 10 9 9 9 8 10 11 11 9 10 11 9 9 11 8 11 9 8 9 9 9
10 8 9 11 9 10 11 9 10 9 11 10 12 8 9 10 11 10 11 9 10 10 11 10 11 11 9 11 11 11 9 12 9 10 9 8 11 11 10 9 8 10 11 8 10 12 9 9 10 10 11 10 9 9 9 8 8 11 11 11 12 11 9 9 11 11 11 9 8 10 11 9 9 8 11 10 8 9 10 10 11 9 11 9 11 11 9 9 11 10 11 11 10 11 12 9 10 11 8 11 8 9 11 10 9 10 11 9 11 11 12 10 11 10 8 11 10 12 9 9 10 9 11 9 9 10 12 11 9 9 9 10 9 12 10 9 11 11 11 8 12 10 10 12 12 9 10 9 10 10
9 10 12 12 11 10 8 8 12 11 8 11 8 9 10 12 10 11 11 12 12 10 12 12 9 9 11 9 12 10 8 10 12 12 11 11 11 11 8 10 9 12 11 11 8 11 9 12 11 11 8 9 9 11 9 9 12 11 9 11 10 8 10 9 10 12 11 12 10 11 10 12 8 10 12 9 10 11 11 10 10 11 9 11 12 11 11 9 8 10 12 10 10 11 8 9 10 9 9 9 10 9 11 10 9 12 12 11 9 11 10 8 11 8 10 10 10 8 9 8 12 11 9 12 10 8 12 10 11 9 12 11 11 10 10 10 12 9 9 11 10 12 12 11 8 11 10 10 9 11
8 11 12 10 9 9 12 11 10 12 9 11 10 11 12 9 9 10 10 10 9 9 11 10 10 12 9 10 11 10 11 11 12 9 11 11 8 10 10 12 12 11 9 8 11 11 11 9 8 10 10 10 8 10 11 10 9 10 9 10 12 8 9 11 11 9 9 9 10 9 11 8 11 10 10 12 11 10 9 8 9 11 10 8 10 9 8 12 9 8 11 10 11 11 9 10 9 10 10 9 9 10 10 8 9 9 10 11 10 8 11 9 11 9 8 8 8 8 8 9 11 11 8 8 10 8 11 8 8 11 10 11 8 9 11 11 9 10 10 11 12 10 11 9 10 12 10 9 8 10