50
8 615 632
14 168 188
11 591 608
7 635 648
21 165 196
13 159 178
24 231 263
5 41 52
20 330 359
7 278 292
23 471 501
12 658 679
21 4 31
14 61 84
20 529 556
8 367 381
24 395 426
12 590 608
9 196 213
14 445 466
12 589 612
13 268 296
23 380 409
9 191 209
20 421 447
8 554 570
7 65 78
12 190 208
22 332 362
22 262 290
20 45 74
12 569 591
21 241 269
17 4 32
10 433 458
15 478 499
14 255 276
22 317 351
18 125 149
8 27 43
19 643 672
20 7 35
9 668 684
8 549 563
16 374 398
6 478 491
10 206 223
8 468 483
5 533 548
18 425 450
0 2 2 1 3 2 3 1 3 1 3 2 3 2 3 2 3 2 2 2 2 2 3 2 3 2 1 2 3 3 3 2 3 2 2 2 2 3 3 2 3 3 2 2 2 1 2 2 1 3
2 0 3 2 4 3 4 2 4 2 4 3 4 3 4 2 4 3 2 3 3 3 4 2 4 2 2 3 4 4 4 3 4 3 2 3 3 4 3 2 4 4 2 2 3 2 2 2 2 3
2 3 0 2 3 2 4 1 3 2 3 2 3 3 3 2 4 2 2 3 2 2 3 2 3 2 2 2 3 3 3 2 3 3 2 3 3 3 3 2 3 3 2 2 3 2 2 2 1 3
1 2 2 0 3 2 3 1 2 1 3 2 3 2 2 1 3 2 1 2 2 2 3 1 2 1 1 2 3 3 2 2 3 2 2 2 2 3 2 1 2 2 1 1 2 1 2 1 1 2
3 4 3 3 0 4 5 2 5 3 5 3 5 4 5 3 5 3 3 4 3 4 5 3 5 3 3 3 5 5 5 3 5 4 3 4 4 5 4 3 4 5 3 3 4 2 3 3 2 4
2 3 2 2 4 0 4 2 4 2 4 3 4 3 4 2 4 3 2 3 3 3 4 2 4 2 2 3 4 4 4 3 4 3 2 3 3 4 3 2 3 4 2 2 3 2 2 2 2 3
3 4 4 3 5 4 0 2 5 3 5 4 5 4 5 3 6 4 3 4 4 4 5 3 5 3 3 4 5 5 5 4 5 5 3 4 4 5 5 3 5 5 3 3 4 3 3 3 2 5
1 2 1 1 2 2 2 0 2 1 2 1 2 2 2 1 2 1 1 2 1 2 2 1 2 1 1 1 2 2 2 1 2 2 1 2 2 2 2 1 2 2 1 1 2 1 1 1 1 2
3 4 3 2 5 4 5 2 0 2 5 3 5 4 5 3 5 3 3 4 3 4 5 3 5 3 2 3 5 5 5 3 5 4 3 4 4 5 4 3 4 5 3 3 4 2 3 3 2 4
1 2 2 1 3 2 3 1 2 0 3 2 3 2 2 1 3 2 1 2 2 2 3 1 2 1 1 2 3 3 2 2 3 2 2 2 2 3 2 1 2 2 1 1 2 1 2 1 1 2
3 4 3 3 5 4 5 2 5 3 0 4 5 4 5 3 5 4 3 4 4 4 5 3 5 3 3 4 5 5 5 4 5 4 3 4 4 5 5 3 5 5 3 3 4 2 3 3 2 5
2 3 2 2 3 3 4 1 3 2 4 0 3 3 3 2 4 3 2 3 3 3 4 2 3 2 2 3 4 4 3 3 3 3 2 3 3 4 3 2 3 3 2 2 3 2 2 2 1 3
3 4 3 3 5 4 5 2 5 3 5 3 0 4 5 3 5 3 3 4 3 4 5 3 5 3 3 3 5 5 5 3 5 4 3 4 4 5 4 3 4 5 3 3 4 2 3 3 2 4
2 3 3 2 4 3 4 2 4 2 4 3 4 0 4 2 4 3 2 3 3 3 4 2 4 2 2 3 4 4 4 3 4 3 2 3 3 4 3 2 4 4 2 2 3 2 2 2 2 3
3 4 3 2 5 4 5 2 5 2 5 3 5 4 0 3 5 3 3 4 3 4 5 3 5 3 2 3 5 5 5 3 5 4 3 4 4 5 4 3 4 5 3 3 4 2 3 3 2 4
2 2 2 1 3 2 3 1 3 1 3 2 3 2 3 0 3 2 2 2 2 2 3 2 3 2 1 2 3 3 3 2 3 2 2 2 2 3 3 2 3 3 2 2 2 1 2 2 1 3
3 4 4 3 5 4 6 2 5 3 5 4 5 4 5 3 0 4 3 4 4 4 5 3 5 3 3 4 5 5 5 4 5 5 3 4 4 5 5 3 5 5 3 3 4 3 3 3 2 5
2 3 2 2 3 3 4 1 3 2 4 3 3 3 3 2 4 0 2 3 3 3 4 2 3 2 2 3 4 4 3 3 3 3 2 3 3 4 3 2 3 3 2 2 3 2 2 2 1 3
2 2 2 1 3 2 3 1 3 1 3 2 3 2 3 2 3 2 0 2 2 2 3 2 3 2 1 2 3 3 3 2 3 3 2 2 2 3 3 2 3 3 2 2 3 1 2 2 1 3
2 3 3 2 4 3 4 2 4 2 4 3 4 3 4 2 4 3 2 0 3 3 4 2 4 2 2 3 4 4 4 3 4 3 2 3 3 4 3 2 4 4 2 2 3 2 2 2 2 3
2 3 2 2 3 3 4 1 3 2 4 3 3 3 3 2 4 3 2 3 0 3 4 2 3 2 2 3 4 4 3 3 3 3 2 3 3 4 3 2 3 3 2 2 3 2 2 2 1 3
2 3 2 2 4 3 4 2 4 2 4 3 4 3 4 2 4 3 2 3 3 0 4 2 4 2 2 3 4 4 4 3 4 3 2 3 3 4 3 2 3 4 2 2 3 2 2 2 2 3
3 4 3 3 5 4 5 2 5 3 5 4 5 4 5 3 5 4 3 4 4 4 0 3 5 3 3 4 5 5 5 4 5 4 3 4 4 5 5 3 5 5 3 3 4 2 3 3 2 5
2 2 2 1 3 2 3 1 3 1 3 2 3 2 3 2 3 2 2 2 2 2 3 0 3 2 1 2 3 3 3 2 3 3 2 2 2 3 3 2 3 3 2 2 3 1 2 2 1 3
3 4 3 2 5 4 5 2 5 2 5 3 5 4 5 3 5 3 3 4 3 4 5 3 0 3 2 3 5 5 5 3 5 4 3 4 4 5 4 3 4 5 3 3 4 2 3 3 2 4
2 2 2 1 3 2 3 1 3 1 3 2 3 2 3 2 3 2 2 2 2 2 3 2 3 0 1 2 3 3 3 2 3 2 2 2 2 3 3 2 3 3 2 2 2 1 2 2 1 3
1 2 2 1 3 2 3 1 2 1 3 2 3 2 2 1 3 2 1 2 2 2 3 1 2 1 0 2 3 3 2 2 3 2 2 2 2 3 2 1 2 2 1 1 2 1 2 1 1 2
2 3 2 2 3 3 4 1 3 2 4 3 3 3 3 2 4 3 2 3 3 3 4 2 3 2 2 0 4 4 3 3 3 3 2 3 3 4 3 2 3 3 2 2 3 2 2 2 1 3
3 4 3 3 5 4 5 2 5 3 5 4 5 4 5 3 5 4 3 4 4 4 5 3 5 3 3 4 0 5 5 4 5 4 3 4 4 5 4 3 5 5 3 3 4 2 3 3 2 4
3 4 3 3 5 4 5 2 5 3 5 4 5 4 5 3 5 4 3 4 4 4 5 3 5 3 3 4 5 0 5 4 5 4 3 4 4 5 4 3 5 5 3 3 4 2 3 3 2 4
3 4 3 2 5 4 5 2 5 2 5 3 5 4 5 3 5 3 3 4 3 4 5 3 5 3 2 3 5 5 0 3 5 4 3 4 4 5 4 3 4 5 3 3 4 2 3 3 2 4
2 3 2 2 3 3 4 1 3 2 4 3 3 3 3 2 4 3 2 3 3 3 4 2 3 2 2 3 4 4 3 0 3 3 2 3 3 4 3 2 3 3 2 2 3 2 2 2 1 3
3 4 3 3 5 4 5 2 5 3 5 3 5 4 5 3 5 3 3 4 3 4 5 3 5 3 3 3 5 5 5 3 0 4 3 4 4 5 4 3 4 5 3 3 4 2 3 3 2 4
2 3 3 2 4 3 5 2 4 2 4 3 4 3 4 2 5 3 3 3 3 3 4 3 4 2 2 3 4 4 4 3 4 0 3 3 3 4 4 2 4 4 3 2 4 2 3 2 2 4
2 2 2 2 3 2 3 1 3 2 3 2 3 2 3 2 3 2 2 2 2 2 3 2 3 2 2 2 3 3 3 2 3 3 0 3 2 3 3 2 3 3 2 2 3 1 2 2 1 3
2 3 3 2 4 3 4 2 4 2 4 3 4 3 4 2 4 3 2 3 3 3 4 2 4 2 2 3 4 4 4 3 4 3 3 0 3 4 4 2 4 4 2 2 3 2 3 2 2 4
2 3 3 2 4 3 4 2 4 2 4 3 4 3 4 2 4 3 2 3 3 3 4 2 4 2 2 3 4 4 4 3 4 3 2 3 0 4 3 2 4 4 2 2 3 2 2 2 2 3
3 4 3 3 5 4 5 2 5 3 5 4 5 4 5 3 5 4 3 4 4 4 5 3 5 3 3 4 5 5 5 4 5 4 3 4 4 0 4 3 5 5 3 3 4 2 3 3 2 4
3 3 3 2 4 3 5 2 4 2 5 3 4 3 4 3 5 3 3 3 3 3 5 3 4 3 2 3 4 4 4 3 4 4 3 4 3 4 0 3 4 4 3 3 4 2 3 3 2 4
2 2 2 1 3 2 3 1 3 1 3 2 3 2 3 2 3 2 2 2 2 2 3 2 3 2 1 2 3 3 3 2 3 2 2 2 2 3 3 0 3 3 2 2 2 1 2 2 1 3
3 4 3 2 4 3 5 2 4 2 5 3 4 4 4 3 5 3 3 4 3 3 5 3 4 3 2 3 5 5 4 3 4 4 3 4 4 5 4 3 0 4 3 3 4 2 3 3 2 4
3 4 3 2 5 4 5 2 5 2 5 3 5 4 5 3 5 3 3 4 3 4 5 3 5 3 2 3 5 5 5 3 5 4 3 4 4 5 4 3 4 0 3 3 4 2 3 3 2 4
2 2 2 1 3 2 3 1 3 1 3 2 3 2 3 2 3 2 2 2 2 2 3 2 3 2 1 2 3 3 3 2 3 3 2 2 2 3 3 2 3 3 0 2 3 1 2 2 1 3
2 2 2 1 3 2 3 1 3 1 3 2 3 2 3 2 3 2 2 2 2 2 3 2 3 2 1 2 3 3 3 2 3 2 2 2 2 3 3 2 3 3 2 0 2 1 2 2 1 3
2 3 3 2 4 3 4 2 4 2 4 3 4 3 4 2 4 3 3 3 3 3 4 3 4 2 2 3 4 4 4 3 4 4 3 3 3 4 4 2 4 4 3 2 0 2 3 2 2 4
1 2 2 1 2 2 3 1 2 1 2 2 2 2 2 1 3 2 1 2 2 2 2 1 2 1 1 2 2 2 2 2 2 2 1 2 2 2 2 1 2 2 1 1 2 0 1 1 1 2
2 2 2 2 3 2 3 1 3 2 3 2 3 2 3 2 3 2 2 2 2 2 3 2 3 2 2 2 3 3 3 2 3 3 2 3 2 3 3 2 3 3 2 2 3 1 0 2 1 3
2 2 2 1 3 2 3 1 3 1 3 2 3 2 3 2 3 2 2 2 2 2 3 2 3 2 1 2 3 3 3 2 3 2 2 2 2 3 3 2 3 3 2 2 2 1 2 0 1 3
1 2 1 1 2 2 2 1 2 1 2 1 2 2 2 1 2 1 1 2 1 2 2 1 2 1 1 1 2 2 2 1 2 2 1 2 2 2 2 1 2 2 1 1 2 1 1 1 0 2
3 3 3 2 4 3 5 2 4 2 5 3 4 3 4 3 5 3 3 3 3 3 5 3 4 3 2 3 4 4 4 3 4 4 3 4 3 4 4 3 4 4 3 3 4 2 3 3 2 0
