100
39 241 325
32 21 103
31 122 195
51 137 227
23 445 476
35 41 100
9 224 255
21 430 515
25 15 59
57 143 235
20 26 64
25 66 95
28 582 678
34 509 618
29 1249 1285
7 93 172
25 199 289
11 64 136
17 369 411
1 97 148
42 316 379
35 122 181
1 9 48
22 590 648
51 134 231
41 614 717
36 5 100
31 106 191
19 267 289
29 507 583
33 223 326
14 59 102
20 19 85
22 1000 1108
23 58 96
41 226 353
49 294 413
31 103 189
35 608 696
48 606 656
11 55 142
25 57 141
16 515 589
54 238 321
47 671 781
42 245 343
35 237 326
37 699 784
13 565 647
22 208 270
15 553 623
47 345 418
38 22 67
22 587 624
23 665 740
36 18 117
1 120 132
29 302 404
34 209 329
23 160 190
26 2123 2172
13 296 392
25 17 73
30 68 161
29 367 418
10 81 127
33 627 683
21 40 70
34 422 479
19 54 114
50 186 319
29 47 117
55 61 178
25 884 962
48 511 622
36 40 118
33 338 446
39 581 694
1 441 505
42 510 601
29 8 50
22 566 647
51 1344 1407
31 284 353
38 947 1072
52 943 1045
1 345 375
33 106 225
32 60 133
30 200 258
17 167 243
35 136 194
23 1206 1233
49 27 144
37 282 322
46 492 600
24 46 100
39 1334 1450
1 915 976
17 385 427
0 24 14 20 22 5 0 17 2 22 9 22 1 19 22 3 15 9 5 0 3 5 0 19 34 8 2 10 18 20 20 6 18 19 16 5 34 10 1 6 1 17 5 39 16 37 6 17 5 10 3 6 14 21 1 34 1 10 2 6 26 10 4 30 23 3 15 4 16 13 39 12 28 5 19 33 13 36 0 32 7 22 12 1 27 5 0 15 22 1 6 27 21 5 25 35 0 27 0 12
22 0 14 22 19 1 5 15 25 21 12 10 22 19 9 6 1 4 17 0 23 11 1 10 30 3 13 15 7 20 31 10 10 21 11 25 12 31 12 9 7 25 1 7 32 3 13 6 3 22 6 24 5 7 8 23 1 24 2 18 18 0 1 19 5 0 11 12 3 4 30 11 26 21 3 13 0 21 0 31 18 20 9 14 28 10 0 25 27 0 7 17 5 11 1 29 18 11 1 13
23 19 0 1 4 11 9 11 2 30 20 0 1 31 21 2 6 6 17 0 3 28 1 17 12 14 15 28 8 0 14 13 14 3 9 14 24 30 6 23 4 22 3 23 10 29 23 28 13 14 9 18 13 3 10 17 0 12 28 20 5 13 17 26 29 6 29 10 15 9 13 14 25 3 27 22 0 6 0 1 26 6 13 0 23 8 0 28 5 6 11 18 1 18 23 20 11 16 1 8
24 0 16 0 17 32 5 18 19 18 16 24 17 19 18 7 7 6 1 1 32 11 0 10 24 7 32 13 0 5 19 8 6 0 4 8 4 13 22 30 0 17 7 41 28 29 32 31 0 12 6 33 22 6 12 12 0 15 4 0 3 8 10 7 19 7 15 2 21 4 39 9 48 21 18 10 32 34 1 38 25 2 46 7 9 26 0 29 4 4 16 16 15 36 0 13 17 3 1 12
3 19 17 14 0 7 5 17 7 20 15 3 21 17 17 0 19 2 9 0 16 15 1 5 21 8 0 19 0 7 0 9 3 22 10 1 0 11 1 16 1 13 10 9 19 5 23 5 7 7 13 16 13 7 16 3 0 23 3 13 16 6 22 12 3 0 1 21 2 7 13 23 18 8 10 5 1 14 1 6 14 9 7 14 14 0 1 7 6 13 14 11 0 8 5 22 9 18 0 12
12 1 25 23 21 0 9 17 25 26 18 16 0 14 2 6 21 3 11 1 20 30 0 5 8 16 33 13 8 8 5 1 15 2 15 13 23 20 20 10 6 14 10 19 21 35 11 2 4 10 12 7 12 6 10 14 0 1 29 17 8 4 10 5 3 8 2 13 5 8 18 11 21 23 30 1 11 10 1 35 25 7 5 24 11 17 0 7 15 15 1 4 9 20 29 35 20 27 0 6
0 2 7 9 1 0 0 3 8 1 4 5 4 3 3 2 0 8 5 0 3 8 1 2 1 2 5 7 6 0 6 8 0 8 6 4 2 8 5 8 8 4 0 4 4 2 3 8 8 7 7 9 3 3 2 7 1 2 5 8 9 1 1 6 0 2 5 6 6 0 7 9 7 2 4 6 4 6 0 6 5 9 3 0 7 2 0 9 5 5 7 5 5 2 1 1 5 8 1 2
10 4 2 17 13 15 6 0 4 7 7 20 5 16 7 3 2 0 2 0 18 13 1 14 7 9 13 12 14 10 21 2 14 12 5 11 7 0 7 17 6 4 14 1 5 20 9 5 13 14 10 4 6 3 7 7 1 0 14 16 14 10 16 10 13 0 14 19 14 15 7 6 11 5 20 14 3 5 1 7 17 9 8 18 4 5 1 0 20 0 9 20 4 0 16 9 8 12 0 14
17 3 20 18 6 23 5 21 0 17 7 25 19 18 0 6 2 9 10 0 23 25 0 15 15 8 15 21 11 22 19 14 9 10 19 1 7 17 24 11 1 1 3 7 13 0 18 4 11 4 7 3 14 6 3 14 1 5 17 13 21 4 3 7 2 7 10 13 9 17 5 12 11 11 10 17 18 15 0 1 6 15 21 21 13 19 1 7 20 8 13 22 5 23 1 0 22 17 1 9
21 17 21 29 19 26 3 2 3 0 8 3 20 25 13 4 18 7 3 1 28 14 1 15 20 37 18 5 13 17 6 5 12 14 21 32 14 4 7 8 10 5 9 46 8 32 0 2 3 2 3 30 13 6 12 15 1 3 19 17 22 6 8 15 15 9 23 8 9 0 35 18 44 12 40 3 16 3 0 42 11 15 35 16 26 26 0 17 10 23 17 2 5 41 0 41 15 15 0 2
3 16 18 10 10 18 9 11 20 4 0 9 2 11 8 5 4 10 8 1 15 5 0 6 6 19 2 10 14 20 7 9 14 17 18 6 5 7 3 11 11 11 16 15 1 1 19 2 6 4 1 19 2 14 4 10 1 8 16 12 3 12 1 0 4 5 1 2 0 4 16 6 2 5 4 10 12 17 1 14 3 3 15 16 11 6 0 9 7 3 4 0 8 17 15 19 9 2 0 2
25 17 15 10 16 11 3 4 11 14 5 0 20 22 0 0 3 8 5 0 6 6 0 9 2 3 13 24 2 4 13 10 19 4 4 7 23 25 8 2 3 1 4 10 1 21 14 14 9 0 8 21 0 6 15 17 0 12 25 18 7 6 11 25 22 9 22 11 24 4 1 15 4 20 9 18 24 2 0 10 19 17 4 9 7 0 0 2 15 23 15 16 1 4 5 3 14 3 1 6
14 16 21 24 19 8 8 21 14 0 9 15 0 3 19 0 12 5 11 0 23 24 0 3 4 4 0 2 15 14 2 0 16 11 17 22 19 27 17 17 8 4 3 21 14 3 22 20 12 19 3 0 23 3 1 8 0 25 15 6 24 3 8 10 20 4 21 4 15 17 24 21 9 25 5 26 8 0 0 9 0 10 2 27 2 3 1 9 17 22 1 23 21 16 5 5 13 24 0 6
32 15 8 16 23 26 9 17 6 33 18 25 12 0 12 4 5 10 10 0 15 22 1 21 6 8 22 24 9 22 11 8 19 4 7 15 1 16 16 24 5 9 0 18 2 34 11 22 0 0 1 31 2 17 11 30 1 5 25 11 25 11 0 13 19 9 10 9 17 5 34 14 22 7 32 9 15 2 1 31 3 17 11 26 1 24 1 31 32 8 7 30 7 14 16 31 19 31 1 8
6 24 2 14 8 14 0 3 23 7 2 13 17 21 0 7 21 7 5 0 25 2 0 20 12 7 14 5 12 16 25 10 17 0 1 5 18 11 28 1 8 1 1 1 24 7 26 8 12 2 15 23 9 1 5 28 0 4 16 8 4 6 0 19 9 1 3 14 13 12 8 4 6 18 17 12 26 5 0 17 5 18 16 18 20 1 0 6 3 9 12 1 4 29 23 17 16 29 1 5
6 7 4 2 4 0 6 2 0 6 4 1 4 6 3 0 0 3 1 1 5 2 0 5 0 4 3 5 4 4 5 3 7 5 6 5 7 5 2 7 7 0 0 3 1 2 5 0 2 0 7 7 6 6 6 5 1 7 3 1 6 1 2 7 1 1 1 5 1 7 0 2 0 2 1 2 5 2 1 4 5 6 4 1 6 3 1 7 2 1 4 4 7 7 7 1 5 3 0 0
4 24 25 11 16 13 9 9 18 4 11 18 22 16 19 3 0 0 4 1 17 11 1 12 3 4 3 21 18 19 23 5 7 12 9 6 6 2 15 16 4 25 3 23 3 14 17 17 0 12 8 5 15 4 3 18 1 2 0 3 6 9 9 11 3 1 0 13 14 18 8 11 14 10 24 13 3 14 0 5 13 14 13 18 2 7 1 4 19 12 13 17 20 14 19 24 2 11 1 8
8 1 3 2 0 8 7 7 11 7 2 10 2 10 11 4 1 0 5 1 11 6 1 6 11 6 4 9 11 9 9 11 9 3 3 7 5 7 1 7 11 1 3 10 0 11 0 2 3 1 0 6 10 8 1 5 1 5 9 10 9 8 0 7 7 6 9 8 1 1 3 6 0 1 10 7 7 10 1 2 10 10 6 9 2 7 1 2 6 10 1 0 7 8 0 0 2 2 0 4
17 7 7 13 1 1 9 7 8 14 16 8 6 8 16 6 3 7 0 1 3 0 0 12 8 0 6 12 0 1 9 1 1 3 14 16 1 0 12 5 5 10 3 6 8 0 6 5 6 15 11 12 11 17 15 11 1 6 17 1 7 4 8 16 7 6 8 2 3 12 5 7 8 16 16 15 7 5 0 15 0 0 10 13 8 9 0 12 4 2 1 5 8 4 4 12 16 3 1 10
0 0 0 0 1 1 0 1 1 1 0 1 0 1 1 0 1 0 1 0 1 0 1 1 1 1 0 1 0 0 0 0 1 0 1 1 1 0 1 1 0 0 0 0 0 1 1 1 0 1 1 1 1 0 0 0 1 0 0 1 1 1 1 1 0 1 1 1 0 0 0 0 1 1 1 1 1 1 1 0 1 0 0 0 0 1 1 1 0 1 0 0 1 0 0 0 1 1 1 1
36 10 3 4 7 24 3 9 18 6 6 13 0 26 24 7 16 4 4 1 0 32 0 10 8 17 3 1 6 14 19 5 5 4 0 12 18 22 14 23 8 12 5 36 35 28 1 19 10 11 5 17 19 22 4 2 1 11 10 14 7 11 10 18 1 4 7 18 26 14 11 15 27 9 24 20 3 37 0 11 2 1 35 14 2 22 0 3 17 15 14 34 12 35 15 25 24 17 0 13
11 6 13 5 17 24 0 2 20 32 1 21 8 25 20 7 23 3 6 0 9 0 0 17 8 14 14 2 8 2 13 10 19 4 22 32 34 9 21 18 2 22 3 27 2 23 31 15 2 9 0 24 4 10 15 15 1 16 6 4 11 3 19 29 3 5 19 16 21 0 5 19 14 8 7 31 25 35 0 2 27 5 17 24 9 7 0 20 31 6 4 34 7 30 19 7 23 26 0 0
1 1 0 0 0 1 1 0 0 1 0 1 1 0 1 0 1 0 0 0 1 1 0 0 1 1 1 0 1 0 0 1 0 0 1 1 1 0 0 1 1 1 0 0 1 0 0 1 1 0 0 1 1 1 0 0 0 1 0 1 1 0 0 0 1 1 1 0 0 1 0 1 0 1 1 1 1 1 0 1 1 1 1 1 0 0 1 0 0 1 0 0 1 1 0 0 0 0 0 0
18 16 15 8 11 4 3 17 9 8 7 9 10 18 21 1 8 1 10 1 1 0 0 0 13 22 0 1 9 6 12 8 4 9 8 13 5 22 21 10 11 4 2 18 6 0 3 13 10 1 13 6 15 5 0 21 1 7 19 9 7 3 3 2 6 0 14 6 8 10 14 21 10 2 15 12 14 14 1 11 20 9 22 5 14 21 1 5 13 0 10 9 0 19 8 8 14 13 1 4
27 5 12 5 20 15 3 13 13 21 12 8 11 33 25 2 6 3 15 0 17 8 0 3 0 16 17 16 4 11 17 7 7 12 18 24 6 8 13 30 7 21 6 14 8 14 6 34 4 0 5 37 7 20 20 25 1 4 17 10 7 8 6 24 11 10 19 12 8 1 31 20 19 1 26 35 8 23 1 10 13 18 49 15 28 51 1 11 29 3 6 13 15 5 28 10 0 1 0 11
11 14 0 28 13 20 1 9 11 21 14 15 24 21 12 0 25 8 6 1 17 18 1 22 31 0 14 24 12 20 23 5 20 11 19 16 17 21 6 23 7 22 5 16 2 37 1 33 6 8 5 28 5 13 11 25 0 26 11 13 8 10 18 16 8 4 11 11 19 2 14 8 3 22 1 0 7 15 0 17 0 12 22 30 18 33 0 33 10 25 9 16 9 37 13 2 23 16 0 2
36 0 15 17 15 24 5 20 2 17 1 14 6 25 29 5 13 7 9 0 32 13 0 21 26 9 0 3 3 12 7 3 8 19 15 29 26 28 10 10 3 20 5 18 17 5 28 28 1 16 10 11 23 21 15 8 1 10 33 4 13 4 18 15 18 9 0 15 20 7 23 21 3 1 18 8 32 13 0 25 20 19 27 6 2 16 1 26 8 11 13 30 7 14 3 21 17 27 1 9
24 15 25 21 15 31 5 20 5 22 12 8 10 6 18 1 8 10 7 0 30 19 0 7 22 19 8 0 14 24 22 12 6 13 17 23 1 30 29 8 2 4 8 31 1 19 2 24 0 21 0 16 4 14 8 21 0 20 9 10 18 1 5 0 2 8 19 17 2 12 24 0 31 8 9 1 25 31 1 11 13 6 5 10 17 27 0 21 23 29 0 20 23 8 29 29 14 27 0 10
3 0 0 19 12 19 9 14 9 16 5 9 2 9 7 5 0 3 1 0 11 1 1 8 13 19 0 19 0 18 0 9 1 6 3 13 2 13 18 1 0 15 13 10 7 15 16 1 0 15 6 13 5 16 16 13 1 19 7 1 12 7 6 8 9 2 10 2 4 5 0 5 3 12 11 5 17 3 0 1 1 6 8 17 11 13 0 0 4 5 5 2 19 10 8 15 16 12 0 10
13 23 10 11 0 7 7 10 0 21 0 18 15 13 10 6 25 5 6 1 25 1 1 14 10 17 26 26 19 0 0 6 18 0 18 7 28 11 24 29 11 14 4 25 7 20 26 22 4 0 3 0 8 2 14 17 1 1 16 12 4 12 15 16 23 0 17 16 23 12 3 18 4 8 26 15 16 23 0 12 9 5 20 29 17 23 0 1 18 3 0 18 20 3 24 12 23 13 0 14
4 10 3 6 18 31 8 16 16 3 16 5 14 28 6 4 14 11 11 1 24 31 0 17 30 5 12 12 14 16 0 4 15 4 2 19 10 4 6 3 5 21 11 4 32 7 31 13 7 16 11 2 5 22 0 0 0 0 7 20 23 6 1 19 19 4 31 9 3 15 31 10 22 9 22 28 7 28 1 20 14 9 6 13 23 15 1 22 19 7 0 32 8 29 15 33 11 6 0 11
2 1 11 3 3 7 6 12 9 10 13 14 9 9 2 6 8 4 2 0 6 2 0 7 7 12 4 12 13 2 7 0 13 10 0 8 9 7 5 11 2 0 9 12 8 5 5 3 4 14 3 10 3 6 2 6 0 10 6 4 2 6 8 8 8 3 0 2 4 8 6 7 2 12 5 13 13 6 0 3 2 2 11 10 2 5 1 13 0 3 1 8 8 1 14 1 13 7 1 4
6 0 13 3 1 16 8 7 17 13 13 8 4 3 2 3 9 0 2 0 6 14 0 13 2 3 5 17 5 1 12 7 0 20 20 16 1 12 19 6 2 7 10 13 6 14 4 3 7 10 3 8 0 1 3 3 0 9 19 4 5 0 1 12 5 4 17 5 8 19 6 17 9 0 5 12 9 12 1 6 12 5 10 2 13 4 1 5 4 15 14 20 5 14 16 6 6 4 1 12
20 18 10 9 8 13 7 9 14 14 9 12 0 2 9 0 14 6 11 1 16 7 0 3 8 12 14 16 3 20 2 7 13 0 10 18 11 9 11 6 6 16 7 5 18 15 19 14 5 20 9 2 17 16 17 12 0 14 6 8 9 11 9 18 21 0 3 5 12 16 11 9 21 22 11 13 6 17 1 4 16 1 6 9 18 6 1 15 9 8 17 18 6 12 5 2 2 14 0 8
8 10 17 13 11 12 7 5 21 0 14 17 14 6 1 3 15 2 3 0 5 12 1 3 2 17 18 7 11 14 8 0 18 2 0 22 23 11 3 3 9 13 1 5 8 16 20 20 0 13 11 12 12 1 7 13 1 13 7 0 6 5 14 4 18 7 10 9 5 4 20 13 21 4 0 0 20 3 0 6 13 21 4 20 7 14 1 1 12 11 15 3 14 15 11 16 1 7 1 17
31 2 8 28 4 18 5 19 0 12 9 16 28 31 9 1 8 4 10 1 29 25 0 10 8 20 36 3 4 0 31 2 6 20 17 0 1 12 8 34 2 16 2 37 2 5 24 9 6 13 14 21 38 3 10 24 0 28 2 19 8 11 9 0 0 4 28 8 18 17 38 1 41 4 2 33 2 0 1 34 3 4 19 5 30 19 1 6 25 6 7 1 21 38 37 19 18 36 0 8
35 4 24 6 5 13 5 11 13 42 7 4 22 20 18 4 18 2 0 1 10 22 0 9 18 24 8 16 15 21 22 0 13 20 9 29 0 5 24 36 7 22 11 45 42 29 8 22 0 4 6 18 16 12 17 15 0 17 8 7 1 11 20 21 4 10 13 17 4 14 5 3 49 7 29 12 5 25 0 21 3 10 41 11 35 30 0 24 29 17 9 29 12 18 13 46 22 12 0 1
0 2 1 16 22 4 8 10 12 27 3 14 7 4 20 7 15 3 15 0 26 10 1 17 12 22 27 17 13 3 20 10 11 0 19 11 28 0 31 15 5 20 3 9 15 26 6 1 11 13 9 21 24 16 7 26 0 28 29 15 15 6 12 1 14 7 4 13 0 14 14 17 27 21 26 19 3 28 0 29 10 6 25 22 7 30 1 18 25 1 9 31 14 9 27 27 2 15 0 5
26 9 9 9 17 17 9 3 23 1 13 23 22 3 3 1 6 0 17 1 19 14 0 8 17 25 2 25 10 23 22 11 6 20 22 30 17 6 0 9 1 18 5 18 19 15 5 3 4 11 0 0 3 22 16 23 1 5 18 21 24 7 8 24 24 5 25 5 31 18 9 9 32 23 13 20 11 32 0 7 11 9 19 28 35 1 1 25 17 4 11 21 7 11 26 7 10 22 0 14
4 22 24 24 13 15 0 1 9 27 3 10 20 30 20 6 0 5 0 0 2 12 1 0 30 0 25 23 13 23 30 3 13 10 10 27 31 12 14 0 7 1 9 43 13 18 28 20 1 7 15 15 34 9 2 22 0 18 26 5 23 2 2 10 9 9 33 4 2 2 9 15 46 11 23 28 22 19 0 19 28 1 2 10 34 4 0 30 8 7 0 8 11 15 12 25 19 5 1 3
4 4 2 7 10 6 0 7 8 11 1 10 3 7 10 2 4 10 11 0 7 0 0 10 9 9 11 3 5 2 4 10 10 5 7 6 9 3 3 1 0 11 9 1 5 1 2 6 6 10 0 8 10 2 7 3 1 5 10 9 7 5 0 4 1 3 10 7 5 3 6 8 10 7 5 5 8 9 0 2 6 10 4 11 5 8 1 11 9 0 8 6 10 2 6 9 3 8 0 5
17 22 16 25 0 25 0 1 7 25 20 24 23 7 20 2 11 2 4 0 0 24 0 14 18 15 10 5 0 17 17 3 5 2 11 24 15 4 22 21 0 0 4 16 11 19 14 12 4 17 11 6 1 22 7 23 1 2 24 13 24 5 2 24 24 6 19 19 22 11 11 16 23 0 19 3 9 4 1 3 0 20 15 20 3 5 1 14 24 3 4 9 4 19 12 24 3 3 1 4
6 13 13 10 7 10 0 14 8 11 12 0 1 5 2 1 14 9 11 0 5 15 1 11 5 8 14 0 4 1 3 4 3 12 4 12 5 0 16 6 0 8 0 12 12 8 9 0 13 16 1 1 10 2 9 9 1 16 8 4 0 4 14 3 10 9 2 0 11 8 16 9 13 5 16 9 5 5 1 6 16 10 16 7 11 14 0 2 12 0 16 4 8 13 14 14 14 13 1 9
11 10 12 31 23 21 5 8 13 11 10 12 27 4 4 0 23 9 9 0 12 29 1 22 21 25 36 19 12 26 27 6 12 19 21 8 35 14 12 31 0 3 4 0 30 5 25 2 12 8 4 16 13 10 4 17 1 10 17 20 5 2 24 21 2 7 25 12 16 4 22 20 30 16 2 36 9 12 0 7 22 22 41 2 16 21 0 32 14 15 17 17 13 29 17 32 24 34 1 7
13 14 4 1 15 35 2 4 25 30 6 5 1 19 23 4 12 4 7 1 19 34 1 4 29 9 22 8 7 27 14 14 17 9 5 20 21 9 0 42 9 1 13 38 0 11 6 31 7 9 10 26 1 3 10 35 0 17 10 22 19 2 22 4 4 9 14 20 0 6 32 21 46 0 10 6 20 33 1 12 16 7 27 0 18 20 1 32 24 1 9 16 12 36 20 18 4 13 1 12
20 29 1 4 18 8 1 2 3 11 19 8 13 27 9 2 6 2 3 0 20 20 0 2 3 1 9 2 0 6 28 0 6 13 5 20 15 18 18 16 7 21 3 39 14 0 34 10 5 0 8 19 32 9 16 29 0 23 3 7 25 5 0 10 0 1 0 14 5 0 33 24 39 21 9 6 2 39 0 25 15 1 25 7 33 33 0 27 7 23 6 7 10 33 26 3 14 27 1 0
32 19 1 16 13 34 5 20 25 16 1 23 14 27 11 7 14 5 16 0 28 4 0 4 0 13 21 19 1 6 25 11 14 20 17 21 19 16 7 10 1 8 2 19 12 26 0 25 3 3 6 32 33 22 3 4 1 13 4 3 1 4 1 26 11 4 18 2 3 18 24 21 23 10 15 18 29 33 1 31 17 6 30 3 35 10 1 28 32 11 13 23 20 5 17 33 10 6 0 9
32 19 17 1 8 8 0 8 11 26 18 14 8 16 3 2 10 5 13 0 36 12 1 7 35 17 34 17 7 8 1 12 0 16 19 14 23 21 22 10 9 10 14 2 2 33 1 0 11 8 13 4 27 8 18 14 0 26 19 10 20 5 19 10 1 4 24 11 9 0 28 25 3 0 24 26 10 27 1 8 16 0 18 30 37 10 0 33 17 23 4 1 9 33 1 17 16 7 1 7
1 6 0 12 9 10 4 6 11 13 0 12 13 9 12 4 7 1 2 0 4 10 0 1 4 7 5 12 2 3 7 11 0 1 2 10 3 5 8 13 9 12 4 4 0 13 6 13 0 9 8 10 5 4 5 1 1 7 12 10 7 4 5 13 10 5 8 4 0 2 2 10 11 8 6 3 11 2 1 2 4 7 5 6 12 12 1 6 0 2 6 9 7 5 10 13 4 10 0 13
6 17 3 19 7 6 1 5 22 7 10 16 7 4 15 0 12 2 15 1 10 4 0 13 8 15 18 18 12 4 16 9 4 5 0 0 6 19 12 7 6 11 15 5 2 14 13 21 1 0 8 7 17 3 13 16 1 8 22 20 2 3 3 1 2 7 15 6 15 1 13 17 7 21 17 2 0 7 1 14 14 6 5 21 8 7 0 0 11 10 11 20 5 22 6 20 18 13 1 6
10 15 13 6 7 5 7 12 9 6 0 11 7 8 4 2 8 6 5 0 6 15 0 2 1 9 10 7 10 7 0 7 2 4 11 11 11 9 12 4 1 11 7 12 11 3 7 12 10 6 0 9 14 13 10 13 0 9 0 4 0 7 15 13 3 2 5 0 13 12 14 12 13 10 8 10 6 15 0 15 0 9 9 14 5 5 0 5 13 14 8 12 4 8 14 12 15 6 1 6
3 17 24 4 18 11 9 21 20 7 0 10 15 25 25 7 4 4 11 0 41 17 1 2 11 16 36 28 13 26 2 2 0 4 0 23 19 26 10 34 11 25 16 0 20 39 17 24 1 3 3 0 17 10 23 30 1 2 17 13 16 4 21 28 0 9 5 14 6 13 30 27 23 1 1 21 1 0 1 42 16 16 43 7 34 27 0 29 23 5 13 2 7 47 17 3 18 19 1 12
8 24 1 16 2 6 2 2 4 7 9 8 19 10 25 4 9 6 17 1 7 3 0 20 2 23 19 1 5 28 18 10 11 9 23 20 21 17 3 4 7 2 7 18 6 15 12 29 9 10 11 25 0 21 22 13 0 9 3 4 17 8 25 21 29 10 7 12 6 12 28 10 24 9 4 17 11 17 1 13 19 13 28 29 14 24 0 30 25 4 13 0 11 29 12 37 10 30 1 5
17 18 5 18 17 21 7 7 7 7 0 9 20 21 14 3 22 4 16 1 18 12 0 6 8 12 12 2 5 21 15 11 15 20 12 20 17 11 7 18 11 15 0 11 13 6 15 15 7 3 11 1 16 0 0 16 0 0 22 19 5 12 20 16 6 7 17 5 14 18 17 13 0 19 14 17 11 18 1 19 13 12 12 2 14 19 1 11 18 13 14 2 18 15 13 16 7 10 0 4
11 5 4 15 8 1 8 5 7 16 11 3 1 6 15 7 2 5 0 1 3 4 0 1 0 5 16 17 11 11 5 9 15 8 4 6 23 18 21 8 0 1 15 17 4 19 14 0 8 17 5 9 1 13 0 3 0 21 23 10 14 0 19 11 7 9 8 17 14 15 4 16 9 17 5 9 18 6 1 4 2 11 5 15 21 8 0 21 17 16 8 19 16 17 10 20 3 12 1 8
22 28 26 5 22 33 3 9 3 35 1 1 12 20 0 2 2 8 16 1 34 34 0 5 35 10 9 22 18 29 10 3 14 13 20 25 22 7 8 22 9 11 0 4 27 28 21 26 11 3 13 31 14 10 19 0 1 25 2 1 7 13 19 30 24 7 25 10 29 12 6 27 31 16 24 19 11 9 1 26 27 4 26 3 26 8 1 15 20 4 12 13 5 4 15 32 12 35 1 17
1 1 0 1 0 0 0 1 0 0 1 0 0 1 1 0 0 0 1 0 1 1 1 1 1 1 1 1 0 1 0 1 0 1 0 0 0 0 1 1 0 1 1 1 1 0 1 1 0 0 0 0 0 1 1 0 0 1 0 1 1 1 1 1 0 1 0 0 1 1 1 1 0 1 0 1 0 1 1 0 1 0 1 1 0 1 0 1 0 1 0 1 0 0 0 0 1 0 1 0
16 28 29 20 4 16 0 19 23 26 16 10 13 5 4 5 3 0 0 0 1 29 0 10 13 12 29 14 2 10 17 11 12 20 10 16 1 20 24 10 4 6 2 9 23 8 24 7 12 22 1 26 7 17 12 23 0 0 16 14 17 4 3 14 29 2 0 2 22 11 10 20 8 11 19 10 15 14 0 13 5 4 13 6 25 27 1 4 20 24 8 2 18 10 20 12 13 0 1 12
10 32 9 21 16 1 9 9 7 31 7 25 8 32 25 4 25 8 4 1 16 3 1 11 27 18 6 21 0 9 33 11 6 13 18 20 4 18 21 17 0 6 8 31 20 6 12 34 6 11 2 23 11 12 3 18 1 8 0 10 4 1 10 4 18 5 30 20 2 17 7 25 16 18 8 9 21 9 1 19 17 19 16 5 27 17 1 3 9 5 8 12 9 12 10 0 7 11 1 5
17 1 0 6 21 10 6 16 9 3 12 7 15 19 21 7 23 8 16 1 11 20 1 2 1 8 9 20 13 2 9 1 16 14 2 14 16 0 0 6 5 17 15 20 10 18 13 7 7 7 6 11 2 4 21 12 1 0 13 0 14 4 0 21 1 3 12 12 18 13 9 21 16 17 11 15 4 12 1 8 14 10 12 16 2 7 1 12 12 4 5 7 2 20 1 20 23 7 1 12
9 3 4 9 4 2 7 8 17 12 13 14 9 16 1 0 4 10 7 1 9 12 0 19 17 9 22 16 14 12 22 2 3 8 11 8 6 17 22 20 1 0 6 17 4 12 4 4 8 8 9 6 11 7 15 6 0 13 21 9 0 13 11 0 22 3 24 4 13 15 11 24 2 4 14 26 3 16 0 18 21 6 10 20 3 17 1 9 21 13 14 2 10 14 1 24 24 5 1 12
9 11 4 12 7 1 6 4 13 8 13 7 11 10 1 2 11 0 2 1 6 13 1 1 4 0 13 4 2 3 10 12 1 6 6 3 6 6 10 8 6 2 4 3 7 6 7 13 11 5 8 10 1 1 4 4 0 12 9 5 1 0 7 0 9 6 9 3 8 10 1 3 7 7 5 13 8 5 1 6 3 3 9 1 12 2 1 10 9 10 7 7 13 8 12 9 4 2 1 0
12 18 9 22 15 20 2 21 7 20 12 23 17 1 3 5 24 2 13 1 16 6 0 20 12 17 14 24 12 11 23 8 10 12 6 11 5 6 23 4 8 12 13 18 3 16 6 16 8 19 15 9 0 17 15 9 0 20 23 7 10 11 0 21 22 3 9 8 15 7 13 16 22 6 14 22 25 25 0 5 2 2 23 18 4 7 1 6 21 7 7 13 17 13 25 5 22 15 0 0
18 29 23 24 20 18 3 2 22 17 8 18 3 8 22 1 23 1 4 1 10 8 1 4 28 25 5 4 5 8 3 1 15 17 13 13 24 1 22 14 11 16 9 7 3 16 29 6 12 4 11 25 20 19 3 25 1 25 3 4 2 3 18 0 12 7 20 4 4 17 2 24 10 24 30 0 18 2 1 2 17 11 0 6 3 3 0 28 28 19 5 12 6 1 18 0 8 24 0 14
7 15 15 23 7 2 8 1 11 11 5 1 7 7 28 7 3 1 10 1 15 8 0 14 26 10 19 25 9 11 19 14 2 9 7 2 21 6 9 15 7 8 6 28 24 12 8 22 8 14 12 1 12 18 15 13 0 15 12 15 10 6 15 27 0 3 13 8 18 17 16 4 21 1 20 17 7 24 0 13 27 12 12 15 18 14 1 15 19 22 5 19 14 14 22 18 12 28 0 16
8 8 9 10 6 4 4 0 10 1 4 1 5 8 6 2 2 8 1 1 0 10 0 9 2 1 0 4 3 4 7 1 2 0 5 10 3 10 8 3 4 10 4 4 3 10 7 7 6 6 7 9 0 10 5 1 0 3 8 1 4 4 7 9 4 0 1 8 6 3 3 9 5 8 1 2 0 6 0 3 0 7 8 10 8 6 0 6 2 9 9 5 7 10 5 8 4 4 0 9
6 12 10 18 14 11 3 19 8 21 18 10 20 15 29 7 18 0 1 1 26 24 1 5 14 18 29 3 17 13 8 9 20 16 22 1 25 21 29 26 2 15 14 13 19 23 29 33 5 17 0 21 12 15 23 31 0 1 6 19 12 9 3 24 2 2 0 6 8 12 19 3 19 1 25 4 23 7 0 17 13 19 0 3 10 24 0 20 6 2 11 13 8 5 5 3 11 31 1 13
2 3 18 3 15 2 2 3 4 12 6 4 9 13 2 2 15 1 9 1 15 7 0 0 21 7 18 19 16 0 20 13 7 16 0 8 6 5 7 12 5 17 15 13 8 9 4 8 10 15 5 6 0 12 14 5 1 4 5 6 17 12 20 5 3 1 21 0 8 17 11 4 11 4 6 10 3 21 0 11 1 19 13 18 7 8 0 6 12 10 12 9 17 14 19 5 15 10 0 5
11 27 21 9 14 19 6 2 24 33 5 23 18 19 19 1 20 7 8 0 25 21 1 11 16 34 26 29 17 7 26 8 9 9 2 15 17 22 7 0 6 9 13 32 32 20 31 31 13 20 5 26 34 4 16 19 0 13 23 5 14 2 8 14 20 0 24 0 0 8 6 20 4 5 1 30 7 29 0 28 12 16 6 16 23 21 0 20 8 22 12 21 22 29 30 1 24 6 0 1
9 9 1 18 11 11 1 7 16 8 16 9 1 5 13 0 0 0 15 1 8 3 0 15 18 15 12 7 7 12 2 1 14 19 19 19 5 14 13 19 5 12 12 17 12 19 17 12 8 8 10 8 15 16 2 4 0 4 3 7 1 0 8 13 17 6 13 6 8 0 5 9 11 15 13 0 5 1 1 3 3 9 18 2 19 0 1 6 14 5 16 10 16 6 13 10 3 3 1 13
13 19 4 29 2 16 2 11 25 49 14 12 10 10 15 0 7 10 2 0 30 13 0 5 5 32 11 31 8 27 9 13 6 16 19 26 42 0 19 37 11 24 14 13 44 3 24 4 1 21 3 33 14 9 9 30 1 2 5 4 13 0 22 15 26 4 10 19 28 2 0 10 9 25 5 27 20 36 0 39 14 0 20 17 17 15 1 31 32 28 16 6 13 23 37 37 3 27 0 0
29 10 14 26 10 16 3 21 11 13 6 3 28 14 25 7 25 5 11 0 11 22 0 9 23 26 4 29 9 0 20 13 7 7 20 29 21 10 14 22 7 13 6 23 20 23 11 6 8 10 8 10 29 1 13 0 1 19 7 20 15 6 13 4 1 9 14 21 22 7 7 0 11 4 26 28 13 29 0 25 11 2 15 24 23 10 1 10 9 18 13 28 7 8 15 12 12 24 0 9
5 9 30 48 6 14 1 3 0 4 4 23 22 23 0 4 21 0 9 1 16 0 0 13 27 17 32 6 1 16 19 11 9 12 21 25 16 6 7 24 9 6 11 14 30 9 3 0 4 3 5 18 25 4 0 14 0 8 30 15 21 0 4 16 4 7 0 3 20 16 16 6 0 15 10 25 31 4 0 18 17 20 8 27 5 26 1 15 31 29 13 25 6 46 0 19 20 29 0 11
23 23 18 7 22 11 2 17 3 25 14 13 17 23 21 2 1 3 17 1 1 6 0 7 19 10 13 11 17 14 7 0 9 5 6 17 18 12 8 3 10 0 16 6 2 23 11 23 7 11 4 1 0 9 23 1 0 23 14 8 1 3 24 14 16 8 19 7 8 18 2 7 19 0 15 10 7 14 1 4 2 9 22 20 18 8 1 1 4 22 1 5 21 9 14 22 17 16 1 0
35 22 7 36 18 12 9 6 13 48 4 8 25 25 22 6 18 1 8 1 42 0 0 6 29 23 30 13 8 3 14 1 0 5 19 5 40 7 2 45 3 17 9 20 22 5 8 36 6 21 4 30 17 16 1 34 0 28 25 15 12 0 1 25 5 6 26 7 28 3 30 8 36 14 0 32 13 7 1 16 25 9 30 30 5 1 0 3 25 26 11 26 6 37 20 5 21 8 1 4
11 32 17 4 6 22 9 13 4 25 2 6 26 9 29 4 14 11 3 1 13 0 0 11 22 24 12 13 12 20 24 2 20 5 22 9 31 10 7 29 1 7 14 12 6 16 27 7 0 1 6 20 16 20 19 2 1 21 11 12 14 13 1 22 24 10 11 21 4 11 24 1 18 23 32 0 8 32 1 1 1 17 28 27 10 6 0 18 13 26 12 11 4 31 29 8 18 29 1 13
7 8 2 10 4 26 7 16 9 32 1 12 3 27 17 4 1 1 1 1 29 28 1 5 8 13 13 2 3 25 4 12 11 6 12 1 12 1 10 27 10 10 9 26 32 11 17 4 7 3 15 29 20 6 4 25 1 7 29 19 9 0 21 24 12 5 2 11 29 0 2 23 18 25 0 22 0 12 0 18 19 15 2 13 7 33 1 29 12 1 13 31 7 3 25 11 18 10 0 12
29 27 30 32 2 11 6 7 3 38 2 13 28 2 29 4 11 9 4 1 17 21 1 5 4 3 36 23 19 25 3 2 17 7 5 37 27 4 0 32 5 1 14 10 15 10 5 15 7 18 2 4 0 2 12 7 0 24 30 9 17 1 21 1 15 0 11 4 23 9 10 19 5 25 30 12 27 0 0 21 15 10 2 2 12 15 1 25 30 10 3 28 0 27 28 39 23 11 0 17
1 0 0 0 1 1 0 1 1 1 0 1 0 0 1 0 1 0 1 1 0 1 1 0 0 1 0 0 1 0 1 1 0 1 0 0 1 0 0 1 0 1 0 1 1 0 1 0 1 0 1 0 0 0 0 0 0 0 1 0 0 0 1 1 1 1 0 1 1 1 1 1 0 0 1 0 0 0 0 1 0 1 1 1 1 0 0 0 1 0 1 0 1 0 0 1 1 0 0 0
15 22 3 2 9 13 8 2 13 9 10 8 1 12 26 5 23 5 0 0 14 16 0 12 28 38 6 10 5 8 5 1 20 1 13 27 19 16 33 5 6 7 7 23 17 42 14 11 0 4 7 38 14 17 12 35 1 14 27 3 22 4 16 26 15 6 7 6 33 19 23 29 33 11 4 16 1 30 1 0 10 19 30 17 21 22 0 4 11 5 1 34 13 21 25 13 11 20 0 0
22 4 3 2 8 5 6 17 20 24 3 5 16 29 11 0 0 3 9 0 18 27 1 6 23 26 3 6 12 23 23 10 5 18 19 27 28 24 12 27 1 20 13 12 23 25 12 9 4 11 9 15 19 10 10 1 1 2 21 0 17 3 16 6 9 10 25 3 9 8 2 15 21 9 17 16 21 8 1 2 0 7 7 8 1 15 1 3 21 20 16 14 22 8 26 7 11 18 1 2
3 3 18 21 10 2 6 12 18 6 2 18 1 22 1 5 20 8 0 0 1 0 0 7 16 7 22 12 6 14 21 7 19 11 13 6 2 21 17 3 10 5 5 12 15 20 6 10 11 1 13 7 14 3 13 17 0 17 12 4 13 1 5 18 14 1 5 18 21 8 19 22 11 6 2 5 2 18 1 3 13 0 15 5 13 21 0 22 8 13 13 19 0 1 1 13 9 11 1 10
21 31 28 0 23 29 6 21 15 45 12 10 20 7 8 3 12 9 16 1 31 29 1 18 23 30 19 25 15 3 33 6 10 0 20 27 29 16 13 26 5 20 12 30 42 37 12 34 2 4 15 44 14 19 5 5 1 24 25 17 16 0 14 5 19 8 25 7 11 10 38 7 2 12 3 5 28 25 1 28 15 15 0 27 23 47 0 20 12 20 11 32 14 33 12 4 16 35 1 10
19 13 0 30 16 21 1 17 16 14 9 21 13 9 20 1 10 10 1 1 11 13 1 11 5 25 2 1 4 16 20 11 2 17 21 13 22 24 20 22 10 12 8 16 3 11 3 31 3 10 3 12 18 17 0 20 1 23 30 1 5 4 3 0 2 0 4 21 19 16 23 19 1 11 10 21 22 13 0 24 27 8 9 0 10 21 1 6 16 11 3 24 9 10 9 22 17 20 1 8
9 3 3 28 2 25 7 5 13 21 20 21 24 33 4 1 17 8 16 1 27 23 0 10 26 31 26 23 7 23 5 13 1 20 20 31 21 4 15 26 5 21 11 16 27 27 32 8 5 2 4 9 24 7 9 7 1 13 2 6 11 1 22 28 28 3 8 0 4 19 37 21 8 1 19 19 15 12 1 28 27 1 26 5 0 28 1 30 15 2 12 2 7 29 23 32 7 12 0 6
22 5 25 23 5 15 3 19 6 45 2 22 15 15 23 2 2 0 3 0 40 3 1 5 30 31 8 20 19 12 0 8 11 1 6 28 9 24 18 12 1 18 12 9 6 8 19 13 7 17 15 27 16 20 12 12 1 14 34 14 23 9 25 10 1 4 25 11 30 7 39 1 3 19 17 15 30 26 0 20 20 8 0 14 22 0 0 30 20 16 3 31 5 49 13 31 0 20 0 14
0 1 0 0 1 1 1 1 0 0 0 1 0 0 0 0 1 0 1 0 0 0 0 0 0 0 0 0 0 0 1 1 1 0 1 1 1 0 1 1 0 0 0 0 1 0 0 0 0 1 1 0 1 1 1 0 1 1 0 1 0 1 1 0 1 1 0 0 0 1 0 1 1 0 0 0 0 0 0 1 0 1 0 0 0 0 0 0 1 0 1 1 0 1 1 1 1 1 0 0
18 25 5 2 2 29 9 19 16 22 15 11 0 26 5 5 5 6 9 1 4 30 0 8 22 10 12 27 14 1 18 7 15 8 0 20 18 30 15 22 7 14 5 12 31 6 30 22 5 22 6 17 25 10 13 1 1 20 23 2 23 12 6 29 27 9 9 16 27 12 29 24 31 20 0 17 8 31 0 8 23 22 14 28 29 5 1 0 31 23 14 0 10 30 20 19 3 32 0 17
0 24 25 14 7 11 8 3 4 17 4 23 14 26 26 3 9 8 8 0 23 23 0 12 4 12 13 30 7 26 1 12 15 11 8 18 21 16 25 25 11 14 1 14 6 12 25 15 6 7 15 20 8 2 3 32 0 25 32 14 6 0 19 2 4 10 0 1 19 10 31 15 0 20 3 24 8 3 0 9 14 15 18 2 1 20 1 3 0 12 13 30 22 3 31 27 10 13 1 3
3 20 22 21 16 17 9 0 24 15 2 6 28 14 9 4 19 9 10 0 24 9 1 2 4 7 15 13 17 5 26 10 9 6 18 29 24 1 24 10 10 21 7 23 20 6 25 2 3 10 10 22 8 12 23 25 1 17 10 14 8 13 8 28 4 4 9 10 13 15 11 1 21 5 21 15 5 29 1 25 0 13 23 4 0 2 1 8 29 0 17 3 9 5 23 11 5 28 1 14
7 1 17 6 7 9 9 14 6 3 5 11 1 17 15 6 8 6 13 1 12 5 0 12 5 2 10 4 3 5 17 6 8 5 13 0 9 12 7 2 5 10 0 5 4 13 2 10 13 17 14 2 11 6 11 6 1 2 15 15 13 1 2 12 17 10 12 12 16 16 13 12 11 4 1 1 14 15 1 16 15 4 7 17 10 4 1 17 9 16 0 7 11 11 8 4 9 12 1 6
14 6 30 2 4 22 5 10 25 4 7 14 13 3 1 7 9 8 1 1 14 23 0 4 2 20 2 12 2 9 19 8 17 12 7 25 21 0 9 20 8 2 7 22 30 4 28 19 4 8 1 25 32 12 7 24 1 10 4 17 5 5 25 5 1 7 7 9 18 15 15 18 30 18 31 30 11 6 1 30 3 11 21 9 14 26 0 6 1 11 6 0 10 1 13 32 12 9 1 5
2 3 15 10 11 19 1 18 17 2 17 19 4 16 9 6 11 11 8 1 18 20 1 20 19 1 19 1 18 2 16 10 10 6 20 12 15 1 2 2 11 4 8 20 4 6 13 19 6 9 15 12 15 14 3 19 1 21 9 11 21 0 5 13 13 7 0 1 23 6 13 16 22 13 13 15 11 21 0 3 7 10 17 13 6 9 0 22 22 14 2 7 0 8 10 11 17 10 0 7
21 2 16 13 12 2 5 12 1 26 20 1 13 16 6 6 6 7 15 0 12 28 1 11 17 3 28 2 9 18 28 4 5 0 9 3 47 19 19 40 11 23 8 6 46 9 18 13 8 15 7 13 2 6 20 19 0 27 2 1 5 6 23 4 27 4 26 19 24 4 23 20 27 6 30 28 13 38 0 35 29 17 23 26 16 35 0 2 30 8 16 30 17 0 15 17 4 36 0 10
14 3 27 24 20 29 8 20 25 1 13 17 21 27 25 1 3 4 8 1 29 10 1 22 31 23 26 20 0 12 17 2 20 10 14 3 0 5 20 25 4 10 4 0 24 32 18 27 8 11 2 32 0 19 14 20 1 12 17 12 23 13 1 11 18 10 29 5 31 7 19 27 11 4 1 30 2 37 0 32 2 15 27 2 9 16 0 0 13 2 8 7 11 15 0 3 21 29 1 13
39 13 29 46 12 32 6 11 16 35 18 17 20 11 26 4 14 4 12 0 22 30 0 12 11 21 34 4 2 6 1 14 15 15 10 12 27 8 0 33 7 20 0 34 17 6 30 7 13 20 15 16 28 22 7 21 0 6 34 14 15 7 19 24 22 3 31 20 16 1 34 8 30 7 37 36 14 21 0 14 5 18 12 15 11 17 0 11 29 6 10 27 11 13 36 0 1 28 0 15
18 23 1 19 2 12 7 9 10 2 20 16 22 4 23 2 20 9 0 0 19 6 0 8 3 14 22 8 10 17 10 1 19 20 9 14 24 14 7 0 10 22 11 14 2 3 11 8 12 21 8 23 21 7 9 18 1 24 24 6 14 12 2 4 10 5 11 21 19 19 5 5 19 10 4 9 8 11 0 9 7 9 2 2 5 14 0 1 13 14 3 14 23 15 16 9 0 17 0 6
9 0 7 17 16 21 9 10 7 3 12 19 8 15 8 6 2 10 4 1 17 10 0 8 21 36 28 28 19 20 14 2 1 22 23 27 20 30 11 19 2 1 15 34 26 20 24 10 9 5 4 20 29 13 3 32 0 2 18 19 7 0 22 4 7 5 11 17 28 6 15 27 3 22 6 23 14 36 1 21 24 20 37 25 28 4 1 24 11 14 1 30 15 39 30 11 10 0 0 4
1 1 0 1 1 1 1 0 0 0 1 0 0 1 0 0 1 1 1 1 1 1 1 0 0 1 0 0 1 1 1 1 0 0 1 1 0 0 1 1 1 0 0 1 1 0 0 1 0 0 1 1 1 1 0 1 1 0 0 1 1 1 1 0 0 1 1 1 0 0 0 0 0 0 1 1 0 1 1 1 0 0 0 1 0 0 0 1 0 1 1 0 0 0 1 1 1 0 0 0
1 15 4 16 10 0 9 14 4 7 1 5 10 8 11 7 7 5 9 1 3 12 0 11 7 15 17 16 0 1 0 6 7 5 3 14 9 9 11 16 1 8 16 14 9 1 0 16 6 17 2 2 12 15 14 16 1 16 13 3 10 8 11 13 0 6 17 14 7 10 5 16 9 11 11 1 3 7 1 8 3 0 3 11 14 5 0 11 3 15 16 8 17 4 5 3 5 14 0 0
