50
43 140 193
30 88 166
29 371 456
23 410 440
47 220 276
28 281 362
1 193 198
34 76 195
18 7 36
36 69 128
33 11 100
53 43 137
47 191 294
26 308 414
39 25 75
29 101 172
14 60 126
37 296 368
30 113 211
20 224 308
36 75 160
31 71 133
24 477 514
49 308 408
23 69 93
31 129 165
45 127 230
54 48 112
41 196 259
7 25 91
1 108 119
22 504 609
29 5 105
44 53 159
25 614 697
21 167 239
21 41 115
8 79 91
16 381 475
22 229 311
33 257 330
17 79 101
16 49 120
35 51 128
20 601 689
11 120 154
31 24 95
43 50 108
20 45 111
31 254 323
0 0 2 7 34 15 1 22 13 11 25 6 32 10 29 23 1 35 13 4 8 6 11 22 8 24 26 15 23 4 1 19 20 23 8 8 2 1 10 20 8 5 10 26 5 9 4 26 10 19
4 0 15 15 28 6 1 10 6 12 3 25 0 15 28 1 6 7 24 14 28 6 10 27 8 12 8 12 28 4 1 10 0 20 10 20 3 8 14 17 11 15 12 12 4 2 18 22 16 30
0 20 0 20 6 9 1 17 2 9 0 16 1 16 12 1 12 17 11 2 7 0 7 0 3 13 29 25 27 1 0 16 27 29 9 13 11 2 3 6 16 13 16 3 7 10 29 9 5 4
20 20 14 0 19 20 1 20 17 19 18 8 5 2 21 8 4 10 8 14 0 3 12 4 22 10 20 21 2 4 0 22 13 21 21 7 5 5 16 21 15 17 12 21 5 1 3 22 0 1
16 5 27 17 0 28 1 31 16 11 19 7 20 8 6 18 9 9 19 12 8 19 14 5 13 6 17 13 11 2 1 3 10 10 11 7 21 0 9 16 4 3 14 9 17 10 24 42 15 6
8 10 1 9 4 0 1 22 15 23 21 3 17 15 14 28 13 21 23 4 2 20 9 23 20 21 23 22 6 3 0 5 27 23 9 1 17 6 15 13 16 8 8 12 10 2 21 17 11 17
0 1 1 0 1 1 0 0 0 0 1 0 0 0 0 1 0 0 0 0 0 1 1 0 1 0 0 1 0 1 1 0 1 1 1 0 0 0 0 0 0 0 0 0 1 1 1 1 1 1
1 7 23 19 32 23 0 0 4 26 32 11 2 6 31 2 0 14 9 2 21 17 8 12 21 6 15 6 20 3 0 19 6 5 5 6 8 8 1 3 17 3 7 14 18 5 14 18 16 25
14 16 7 3 17 14 1 2 0 12 11 9 8 8 11 2 6 5 18 3 5 6 7 7 3 10 14 2 8 7 1 3 16 10 8 12 18 0 11 12 0 9 9 1 2 8 5 4 8 9
34 19 9 14 27 11 1 8 17 0 9 33 5 13 34 11 14 31 7 9 6 12 3 22 17 27 24 6 9 0 0 4 29 3 17 13 9 1 5 20 4 16 5 15 17 5 12 21 13 3
24 3 2 11 15 0 1 2 1 29 0 7 19 12 12 25 1 9 26 18 9 13 13 22 7 21 20 0 29 0 1 11 14 13 8 16 3 4 16 22 17 12 15 33 14 10 29 11 7 13
28 8 25 23 35 26 0 24 17 4 10 0 44 15 20 8 10 15 23 17 3 27 18 4 10 25 16 21 32 4 0 8 22 25 3 7 3 6 16 18 26 12 15 13 7 4 2 18 3 8
2 11 4 13 25 0 1 9 2 12 13 42 0 3 32 24 13 31 16 6 13 2 19 41 14 1 43 1 28 4 0 19 0 18 12 9 19 6 1 5 16 16 3 20 8 5 20 23 5 0
6 25 25 1 7 23 0 12 13 5 1 13 15 0 2 17 2 11 1 7 23 1 21 18 15 9 25 16 15 1 1 2 6 10 23 11 6 5 9 12 22 4 10 22 9 10 17 4 19 5
17 6 13 6 18 14 0 26 18 12 29 30 18 12 0 26 12 14 6 3 11 3 2 14 5 31 25 15 33 4 1 0 23 11 5 21 12 2 1 18 13 13 3 5 18 0 0 30 2 30
7 16 25 2 14 25 0 1 13 5 24 16 29 14 29 0 4 2 17 2 2 5 15 2 22 19 6 0 24 4 1 4 10 3 1 8 19 2 5 21 19 17 6 15 17 7 21 29 15 27
7 6 0 1 8 9 1 10 14 5 13 0 5 9 14 0 0 5 13 4 2 9 10 2 1 1 14 1 2 3 1 11 2 5 7 11 2 6 0 12 5 4 2 3 4 9 11 4 12 4
10 9 5 14 4 2 0 31 12 21 29 29 21 15 33 6 9 0 13 11 32 17 24 35 1 5 34 24 30 7 0 11 2 8 7 3 9 6 8 8 16 4 14 21 16 4 6 29 12 3
23 21 11 0 20 17 0 17 0 17 10 8 3 20 14 1 11 2 0 7 3 21 20 1 22 9 5 24 21 0 0 19 17 3 21 14 1 2 13 21 20 4 11 3 18 3 23 14 5 0
7 7 6 4 6 17 0 7 14 8 15 20 0 17 1 8 13 9 15 0 15 16 1 14 11 20 19 13 18 5 1 1 16 5 3 4 11 3 6 7 12 8 9 9 2 11 20 19 12 2
16 3 12 15 19 24 1 8 11 31 11 24 3 0 7 16 2 4 25 8 0 11 3 8 5 12 35 9 26 5 1 4 29 9 13 19 18 8 5 2 12 10 2 0 16 7 0 12 17 19
14 11 19 19 24 9 1 13 18 9 5 16 14 5 10 3 6 18 12 13 4 0 18 29 14 3 12 17 17 0 0 1 19 5 21 20 18 2 5 7 1 9 0 10 10 2 17 4 18 1
4 24 12 2 10 19 1 9 12 4 5 18 18 4 18 4 3 16 20 18 5 20 0 15 8 11 24 8 10 7 1 22 8 7 15 12 3 0 10 20 2 5 16 11 1 6 14 3 5 10
29 3 18 15 0 8 0 14 17 28 11 1 22 11 35 19 6 2 29 13 36 27 13 0 18 4 17 10 25 6 0 5 23 10 4 5 7 8 10 1 18 2 16 28 13 7 17 20 6 11
20 9 4 14 21 9 0 17 14 9 4 5 21 11 23 16 11 21 2 12 16 0 14 17 0 20 4 17 7 0 0 18 9 13 10 4 20 5 6 4 4 1 16 14 3 0 19 2 4 8
5 29 27 23 9 26 1 10 4 28 8 14 9 9 14 6 14 13 12 19 30 12 9 16 9 0 3 0 1 0 0 18 22 3 19 14 21 4 9 22 18 3 6 24 14 9 27 17 11 19
2 10 9 6 0 3 1 34 4 15 10 22 10 20 0 6 12 22 4 16 33 29 21 34 6 28 0 21 34 2 0 7 8 6 23 5 10 7 15 2 3 11 5 21 18 1 20 22 5 9
16 28 16 18 26 23 1 7 15 35 5 17 1 2 4 29 8 26 0 15 24 0 7 28 4 25 13 0 19 0 0 17 19 29 8 14 10 6 11 7 29 6 0 1 4 6 23 3 9 21
8 7 13 18 6 14 1 23 6 24 33 28 28 26 8 20 6 12 14 6 17 20 15 29 20 30 2 9 0 2 1 9 24 13 23 7 9 8 4 17 13 9 2 9 8 10 13 9 15 6
3 5 6 0 6 7 1 3 4 7 1 6 4 2 4 4 4 3 7 7 6 7 5 7 4 4 2 2 0 0 1 0 4 0 4 0 2 4 2 1 1 6 2 3 1 7 2 1 5 6
0 0 0 1 0 1 1 1 1 0 0 1 0 1 1 0 0 1 0 0 0 1 0 0 0 1 1 0 0 0 0 1 0 0 1 1 0 0 0 0 1 0 1 1 0 0 0 1 0 0
17 14 4 12 1 16 0 19 7 16 7 20 2 0 9 12 2 17 22 6 0 22 20 18 15 5 5 19 19 1 0 0 6 17 9 16 10 1 14 1 10 15 16 19 15 8 7 19 4 18
13 29 16 13 2 0 0 14 15 7 9 2 27 10 24 28 5 13 9 13 25 20 10 17 18 2 27 2 18 5 1 15 0 6 20 0 19 3 16 9 18 0 12 26 19 6 17 13 16 4
33 12 11 6 44 9 0 26 14 19 28 16 14 22 30 13 12 2 12 4 28 24 22 3 14 2 17 29 0 7 1 17 28 0 24 7 15 4 4 8 29 3 6 23 15 3 5 26 9 1
18 6 7 19 21 20 0 0 6 10 15 0 25 12 25 22 9 17 15 10 16 3 13 6 20 9 8 3 21 2 0 3 19 23 0 12 10 8 5 11 5 1 13 8 9 3 17 7 5 13
5 14 15 12 4 20 0 3 9 4 13 17 6 14 9 9 9 18 11 2 5 19 6 7 11 10 4 16 15 6 1 8 7 17 9 0 21 5 11 10 20 14 10 11 3 11 12 21 0 8
21 18 14 1 11 0 1 20 9 19 12 7 15 12 1 5 3 14 1 6 14 13 3 17 12 16 19 19 10 7 1 11 2 19 6 3 0 7 11 5 2 12 0 2 13 9 19 11 6 21
3 0 5 5 4 4 0 4 3 3 5 3 2 4 5 2 2 7 6 6 4 2 4 3 1 3 7 4 8 2 1 2 5 5 2 5 8 0 1 6 7 1 1 3 0 3 4 7 6 4
9 13 4 8 16 11 0 12 11 10 11 1 14 3 1 5 7 14 7 14 16 8 7 6 0 11 11 9 9 6 0 0 13 3 3 14 3 8 0 8 3 7 6 10 0 8 7 7 10 4
21 0 10 5 7 18 0 15 8 8 4 18 6 4 2 4 10 17 8 20 22 4 2 19 21 6 13 22 5 2 0 11 6 13 4 3 19 1 14 0 6 3 8 19 17 6 22 3 8 2
6 9 29 22 27 10 1 2 0 28 21 32 16 20 13 1 11 25 8 19 16 11 7 3 16 17 23 16 4 3 1 17 6 27 15 5 12 3 6 11 0 15 5 4 3 9 28 25 16 23
14 13 10 2 12 10 1 16 17 15 8 10 0 9 11 6 14 4 10 11 10 8 2 10 7 4 15 5 14 6 1 0 10 17 10 1 3 6 0 6 0 0 8 11 6 9 5 16 17 4
14 0 3 6 14 12 1 7 0 15 16 7 1 0 8 5 1 2 1 5 15 16 6 12 15 15 14 12 9 3 0 10 13 4 2 3 1 4 5 15 13 10 0 14 15 10 12 6 8 16
29 6 23 23 28 3 1 18 1 20 6 29 1 17 13 24 11 5 28 12 15 19 6 0 2 16 3 23 21 0 0 6 23 27 4 6 9 4 3 3 21 4 16 0 20 6 18 2 14 1
11 2 17 2 17 19 1 3 7 18 12 19 5 3 2 9 0 2 16 6 9 15 19 14 7 9 1 7 15 7 1 7 9 14 3 11 17 3 7 10 5 13 4 11 0 8 13 13 1 7
3 9 4 3 8 7 0 2 9 8 2 11 11 6 2 5 4 2 7 5 0 2 3 9 0 3 8 4 2 5 0 0 2 0 4 6 9 0 9 8 8 5 6 4 11 0 6 11 6 3
6 17 11 18 19 2 1 27 18 26 14 2 28 20 1 3 0 23 26 1 26 22 17 30 15 21 13 0 31 2 0 2 12 4 16 18 10 8 2 13 14 6 8 30 13 6 0 5 6 26
16 22 15 17 15 25 0 30 12 20 27 19 42 21 31 22 13 26 30 17 3 4 23 30 21 31 40 3 24 4 1 15 17 35 9 10 11 7 16 5 25 8 12 2 14 8 31 0 6 12
9 6 16 16 0 1 0 15 1 15 2 4 7 15 16 17 2 1 16 15 10 16 19 2 3 14 1 0 19 7 0 10 3 1 15 4 2 5 2 19 14 4 16 10 6 1 6 4 0 9
4 24 24 12 19 7 0 4 4 20 6 18 30 2 27 16 9 3 24 19 25 12 21 29 19 19 25 15 21 2 0 10 22 0 25 20 21 0 0 11 30 4 5 11 3 6 29 13 14 0
