200
12 167 185
17 1662 1686
9 2254 2269
17 1303 1327
22 214 242
15 1732 1755
10 2115 2137
22 2701 2734
12 723 745
20 1214 1240
16 2903 2927
21 997 1025
20 1405 1432
14 2109 2131
19 2631 2660
9 1581 1602
14 1393 1413
5 149 161
24 2418 2448
14 2680 2706
20 1458 1488
10 2284 2304
24 2800 2839
19 2832 2862
19 2370 2400
7 532 552
12 2681 2702
21 481 509
21 1927 1954
7 1303 1317
6 1679 1699
12 2057 2076
16 2884 2912
22 682 714
12 1115 1134
15 242 266
14 160 180
10 2620 2645
12 2538 2558
8 1657 1673
23 1421 1452
24 1023 1053
19 586 619
20 2981 3007
7 2861 2876
6 822 841
24 1392 1424
21 28 55
14 1447 1470
11 922 940
19 15 43
11 294 312
15 666 692
20 824 852
12 129 153
10 2404 2420
23 1633 1664
14 1244 1264
8 1288 1302
24 2375 2408
15 3026 3047
15 1409 1435
22 771 802
9 2600 2618
24 2747 2783
7 2863 2876
14 515 539
20 2988 3015
20 1066 1093
23 66 95
17 2892 2917
23 764 796
24 2696 2728
20 1086 1113
16 1242 1267
17 13 37
20 333 360
5 2904 2920
19 2148 2175
9 182 197
9 108 125
18 2756 2781
10 2639 2655
6 352 367
19 1620 1645
14 600 620
9 2266 2285
13 956 977
19 544 570
12 597 617
17 1536 1568
16 2292 2323
24 2419 2453
23 307 345
5 2293 2304
19 2978 3007
13 2682 2701
15 2903 2931
6 1184 1197
5 2140 2160
13 1726 1747
6 565 580
17 2448 2480
19 290 324
23 2125 2156
24 228 262
7 1992 2005
22 1675 1712
14 1333 1353
23 296 325
16 437 459
15 2577 2601
11 1562 1579
5 1938 1950
10 260 276
19 2214 2242
20 3039 3065
12 2522 2541
18 2184 2212
21 1071 1103
20 1411 1437
16 2562 2584
13 2665 2684
22 374 411
9 2344 2360
6 1279 1291
7 274 287
5 1546 1558
6 2557 2569
23 958 988
17 71 95
5 1125 1136
9 618 635
12 1900 1918
19 1942 1968
14 2809 2837
23 2426 2459
23 2246 2278
24 829 860
18 719 744
19 1107 1135
21 1141 1169
21 1515 1545
23 1363 1392
5 2366 2386
19 2430 2455
16 761 784
11 50 69
15 2601 2623
21 2907 2934
16 2597 2620
12 2717 2737
17 2920 2943
9 2076 2094
22 1719 1747
7 146 162
5 2992 3005
24 522 559
9 2051 2068
12 235 254
17 742 768
11 2511 2532
22 986 1016
21 1296 1326
24 501 534
11 1883 1909
23 858 890
10 864 884
24 2151 2184
14 2463 2483
10 1236 1252
21 2714 2742
24 621 651
24 590 623
18 2126 2150
11 84 109
12 2928 2950
18 1125 1149
7 304 319
11 1988 2005
19 2054 2086
10 1278 1295
17 1436 1463
5 1148 1159
19 2173 2201
19 800 826
10 958 978
9 2560 2575
22 635 663
17 1914 1937
22 2597 2634
20 767 793
23 1750 1784
11 1077 1102
24 1679 1711
20 116 143
10 2599 2619
6 2068 2080
13 1815 1836
5 1751 1766
0 3 2 3 4 3 2 4 3 3 3 3 3 3 3 2 3 1 4 3 3 2 4 3 3 2 3 3 3 2 2 3 3 4 3 3 3 2 3 2 4 4 3 3 2 2 4 3 3 2 3 2 3 3 3 2 4 3 2 4 3 3 4 2 4 2 3 3 3 4 3 4 4 3 3 3 3 1 3 2 2 3 2 2 3 3 2 3 3 3 3 3 4 4 1 3 3 3 2 1 3 2 3 3 4 4 2 4 3 4 3 3 2 1 2 3 3 3 3 3 3 3 3 4 2 2 2 1 2 4 3 1 2 3 3 3 4 4 4 3 3 3 3 4 1 3 3 2 3 3 3 3 3 2 4 2 1 4 2 3 3 2 4 3 4 2 4 2 4 3 2 3 4 4 3 2 3 3 2 2 3 2 3 1 3 3 2 2 4 3 4 3 4 2 4 3 2 2 3 1
3 0 3 4 4 3 3 4 3 4 4 4 4 3 4 3 3 2 5 3 4 3 5 4 4 2 3 4 4 2 2 3 4 4 3 3 3 3 3 2 4 5 4 4 2 2 5 4 3 3 4 3 3 4 3 3 4 3 2 5 3 3 4 3 5 2 3 4 4 4 4 4 5 4 4 4 4 2 4 3 3 4 3 2 4 3 3 3 4 3 4 4 5 4 2 4 3 3 2 2 3 2 4 4 4 5 2 4 3 4 4 3 3 2 3 4 4 3 4 4 4 4 3 4 3 2 2 2 2 4 4 2 3 3 4 3 4 4 5 4 4 4 4 4 2 4 4 3 3 4 4 3 4 3 4 2 2 5 3 3 4 3 4 4 5 3 4 3 5 3 3 4 5 5 4 3 3 4 2 3 4 3 4 2 4 4 3 3 4 4 4 4 4 3 5 4 3 2 3 2
2 3 0 3 3 2 2 3 2 3 3 3 3 2 3 2 2 1 3 2 3 2 3 3 3 1 2 3 3 1 1 2 3 3 2 2 2 2 2 2 3 3 3 3 1 1 3 3 2 2 3 2 2 3 2 2 3 2 2 3 2 2 3 2 3 1 2 3 3 3 3 3 3 3 3 3 3 1 3 2 2 3 2 1 3 2 2 2 3 2 3 3 3 3 1 3 2 2 1 1 2 1 3 3 3 3 1 3 2 3 3 2 2 1 2 3 3 2 3 3 3 3 2 3 2 1 1 1 1 3 3 1 2 2 3 2 3 3 3 3 3 3 3 3 1 3 3 2 2 3 3 2 3 2 3 1 1 3 2 2 3 2 3 3 3 2 3 2 3 2 2 3 3 3 3 2 2 3 1 2 3 2 3 1 3 3 2 2 3 3 3 3 3 2 3 3 2 1 2 1
3 4 3 0 4 3 3 4 3 4 4 4 4 3 4 3 3 2 5 3 4 3 5 4 4 2 3 4 4 2 2 3 4 4 3 3 3 3 3 2 4 5 4 4 2 2 5 4 3 3 4 3 3 4 3 3 4 3 2 5 3 3 4 3 5 2 3 4 4 4 4 4 5 4 4 4 4 2 4 3 3 4 3 2 4 3 3 3 4 3 4 4 5 4 2 4 3 3 2 2 3 2 4 4 4 5 2 4 3 4 4 3 3 2 3 4 4 3 4 4 4 4 3 4 3 2 2 2 2 4 4 2 3 3 4 3 4 4 5 4 4 4 4 4 2 4 4 3 3 4 4 3 4 3 4 2 2 5 3 3 4 3 4 4 5 3 4 3 5 3 3 4 5 5 4 3 3 4 2 3 4 3 4 2 4 4 3 3 4 4 4 4 4 3 5 4 3 2 3 2
4 4 3 4 0 4 3 5 4 5 4 5 5 4 5 3 4 2 5 4 5 3 5 5 5 3 4 5 5 3 2 4 4 5 4 4 4 3 4 3 5 5 5 5 3 2 5 5 4 3 5 3 4 5 4 3 5 4 3 5 4 4 5 3 5 3 4 5 5 5 4 5 5 5 4 4 5 2 5 3 3 4 3 2 5 4 3 4 5 4 4 4 5 5 2 5 4 4 2 2 4 2 4 5 5 5 3 5 4 5 4 4 3 2 3 5 5 4 4 5 5 4 4 5 3 2 3 2 2 5 4 2 3 4 5 4 5 5 5 4 5 5 5 5 2 5 4 3 4 5 4 4 4 3 5 3 2 5 3 4 4 3 5 5 5 3 5 3 5 4 3 5 5 5 4 3 4 4 3 3 5 3 4 2 5 5 3 3 5 4 5 5 5 3 5 5 3 2 4 2
3 3 2 3 4 0 3 4 3 4 3 4 4 3 4 2 3 2 4 3 4 3 4 4 4 2 3 4 4 2 2 3 3 4 3 3 3 3 3 2 4 4 4 4 2 2 4 4 3 3 4 3 3 4 3 3 4 3 2 4 3 3 4 2 4 2 3 4 4 4 3 4 4 4 3 3 4 2 4 2 2 4 3 2 4 3 2 3 4 3 3 3 4 4 2 4 3 3 2 2 3 2 3 4 4 4 2 4 3 4 3 3 3 2 3 4 4 3 4 4 4 3 3 4 2 2 2 2 2 4 3 2 2 3 4 3 4 4 4 4 4 4 4 4 2 4 3 3 3 4 3 3 3 2 4 2 2 4 2 3 3 3 4 4 4 3 4 3 4 3 3 4 4 4 4 3 3 4 2 3 4 3 3 2 4 4 3 2 4 3 4 4 4 3 4 4 3 2 3 2
2 3 2 3 3 3 0 3 2 3 3 3 3 2 3 2 2 1 3 2 3 2 3 3 3 2 2 3 3 2 1 2 3 3 2 3 2 2 2 2 3 3 3 3 2 1 3 3 2 2 3 2 3 3 2 2 3 2 2 3 3 3 3 2 3 2 2 3 3 3 3 3 3 3 3 3 3 1 3 2 2 3 2 1 3 2 2 2 3 2 3 3 3 3 1 3 2 3 1 1 2 1 3 3 3 3 2 3 2 3 3 3 2 1 2 3 3 2 3 3 3 3 2 3 2 1 2 1 1 3 3 1 2 2 3 2 3 3 3 3 3 3 3 3 1 3 3 2 3 3 3 2 3 2 3 2 1 3 2 2 3 2 3 3 3 2 3 2 3 2 2 3 3 3 3 2 2 3 2 2 3 2 3 1 3 3 2 2 3 3 3 3 3 2 3 3 2 1 2 1
4 4 3 4 5 4 3 0 4 5 4 5 5 4 5 3 4 2 5 4 5 3 5 5 5 3 4 5 5 3 2 4 4 5 4 4 4 3 4 3 5 5 5 5 3 2 5 5 4 3 5 3 4 5 4 3 5 4 3 5 4 4 5 3 5 3 4 5 5 5 4 5 5 5 4 4 5 2 5 3 3 4 3 2 5 4 3 4 5 4 4 4 5 5 2 5 4 4 2 2 4 2 4 5 5 5 3 5 4 5 4 4 3 2 3 5 5 4 4 5 5 4 4 5 3 2 3 2 2 5 4 2 3 4 5 4 5 5 5 4 5 5 5 5 2 5 4 3 4 5 4 4 4 3 5 3 2 5 3 4 4 3 5 5 5 3 5 3 5 4 3 5 5 5 4 3 4 4 3 3 5 3 4 2 5 5 3 3 5 4 5 5 5 3 5 5 3 2 4 2
3 3 2 3 4 3 2 4 0 3 3 3 3 3 3 2 3 1 4 3 3 2 4 3 3 2 3 3 3 2 2 3 3 4 3 3 3 2 3 2 4 4 3 3 2 2 4 3 3 2 3 2 3 3 3 2 4 3 2 4 3 3 4 2 4 2 3 3 3 4 3 4 4 3 3 3 3 1 3 2 2 3 2 2 3 3 2 3 3 3 3 3 4 4 1 3 3 3 2 1 3 2 3 3 4 4 2 4 3 4 3 3 2 1 2 3 3 3 3 3 3 3 3 4 2 2 2 1 2 4 3 1 2 3 3 3 4 4 4 3 3 3 3 4 1 3 3 2 3 3 3 3 3 2 4 2 1 4 2 3 3 2 4 3 4 2 4 2 4 3 2 3 4 4 3 2 3 3 2 2 3 2 3 1 3 3 2 2 4 3 4 3 4 2 4 3 2 2 3 1
3 4 3 4 5 4 3 5 3 0 4 5 5 4 4 3 4 2 5 4 5 3 5 4 4 2 3 5 5 2 2 3 4 5 3 4 4 3 3 3 5 5 4 5 2 2 5 5 4 3 4 3 4 5 3 3 5 4 3 5 4 4 5 3 5 2 4 5 5 5 4 5 5 5 4 4 5 2 4 3 3 4 3 2 4 4 3 4 4 3 4 4 5 5 2 4 4 4 2 2 4 2 4 4 5 5 2 5 4 5 4 4 3 2 3 4 5 3 4 5 5 4 4 5 3 2 2 2 2 5 4 2 3 3 4 4 5 5 5 4 4 5 5 5 2 4 4 3 4 5 4 3 4 3 5 2 2 5 3 3 4 3 5 5 5 3 5 3 5 4 3 5 5 5 4 3 3 4 2 3 4 3 4 2 4 4 3 3 5 4 5 5 5 3 5 5 3 2 4 2
3 4 3 4 4 3 3 4 3 4 0 4 4 3 4 3 3 2 4 3 4 3 4 4 4 2 3 4 4 2 2 3 4 4 3 3 3 3 3 2 4 4 4 4 2 2 4 4 3 3 4 3 3 4 3 3 4 3 2 4 3 3 4 3 4 2 3 4 4 4 4 4 4 4 4 4 4 2 4 3 3 4 3 2 4 3 3 3 4 3 4 4 4 4 2 4 3 3 2 2 3 2 4 4 4 4 2 4 3 4 4 3 3 2 3 4 4 3 4 4 4 4 3 4 3 2 2 2 2 4 4 2 3 3 4 3 4 4 4 4 4 4 4 4 2 4 4 3 3 4 4 3 4 3 4 2 2 4 3 3 4 3 4 4 4 3 4 3 4 3 3 4 4 4 4 3 3 4 2 3 4 3 4 2 4 4 3 3 4 4 4 4 4 3 4 4 3 2 3 2
3 4 3 4 5 4 3 5 3 5 4 0 5 4 4 3 4 2 5 4 5 3 5 4 4 3 3 5 5 3 2 3 4 5 3 4 4 3 3 3 5 5 4 5 3 2 5 5 4 3 4 3 4 5 3 3 5 4 3 5 4 4 5 3 5 3 4 5 5 5 4 5 5 5 4 4 5 2 4 3 3 4 3 2 4 4 3 4 4 3 4 4 5 5 2 4 4 4 2 2 4 2 4 4 5 5 3 5 4 5 4 4 3 2 3 4 5 3 4 5 5 4 4 5 3 2 3 2 2 5 4 2 3 3 4 4 5 5 5 4 4 5 5 5 2 4 4 3 4 5 4 3 4 3 5 3 2 5 3 3 4 3 5 5 5 3 5 3 5 4 3 5 5 5 4 3 3 4 3 3 4 3 4 2 4 4 3 3 5 4 5 5 5 3 5 5 3 2 4 2
3 4 3 4 5 4 3 5 3 5 4 5 0 4 4 3 4 2 5 4 5 3 5 4 4 2 3 5 5 2 2 3 4 5 3 4 4 3 3 3 5 5 4 5 2 2 5 5 4 3 4 3 4 5 3 3 5 4 3 5 4 4 5 3 5 2 4 5 5 5 4 5 5 5 4 4 5 2 4 3 3 4 3 2 4 4 3 4 4 3 4 4 5 5 2 4 4 4 2 2 4 2 4 4 5 5 2 5 4 5 4 4 3 2 3 4 5 3 4 5 5 4 4 5 3 2 2 2 2 5 4 2 3 3 4 4 5 5 5 4 4 5 5 5 2 4 4 3 4 5 4 3 4 3 5 2 2 5 3 3 4 3 5 5 5 3 5 3 5 4 3 5 5 5 4 3 3 4 2 3 4 3 4 2 4 4 3 3 5 4 5 5 5 3 5 5 3 2 4 2
3 3 2 3 4 3 2 4 3 4 3 4 4 0 4 2 3 2 4 3 4 2 4 4 4 2 3 4 4 2 2 3 3 4 3 3 3 2 3 2 4 4 4 4 2 2 4 4 3 3 4 3 3 4 3 2 4 3 2 4 3 3 4 2 4 2 3 4 4 4 3 4 4 4 3 3 4 2 4 2 2 3 2 2 4 3 2 3 4 3 3 3 4 4 2 4 3 3 2 2 3 2 3 4 4 4 2 4 3 4 3 3 3 2 2 4 4 3 3 4 4 3 3 4 2 2 2 2 2 4 3 2 2 3 4 3 4 4 4 3 4 4 4 4 2 4 3 3 3 4 3 3 3 2 4 2 2 4 2 3 3 3 4 4 4 3 4 2 4 3 2 4 4 4 3 3 3 3 2 3 4 2 3 2 4 4 2 2 4 3 4 4 4 3 4 4 2 2 3 2
3 4 3 4 5 4 3 5 3 4 4 4 4 4 0 3 4 2 5 4 4 3 5 4 4 2 3 4 4 2 2 3 4 5 3 4 4 3 3 3 5 5 4 4 2 2 5 4 4 3 4 3 4 4 3 3 5 4 3 5 4 4 5 3 5 2 4 4 4 5 4 5 5 4 4 4 4 2 4 3 3 4 3 2 4 4 3 3 4 3 4 4 5 5 2 4 3 4 2 2 3 2 4 4 5 5 2 5 4 5 4 4 3 2 3 4 4 3 4 4 4 4 3 5 3 2 2 2 2 5 4 2 3 3 4 4 5 5 5 4 4 4 4 5 2 4 4 3 4 4 4 3 4 3 5 2 2 5 3 3 4 3 5 4 5 3 5 3 5 4 3 4 5 5 4 3 3 4 2 3 4 3 4 2 4 4 3 3 5 4 5 4 5 3 5 4 3 2 3 2
2 3 2 3 3 2 2 3 2 3 3 3 3 2 3 0 2 1 3 2 3 2 3 3 3 1 2 3 3 1 1 2 3 3 2 2 2 2 2 2 3 3 3 3 1 1 3 3 2 2 3 2 2 3 2 2 3 2 2 3 2 2 3 2 3 1 2 3 3 3 3 3 3 3 3 3 3 1 3 2 2 3 2 1 3 2 2 2 3 2 3 3 3 3 1 3 2 2 1 1 2 1 3 3 3 3 1 3 2 3 3 2 2 1 2 3 3 2 3 3 3 3 2 3 2 1 1 1 1 3 3 1 2 2 3 2 3 3 3 3 3 3 3 3 1 3 3 2 2 3 3 2 3 2 3 1 1 3 2 2 3 2 3 3 3 2 3 2 3 2 2 3 3 3 3 2 2 3 1 2 3 2 3 1 3 3 2 2 3 3 3 3 3 2 3 3 2 1 2 1
3 3 2 3 4 3 2 4 3 4 3 4 4 3 4 2 0 2 4 3 4 2 4 4 4 2 3 4 4 2 2 3 3 4 3 3 3 2 3 2 4 4 4 4 2 2 4 4 3 3 4 3 3 4 3 2 4 3 2 4 3 3 4 2 4 2 3 4 4 4 3 4 4 4 3 3 4 2 4 2 2 3 2 2 4 3 2 3 4 3 3 3 4 4 2 4 3 3 2 2 3 2 3 4 4 4 2 4 3 4 3 3 3 2 2 4 4 3 3 4 4 3 3 4 2 2 2 2 2 4 3 2 2 3 4 3 4 4 4 3 4 4 4 4 2 4 3 3 3 4 3 3 3 2 4 2 2 4 2 3 3 3 4 4 4 3 4 2 4 3 2 4 4 4 3 3 3 3 2 3 4 2 3 2 4 4 2 2 4 3 4 4 4 3 4 4 2 2 3 2
1 2 1 2 2 2 1 2 1 2 2 2 2 2 2 1 2 0 2 2 2 1 2 2 2 1 1 2 2 1 1 1 2 2 1 2 2 1 1 1 2 2 2 2 1 1 2 2 2 1 2 1 2 2 1 1 2 2 1 2 2 2 2 1 2 1 2 2 2 2 2 2 2 2 2 2 2 1 2 1 1 2 1 1 2 2 1 2 2 1 2 2 2 2 1 2 2 2 1 1 2 1 2 2 2 2 1 2 2 2 2 2 1 1 1 2 2 1 2 2 2 2 2 2 1 1 1 1 1 2 2 1 1 1 2 2 2 2 2 2 2 2 2 2 1 2 2 1 2 2 2 1 2 1 2 1 1 2 1 1 2 1 2 2 2 1 2 1 2 2 1 2 2 2 2 1 1 2 1 1 2 1 2 1 2 2 1 1 2 2 2 2 2 1 2 2 1 1 2 1
4 5 3 5 5 4 3 5 4 5 4 5 5 4 5 3 4 2 0 4 5 3 6 5 5 3 4 5 5 3 3 4 4 5 4 4 4 3 4 3 5 6 5 5 3 3 6 5 4 4 5 4 4 5 4 3 5 4 3 6 4 4 5 3 6 3 4 5 5 5 5 5 6 5 4 5 5 2 5 3 3 5 3 3 5 4 3 4 5 4 5 4 6 5 2 5 4 4 3 2 4 3 5 5 5 6 3 5 4 5 4 4 4 2 3 5 5 4 5 5 5 4 4 5 3 3 3 2 3 5 5 2 3 4 5 4 5 5 6 5 5 5 5 5 2 5 4 4 4 5 4 4 5 3 5 3 2 6 3 4 5 4 5 5 6 4 5 3 6 4 3 5 6 6 5 4 4 5 3 4 5 3 5 2 5 5 3 3 5 5 5 5 5 4 6 5 3 3 4 2
3 3 2 3 4 3 2 4 3 4 3 4 4 3 4 2 3 2 4 0 4 2 4 4 4 2 3 4 4 2 2 3 3 4 3 3 3 2 3 2 4 4 4 4 2 2 4 4 3 3 4 3 3 4 3 2 4 3 2 4 3 3 4 2 4 2 3 4 4 4 3 4 4 4 3 3 4 2 4 2 2 3 2 2 4 3 2 3 4 3 3 3 4 4 2 4 3 3 2 2 3 2 3 4 4 4 2 4 3 4 3 3 3 2 2 4 4 3 3 4 4 3 3 4 2 2 2 2 2 4 3 2 2 3 4 3 4 4 4 3 4 4 4 4 2 4 3 3 3 4 3 3 3 2 4 2 2 4 2 3 3 3 4 4 4 3 4 2 4 3 2 4 4 4 3 3 3 3 2 3 4 2 3 2 4 4 2 2 4 3 4 4 4 3 4 4 2 2 3 2
3 4 3 4 5 4 3 5 3 5 4 5 5 4 4 3 4 2 5 4 0 3 5 4 4 2 3 5 5 2 2 3 4 5 3 4 4 3 3 3 5 5 4 5 2 2 5 5 4 3 4 3 4 5 3 3 5 4 3 5 4 4 5 3 5 2 4 5 5 5 4 5 5 5 4 4 5 2 4 3 3 4 3 2 4 4 3 4 4 3 4 4 5 5 2 4 4 4 2 2 4 2 4 4 5 5 2 5 4 5 4 4 3 2 3 4 5 3 4 5 5 4 4 5 3 2 2 2 2 5 4 2 3 3 4 4 5 5 5 4 4 5 5 5 2 4 4 3 4 5 4 3 4 3 5 2 2 5 3 3 4 3 5 5 5 3 5 3 5 4 3 5 5 5 4 3 3 4 2 3 4 3 4 2 4 4 3 3 5 4 5 5 5 3 5 5 3 2 4 2
2 3 2 3 3 3 2 3 2 3 3 3 3 2 3 2 2 1 3 2 3 0 3 3 3 2 2 3 3 2 1 2 3 3 2 3 2 2 2 2 3 3 3 3 2 1 3 3 2 2 3 2 3 3 2 2 3 2 2 3 3 3 3 2 3 2 2 3 3 3 3 3 3 3 3 3 3 1 3 2 2 3 2 1 3 2 2 2 3 2 3 3 3 3 1 3 2 3 1 1 2 1 3 3 3 3 2 3 2 3 3 3 2 1 2 3 3 2 3 3 3 3 2 3 2 1 2 1 1 3 3 1 2 2 3 2 3 3 3 3 3 3 3 3 1 3 3 2 3 3 3 2 3 2 3 2 1 3 2 2 3 2 3 3 3 2 3 2 3 2 2 3 3 3 3 2 2 3 2 2 3 2 3 1 3 3 2 2 3 3 3 3 3 2 3 3 2 1 2 1
4 5 3 5 5 4 3 5 4 5 4 5 5 4 5 3 4 2 6 4 5 3 0 5 5 3 4 5 5 3 3 4 4 5 4 4 4 3 4 3 5 6 5 5 3 3 6 5 4 4 5 4 4 5 4 3 5 4 3 6 4 4 5 3 6 3 4 5 5 5 5 5 6 5 4 5 5 2 5 3 3 5 3 3 5 4 3 4 5 4 5 4 6 5 2 5 4 4 3 2 4 3 5 5 5 6 3 5 4 5 4 4 4 2 3 5 5 4 5 5 5 4 4 5 3 3 3 2 3 5 5 2 3 4 5 4 5 5 6 5 5 5 5 5 2 5 4 4 4 5 4 4 5 3 5 3 2 6 3 4 5 4 5 5 6 4 5 3 6 4 3 5 6 6 5 4 4 5 3 4 5 3 5 2 5 5 3 3 5 5 5 5 5 4 6 5 3 3 4 2
3 4 3 4 5 4 3 5 3 4 4 4 4 4 4 3 4 2 5 4 4 3 5 0 4 2 3 4 4 2 2 3 4 5 3 4 4 3 3 3 5 5 4 4 2 2 5 4 4 3 4 3 4 4 3 3 5 4 3 5 4 4 5 3 5 2 4 4 4 5 4 5 5 4 4 4 4 2 4 3 3 4 3 2 4 4 3 3 4 3 4 4 5 5 2 4 3 4 2 2 3 2 4 4 5 5 2 5 4 5 4 4 3 2 3 4 4 3 4 4 4 4 3 5 3 2 2 2 2 5 4 2 3 3 4 4 5 5 5 4 4 4 4 5 2 4 4 3 4 4 4 3 4 3 5 2 2 5 3 3 4 3 5 4 5 3 5 3 5 4 3 4 5 5 4 3 3 4 2 3 4 3 4 2 4 4 3 3 5 4 5 4 5 3 5 4 3 2 3 2
3 4 3 4 5 4 3 5 3 4 4 4 4 4 4 3 4 2 5 4 4 3 5 4 0 2 3 4 4 2 2 3 4 5 3 4 4 3 3 3 5 5 4 4 2 2 5 4 4 3 4 3 4 4 3 3 5 4 3 5 4 4 5 3 5 2 4 4 4 5 4 5 5 4 4 4 4 2 4 3 3 4 3 2 4 4 3 3 4 3 4 4 5 5 2 4 3 4 2 2 3 2 4 4 5 5 2 5 4 5 4 4 3 2 3 4 4 3 4 4 4 4 3 5 3 2 2 2 2 5 4 2 3 3 4 4 5 5 5 4 4 4 4 5 2 4 4 3 4 4 4 3 4 3 5 2 2 5 3 3 4 3 5 4 5 3 5 3 5 4 3 4 5 5 4 3 3 4 2 3 4 3 4 2 4 4 3 3 5 4 5 4 5 3 5 4 3 2 3 2
2 2 1 2 3 2 2 3 2 2 2 3 2 2 2 1 2 1 3 2 2 2 3 2 2 0 2 3 3 1 1 2 2 3 2 2 2 2 2 1 3 3 2 2 1 1 3 3 2 2 2 2 2 2 2 2 3 2 1 3 2 2 3 1 3 1 2 2 2 3 2 3 3 2 2 2 2 1 2 1 1 2 2 1 2 2 1 2 2 2 2 2 3 3 1 2 2 2 1 1 2 1 2 2 3 3 1 3 2 3 2 2 2 1 2 2 2 2 2 3 2 2 2 3 1 1 1 1 1 3 2 1 1 2 2 2 3 3 3 2 2 3 3 3 1 2 2 2 2 3 2 2 2 1 3 1 1 3 1 2 2 2 3 3 3 2 3 2 3 2 2 3 3 3 2 2 2 2 1 2 2 2 2 1 2 2 2 1 3 2 3 2 3 2 3 2 2 1 2 1
3 3 2 3 4 3 2 4 3 3 3 3 3 3 3 2 3 1 4 3 3 2 4 3 3 2 0 3 3 2 2 3 3 4 3 3 3 2 3 2 4 4 3 3 2 2 4 3 3 2 3 2 3 3 3 2 4 3 2 4 3 3 4 2 4 2 3 3 3 4 3 4 4 3 3 3 3 1 3 2 2 3 2 2 3 3 2 3 3 3 3 3 4 4 1 3 3 3 2 1 3 2 3 3 4 4 2 4 3 4 3 3 2 1 2 3 3 3 3 3 3 3 3 4 2 2 2 1 2 4 3 1 2 3 3 3 4 4 4 3 3 3 3 4 1 3 3 2 3 3 3 3 3 2 4 2 1 4 2 3 3 2 4 3 4 2 4 2 4 3 2 3 4 4 3 2 3 3 2 2 3 2 3 1 3 3 2 2 4 3 4 3 4 2 4 3 2 2 3 1
3 4 3 4 5 4 3 5 3 5 4 5 5 4 4 3 4 2 5 4 5 3 5 4 4 3 3 0 5 3 2 3 4 5 3 4 4 3 3 3 5 5 4 5 3 2 5 5 4 3 4 3 4 5 3 3 5 4 3 5 4 4 5 3 5 3 4 5 5 5 4 5 5 5 4 4 5 2 4 3 3 4 3 2 4 4 3 4 4 3 4 4 5 5 2 4 4 4 2 2 4 2 4 4 5 5 3 5 4 5 4 4 3 2 3 4 5 3 4 5 5 4 4 5 3 2 3 2 2 5 4 2 3 3 4 4 5 5 5 4 4 5 5 5 2 4 4 3 4 5 4 3 4 3 5 3 2 5 3 3 4 3 5 5 5 3 5 3 5 4 3 5 5 5 4 3 3 4 3 3 4 3 4 2 4 4 3 3 5 4 5 5 5 3 5 5 3 2 4 2
3 4 3 4 5 4 3 5 3 5 4 5 5 4 4 3 4 2 5 4 5 3 5 4 4 3 3 5 0 3 2 3 4 5 3 4 4 3 3 3 5 5 4 5 3 2 5 5 4 3 4 3 4 5 3 3 5 4 3 5 4 4 5 3 5 3 4 5 5 5 4 5 5 5 4 4 5 2 4 3 3 4 3 2 4 4 3 4 4 3 4 4 5 5 2 4 4 4 2 2 4 2 4 4 5 5 3 5 4 5 4 4 3 2 3 4 5 3 4 5 5 4 4 5 3 2 3 2 2 5 4 2 3 3 4 4 5 5 5 4 4 5 5 5 2 4 4 3 4 5 4 3 4 3 5 3 2 5 3 3 4 3 5 5 5 3 5 3 5 4 3 5 5 5 4 3 3 4 3 3 4 3 4 2 4 4 3 3 5 4 5 5 5 3 5 5 3 2 4 2
2 2 1 2 3 2 2 3 2 2 2 3 2 2 2 1 2 1 3 2 2 2 3 2 2 1 2 3 3 0 1 2 2 3 2 2 2 2 2 1 3 3 2 2 1 1 3 3 2 2 2 2 2 2 2 2 3 2 1 3 2 2 3 1 3 1 2 2 2 3 2 3 3 2 2 2 2 1 2 1 1 2 2 1 2 2 1 2 2 2 2 2 3 3 1 2 2 2 1 1 2 1 2 2 3 3 1 3 2 3 2 2 2 1 2 2 2 2 2 3 2 2 2 3 1 1 1 1 1 3 2 1 1 2 2 2 3 3 3 2 2 3 3 3 1 2 2 2 2 3 2 2 2 1 3 1 1 3 1 2 2 2 3 3 3 2 3 2 3 2 2 3 3 3 2 2 2 2 1 2 2 2 2 1 2 2 2 1 3 2 3 2 3 2 3 2 2 1 2 1
2 2 1 2 2 2 1 2 2 2 2 2 2 2 2 1 2 1 3 2 2 1 3 2 2 1 2 2 2 1 0 2 2 2 2 2 2 1 2 1 2 3 2 2 1 1 3 2 2 2 2 2 2 2 2 1 2 2 1 3 2 2 2 1 3 1 2 2 2 2 2 2 3 2 2 2 2 1 2 1 1 2 1 1 2 2 1 2 2 2 2 2 3 2 1 2 2 2 1 1 2 1 2 2 2 3 1 2 2 2 2 2 2 1 1 2 2 2 2 2 2 2 2 2 1 1 1 1 1 2 2 1 1 2 2 2 2 2 3 2 2 2 2 2 1 2 2 2 2 2 2 2 2 1 2 1 1 3 1 2 2 2 2 2 3 2 2 1 3 2 1 2 3 3 2 2 2 2 1 2 2 1 2 1 2 2 1 1 2 2 2 2 2 2 3 2 1 1 2 1
3 3 2 3 4 3 2 4 3 3 3 3 3 3 3 2 3 1 4 3 3 2 4 3 3 2 3 3 3 2 2 0 3 4 3 3 3 2 3 2 4 4 3 3 2 2 4 3 3 2 3 2 3 3 3 2 4 3 2 4 3 3 4 2 4 2 3 3 3 4 3 4 4 3 3 3 3 1 3 2 2 3 2 2 3 3 2 3 3 3 3 3 4 4 1 3 3 3 2 1 3 2 3 3 4 4 2 4 3 4 3 3 2 1 2 3 3 3 3 3 3 3 3 4 2 2 2 1 2 4 3 1 2 3 3 3 4 4 4 3 3 3 3 4 1 3 3 2 3 3 3 3 3 2 4 2 1 4 2 3 3 2 4 3 4 2 4 2 4 3 2 3 4 4 3 2 3 3 2 2 3 2 3 1 3 3 2 2 4 3 4 3 4 2 4 3 2 2 3 1
3 4 3 4 4 3 3 4 3 4 4 4 4 3 4 3 3 2 4 3 4 3 4 4 4 2 3 4 4 2 2 3 0 4 3 3 3 3 3 2 4 4 4 4 2 2 4 4 3 3 4 3 3 4 3 3 4 3 2 4 3 3 4 3 4 2 3 4 4 4 4 4 4 4 4 4 4 2 4 3 3 4 3 2 4 3 3 3 4 3 4 4 4 4 2 4 3 3 2 2 3 2 4 4 4 4 2 4 3 4 4 3 3 2 3 4 4 3 4 4 4 4 3 4 3 2 2 2 2 4 4 2 3 3 4 3 4 4 4 4 4 4 4 4 2 4 4 3 3 4 4 3 4 3 4 2 2 4 3 3 4 3 4 4 4 3 4 3 4 3 3 4 4 4 4 3 3 4 2 3 4 3 4 2 4 4 3 3 4 4 4 4 4 3 4 4 3 2 3 2
4 4 3 4 5 4 3 5 4 5 4 5 5 4 5 3 4 2 5 4 5 3 5 5 5 3 4 5 5 3 2 4 4 0 4 4 4 3 4 3 5 5 5 5 3 2 5 5 4 3 5 3 4 5 4 3 5 4 3 5 4 4 5 3 5 3 4 5 5 5 4 5 5 5 4 4 5 2 5 3 3 4 3 2 5 4 3 4 5 4 4 4 5 5 2 5 4 4 2 2 4 2 4 5 5 5 3 5 4 5 4 4 3 2 3 5 5 4 4 5 5 4 4 5 3 2 3 2 2 5 4 2 3 4 5 4 5 5 5 4 5 5 5 5 2 5 4 3 4 5 4 4 4 3 5 3 2 5 3 4 4 3 5 5 5 3 5 3 5 4 3 5 5 5 4 3 4 4 3 3 5 3 4 2 5 5 3 3 5 4 5 5 5 3 5 5 3 2 4 2
3 3 2 3 4 3 2 4 3 3 3 3 3 3 3 2 3 1 4 3 3 2 4 3 3 2 3 3 3 2 2 3 3 4 0 3 3 2 3 2 4 4 3 3 2 2 4 3 3 2 3 2 3 3 3 2 4 3 2 4 3 3 4 2 4 2 3 3 3 4 3 4 4 3 3 3 3 1 3 2 2 3 2 2 3 3 2 3 3 3 3 3 4 4 1 3 3 3 2 1 3 2 3 3 4 4 2 4 3 4 3 3 2 1 2 3 3 3 3 3 3 3 3 4 2 2 2 1 2 4 3 1 2 3 3 3 4 4 4 3 3 3 3 4 1 3 3 2 3 3 3 3 3 2 4 2 1 4 2 3 3 2 4 3 4 2 4 2 4 3 2 3 4 4 3 2 3 3 2 2 3 2 3 1 3 3 2 2 4 3 4 3 4 2 4 3 2 2 3 1
3 3 2 3 4 3 3 4 3 4 3 4 4 3 4 2 3 2 4 3 4 3 4 4 4 2 3 4 4 2 2 3 3 4 3 0 3 3 3 2 4 4 4 4 2 2 4 4 3 3 4 3 3 4 3 3 4 3 2 4 3 3 4 2 4 2 3 4 4 4 3 4 4 4 3 3 4 2 4 2 2 4 3 2 4 3 2 3 4 3 3 3 4 4 2 4 3 3 2 2 3 2 3 4 4 4 2 4 3 4 3 3 3 2 3 4 4 3 4 4 4 3 3 4 2 2 2 2 2 4 3 2 2 3 4 3 4 4 4 4 4 4 4 4 2 4 3 3 3 4 3 3 3 2 4 2 2 4 2 3 3 3 4 4 4 3 4 3 4 3 3 4 4 4 4 3 3 4 2 3 4 3 3 2 4 4 3 2 4 3 4 4 4 3 4 4 3 2 3 2
3 3 2 3 4 3 2 4 3 4 3 4 4 3 4 2 3 2 4 3 4 2 4 4 4 2 3 4 4 2 2 3 3 4 3 3 0 2 3 2 4 4 4 4 2 2 4 4 3 3 4 3 3 4 3 2 4 3 2 4 3 3 4 2 4 2 3 4 4 4 3 4 4 4 3 3 4 2 4 2 2 3 2 2 4 3 2 3 4 3 3 3 4 4 2 4 3 3 2 2 3 2 3 4 4 4 2 4 3 4 3 3 3 2 2 4 4 3 3 4 4 3 3 4 2 2 2 2 2 4 3 2 2 3 4 3 4 4 4 3 4 4 4 4 2 4 3 3 3 4 3 3 3 2 4 2 2 4 2 3 3 3 4 4 4 3 4 2 4 3 2 4 4 4 3 3 3 3 2 3 4 2 3 2 4 4 2 2 4 3 4 4 4 3 4 4 2 2 3 2
2 3 2 3 3 3 2 3 2 3 3 3 3 2 3 2 2 1 3 2 3 2 3 3 3 2 2 3 3 2 1 2 3 3 2 3 2 0 2 2 3 3 3 3 2 1 3 3 2 2 3 2 3 3 2 2 3 2 2 3 3 3 3 2 3 2 2 3 3 3 3 3 3 3 3 3 3 1 3 2 2 3 2 1 3 2 2 2 3 2 3 3 3 3 1 3 2 3 1 1 2 1 3 3 3 3 2 3 2 3 3 3 2 1 2 3 3 2 3 3 3 3 2 3 2 1 2 1 1 3 3 1 2 2 3 2 3 3 3 3 3 3 3 3 1 3 3 2 3 3 3 2 3 2 3 2 1 3 2 2 3 2 3 3 3 2 3 2 3 2 2 3 3 3 3 2 2 3 2 2 3 2 3 1 3 3 2 2 3 3 3 3 3 2 3 3 2 1 2 1
3 3 2 3 4 3 2 4 3 3 3 3 3 3 3 2 3 1 4 3 3 2 4 3 3 2 3 3 3 2 2 3 3 4 3 3 3 2 0 2 4 4 3 3 2 2 4 3 3 2 3 2 3 3 3 2 4 3 2 4 3 3 4 2 4 2 3 3 3 4 3 4 4 3 3 3 3 1 3 2 2 3 2 2 3 3 2 3 3 3 3 3 4 4 1 3 3 3 2 1 3 2 3 3 4 4 2 4 3 4 3 3 2 1 2 3 3 3 3 3 3 3 3 4 2 2 2 1 2 4 3 1 2 3 3 3 4 4 4 3 3 3 3 4 1 3 3 2 3 3 3 3 3 2 4 2 1 4 2 3 3 2 4 3 4 2 4 2 4 3 2 3 4 4 3 2 3 3 2 2 3 2 3 1 3 3 2 2 4 3 4 3 4 2 4 3 2 2 3 1
2 2 2 2 3 2 2 3 2 3 2 3 3 2 3 2 2 1 3 2 3 2 3 3 3 1 2 3 3 1 1 2 2 3 2 2 2 2 2 0 3 3 3 3 1 1 3 3 2 2 3 2 2 3 2 2 3 2 2 3 2 2 3 2 3 1 2 3 3 3 2 3 3 3 2 2 3 1 3 2 2 3 2 1 3 2 2 2 3 2 2 2 3 3 1 3 2 2 1 1 2 1 2 3 3 3 1 3 2 3 2 2 2 1 2 3 3 2 3 3 3 2 2 3 2 1 1 1 1 3 2 1 2 2 3 2 3 3 3 3 3 3 3 3 1 3 2 2 2 3 2 2 2 2 3 1 1 3 2 2 2 2 3 3 3 2 3 2 3 2 2 3 3 3 3 2 2 3 1 2 3 2 2 1 3 3 2 2 3 2 3 3 3 2 3 3 2 1 2 1
4 4 3 4 5 4 3 5 4 5 4 5 5 4 5 3 4 2 5 4 5 3 5 5 5 3 4 5 5 3 2 4 4 5 4 4 4 3 4 3 0 5 5 5 3 2 5 5 4 3 5 3 4 5 4 3 5 4 3 5 4 4 5 3 5 3 4 5 5 5 4 5 5 5 4 4 5 2 5 3 3 5 3 2 5 4 3 4 5 4 4 4 5 5 2 5 4 4 2 2 4 2 4 5 5 5 3 5 4 5 4 4 3 2 3 5 5 4 5 5 5 4 4 5 3 2 3 2 2 5 4 2 3 4 5 4 5 5 5 5 5 5 5 5 2 5 4 3 4 5 4 4 4 3 5 3 2 5 3 4 4 3 5 5 5 3 5 3 5 4 3 5 5 5 5 3 4 5 3 3 5 3 4 2 5 5 3 3 5 4 5 5 5 3 5 5 3 2 4 2
4 5 3 5 5 4 3 5 4 5 4 5 5 4 5 3 4 2 6 4 5 3 6 5 5 3 4 5 5 3 3 4 4 5 4 4 4 3 4 3 5 0 5 5 3 3 6 5 4 4 5 4 4 5 4 3 5 4 3 6 4 4 5 3 6 3 4 5 5 5 5 5 6 5 4 5 5 2 5 3 3 5 3 3 5 4 3 4 5 4 5 4 6 5 2 5 4 4 3 2 4 3 5 5 5 6 3 5 4 5 4 4 4 2 3 5 5 4 5 5 5 4 4 5 3 3 3 2 3 5 5 2 3 4 5 4 5 5 6 5 5 5 5 5 2 5 4 4 4 5 4 4 5 3 5 3 2 6 3 4 5 4 5 5 6 4 5 3 6 4 3 5 6 6 5 4 4 5 3 4 5 3 5 2 5 5 3 3 5 5 5 5 5 4 6 5 3 3 4 2
3 4 3 4 5 4 3 5 3 4 4 4 4 4 4 3 4 2 5 4 4 3 5 4 4 2 3 4 4 2 2 3 4 5 3 4 4 3 3 3 5 5 0 4 2 2 5 4 4 3 4 3 4 4 3 3 5 4 3 5 4 4 5 3 5 2 4 4 4 5 4 5 5 4 4 4 4 2 4 3 3 4 3 2 4 4 3 3 4 3 4 4 5 5 2 4 3 4 2 2 3 2 4 4 5 5 2 5 4 5 4 4 3 2 3 4 4 3 4 4 4 4 3 5 3 2 2 2 2 5 4 2 3 3 4 4 5 5 5 4 4 4 4 5 2 4 4 3 4 4 4 3 4 3 5 2 2 5 3 3 4 3 5 4 5 3 5 3 5 4 3 4 5 5 4 3 3 4 2 3 4 3 4 2 4 4 3 3 5 4 5 4 5 3 5 4 3 2 3 2
3 4 3 4 5 4 3 5 3 5 4 5 5 4 4 3 4 2 5 4 5 3 5 4 4 2 3 5 5 2 2 3 4 5 3 4 4 3 3 3 5 5 4 0 2 2 5 5 4 3 4 3 4 5 3 3 5 4 3 5 4 4 5 3 5 2 4 5 5 5 4 5 5 5 4 4 5 2 4 3 3 4 3 2 4 4 3 4 4 3 4 4 5 5 2 4 4 4 2 2 4 2 4 4 5 5 2 5 4 5 4 4 3 2 3 4 5 3 4 5 5 4 4 5 3 2 2 2 2 5 4 2 3 3 4 4 5 5 5 4 4 5 5 5 2 4 4 3 4 5 4 3 4 3 5 2 2 5 3 3 4 3 5 5 5 3 5 3 5 4 3 5 5 5 4 3 3 4 2 3 4 3 4 2 4 4 3 3 5 4 5 5 5 3 5 5 3 2 4 2
2 2 1 2 3 2 2 3 2 2 2 3 2 2 2 1 2 1 3 2 2 2 3 2 2 1 2 3 3 1 1 2 2 3 2 2 2 2 2 1 3 3 2 2 0 1 3 3 2 2 2 2 2 2 2 2 3 2 1 3 2 2 3 1 3 1 2 2 2 3 2 3 3 2 2 2 2 1 2 1 1 2 2 1 2 2 1 2 2 2 2 2 3 3 1 2 2 2 1 1 2 1 2 2 3 3 1 3 2 3 2 2 2 1 2 2 2 2 2 3 2 2 2 3 1 1 1 1 1 3 2 1 1 2 2 2 3 3 3 2 2 3 3 3 1 2 2 2 2 3 2 2 2 1 3 1 1 3 1 2 2 2 3 3 3 2 3 2 3 2 2 3 3 3 2 2 2 2 1 2 2 2 2 1 2 2 2 1 3 2 3 2 3 2 3 2 2 1 2 1
2 2 1 2 2 2 1 2 2 2 2 2 2 2 2 1 2 1 3 2 2 1 3 2 2 1 2 2 2 1 1 2 2 2 2 2 2 1 2 1 2 3 2 2 1 0 3 2 2 2 2 2 2 2 2 1 2 2 1 3 2 2 2 1 3 1 2 2 2 2 2 2 3 2 2 2 2 1 2 1 1 2 1 1 2 2 1 2 2 2 2 2 3 2 1 2 2 2 1 1 2 1 2 2 2 3 1 2 2 2 2 2 2 1 1 2 2 2 2 2 2 2 2 2 1 1 1 1 1 2 2 1 1 2 2 2 2 2 3 2 2 2 2 2 1 2 2 2 2 2 2 2 2 1 2 1 1 3 1 2 2 2 2 2 3 2 2 1 3 2 1 2 3 3 2 2 2 2 1 2 2 1 2 1 2 2 1 1 2 2 2 2 2 2 3 2 1 1 2 1
4 5 3 5 5 4 3 5 4 5 4 5 5 4 5 3 4 2 6 4 5 3 6 5 5 3 4 5 5 3 3 4 4 5 4 4 4 3 4 3 5 6 5 5 3 3 0 5 4 4 5 4 4 5 4 3 5 4 3 6 4 4 5 3 6 3 4 5 5 5 5 5 6 5 4 5 5 2 5 3 3 5 3 3 5 4 3 4 5 4 5 4 6 5 2 5 4 4 3 2 4 3 5 5 5 6 3 5 4 5 4 4 4 2 3 5 5 4 5 5 5 4 4 5 3 3 3 2 3 5 5 2 3 4 5 4 5 5 6 5 5 5 5 5 2 5 4 4 4 5 4 4 5 3 5 3 2 6 3 4 5 4 5 5 6 4 5 3 6 4 3 5 6 6 5 4 4 5 3 4 5 3 5 2 5 5 3 3 5 5 5 5 5 4 6 5 3 3 4 2
3 4 3 4 5 4 3 5 3 5 4 5 5 4 4 3 4 2 5 4 5 3 5 4 4 3 3 5 5 3 2 3 4 5 3 4 4 3 3 3 5 5 4 5 3 2 5 0 4 3 4 3 4 5 3 3 5 4 3 5 4 4 5 3 5 3 4 5 5 5 4 5 5 5 4 4 5 2 4 3 3 4 3 2 4 4 3 4 4 3 4 4 5 5 2 4 4 4 2 2 4 2 4 4 5 5 3 5 4 5 4 4 3 2 3 4 5 3 4 5 5 4 4 5 3 2 3 2 2 5 4 2 3 3 4 4 5 5 5 4 4 5 5 5 2 4 4 3 4 5 4 3 4 3 5 3 2 5 3 3 4 3 5 5 5 3 5 3 5 4 3 5 5 5 4 3 3 4 3 3 4 3 4 2 4 4 3 3 5 4 5 5 5 3 5 5 3 2 4 2
3 3 2 3 4 3 2 4 3 4 3 4 4 3 4 2 3 2 4 3 4 2 4 4 4 2 3 4 4 2 2 3 3 4 3 3 3 2 3 2 4 4 4 4 2 2 4 4 0 3 4 3 3 4 3 2 4 3 2 4 3 3 4 2 4 2 3 4 4 4 3 4 4 4 3 3 4 2 4 2 2 3 2 2 4 3 2 3 4 3 3 3 4 4 2 4 3 3 2 2 3 2 3 4 4 4 2 4 3 4 3 3 3 2 2 4 4 3 3 4 4 3 3 4 2 2 2 2 2 4 3 2 2 3 4 3 4 4 4 3 4 4 4 4 2 4 3 3 3 4 3 3 3 2 4 2 2 4 2 3 3 3 4 4 4 3 4 2 4 3 2 4 4 4 3 3 3 3 2 3 4 2 3 2 4 4 2 2 4 3 4 4 4 3 4 4 2 2 3 2
2 3 2 3 3 3 2 3 2 3 3 3 3 3 3 2 3 1 4 3 3 2 4 3 3 2 2 3 3 2 2 2 3 3 2 3 3 2 2 2 3 4 3 3 2 2 4 3 3 0 3 2 3 3 2 2 3 3 2 4 3 3 3 2 4 2 3 3 3 3 3 3 4 3 3 3 3 1 3 2 2 3 2 2 3 3 2 2 3 2 3 3 4 3 1 3 2 3 2 1 2 2 3 3 3 4 2 3 3 3 3 3 2 1 2 3 3 2 3 3 3 3 2 3 2 2 2 1 2 3 3 1 2 2 3 3 3 3 4 3 3 3 3 3 1 3 3 2 3 3 3 2 3 2 3 2 1 4 2 2 3 2 3 3 4 2 3 2 4 3 2 3 4 4 3 2 2 3 2 2 3 2 3 1 3 3 2 2 3 3 3 3 3 2 4 3 2 2 2 1
3 4 3 4 5 4 3 5 3 4 4 4 4 4 4 3 4 2 5 4 4 3 5 4 4 2 3 4 4 2 2 3 4 5 3 4 4 3 3 3 5 5 4 4 2 2 5 4 4 3 0 3 4 4 3 3 5 4 3 5 4 4 5 3 5 2 4 4 4 5 4 5 5 4 4 4 4 2 4 3 3 4 3 2 4 4 3 3 4 3 4 4 5 5 2 4 3 4 2 2 3 2 4 4 5 5 2 5 4 5 4 4 3 2 3 4 4 3 4 4 4 4 3 5 3 2 2 2 2 5 4 2 3 3 4 4 5 5 5 4 4 4 4 5 2 4 4 3 4 4 4 3 4 3 5 2 2 5 3 3 4 3 5 4 5 3 5 3 5 4 3 4 5 5 4 3 3 4 2 3 4 3 4 2 4 4 3 3 5 4 5 4 5 3 5 4 3 2 3 2
2 3 2 3 3 3 2 3 2 3 3 3 3 3 3 2 3 1 4 3 3 2 4 3 3 2 2 3 3 2 2 2 3 3 2 3 3 2 2 2 3 4 3 3 2 2 4 3 3 2 3 0 3 3 2 2 3 3 2 4 3 3 3 2 4 2 3 3 3 3 3 3 4 3 3 3 3 1 3 2 2 3 2 2 3 3 2 2 3 2 3 3 4 3 1 3 2 3 2 1 2 2 3 3 3 4 2 3 3 3 3 3 2 1 2 3 3 2 3 3 3 3 2 3 2 2 2 1 2 3 3 1 2 2 3 3 3 3 4 3 3 3 3 3 1 3 3 2 3 3 3 2 3 2 3 2 1 4 2 2 3 2 3 3 4 2 3 2 4 3 2 3 4 4 3 2 2 3 2 2 3 2 3 1 3 3 2 2 3 3 3 3 3 2 4 3 2 2 2 1
3 3 2 3 4 3 3 4 3 4 3 4 4 3 4 2 3 2 4 3 4 3 4 4 4 2 3 4 4 2 2 3 3 4 3 3 3 3 3 2 4 4 4 4 2 2 4 4 3 3 4 3 0 4 3 3 4 3 2 4 3 3 4 2 4 2 3 4 4 4 3 4 4 4 3 3 4 2 4 2 2 4 3 2 4 3 2 3 4 3 3 3 4 4 2 4 3 3 2 2 3 2 3 4 4 4 2 4 3 4 3 3 3 2 3 4 4 3 4 4 4 3 3 4 2 2 2 2 2 4 3 2 2 3 4 3 4 4 4 4 4 4 4 4 2 4 3 3 3 4 3 3 3 2 4 2 2 4 2 3 3 3 4 4 4 3 4 3 4 3 3 4 4 4 4 3 3 4 2 3 4 3 3 2 4 4 3 2 4 3 4 4 4 3 4 4 3 2 3 2
3 4 3 4 5 4 3 5 3 5 4 5 5 4 4 3 4 2 5 4 5 3 5 4 4 2 3 5 5 2 2 3 4 5 3 4 4 3 3 3 5 5 4 5 2 2 5 5 4 3 4 3 4 0 3 3 5 4 3 5 4 4 5 3 5 2 4 5 5 5 4 5 5 5 4 4 5 2 4 3 3 4 3 2 4 4 3 4 4 3 4 4 5 5 2 4 4 4 2 2 4 2 4 4 5 5 2 5 4 5 4 4 3 2 3 4 5 3 4 5 5 4 4 5 3 2 2 2 2 5 4 2 3 3 4 4 5 5 5 4 4 5 5 5 2 4 4 3 4 5 4 3 4 3 5 2 2 5 3 3 4 3 5 5 5 3 5 3 5 4 3 5 5 5 4 3 3 4 2 3 4 3 4 2 4 4 3 3 5 4 5 5 5 3 5 5 3 2 4 2
3 3 2 3 4 3 2 4 3 3 3 3 3 3 3 2 3 1 4 3 3 2 4 3 3 2 3 3 3 2 2 3 3 4 3 3 3 2 3 2 4 4 3 3 2 2 4 3 3 2 3 2 3 3 0 2 4 3 2 4 3 3 4 2 4 2 3 3 3 4 3 4 4 3 3 3 3 1 3 2 2 3 2 2 3 3 2 3 3 3 3 3 4 4 1 3 3 3 2 1 3 2 3 3 4 4 2 4 3 4 3 3 2 1 2 3 3 3 3 3 3 3 3 4 2 2 2 1 2 4 3 1 2 3 3 3 4 4 4 3 3 3 3 4 1 3 3 2 3 3 3 3 3 2 4 2 1 4 2 3 3 2 4 3 4 2 4 2 4 3 2 3 4 4 3 2 3 3 2 2 3 2 3 1 3 3 2 2 4 3 4 3 4 2 4 3 2 2 3 1
2 3 2 3 3 3 2 3 2 3 3 3 3 2 3 2 2 1 3 2 3 2 3 3 3 2 2 3 3 2 1 2 3 3 2 3 2 2 2 2 3 3 3 3 2 1 3 3 2 2 3 2 3 3 2 0 3 2 2 3 3 3 3 2 3 2 2 3 3 3 3 3 3 3 3 3 3 1 3 2 2 3 2 1 3 2 2 2 3 2 3 3 3 3 1 3 2 3 1 1 2 1 3 3 3 3 2 3 2 3 3 3 2 1 2 3 3 2 3 3 3 3 2 3 2 1 2 1 1 3 3 1 2 2 3 2 3 3 3 3 3 3 3 3 1 3 3 2 3 3 3 2 3 2 3 2 1 3 2 2 3 2 3 3 3 2 3 2 3 2 2 3 3 3 3 2 2 3 2 2 3 2 3 1 3 3 2 2 3 3 3 3 3 2 3 3 2 1 2 1
4 4 3 4 5 4 3 5 4 5 4 5 5 4 5 3 4 2 5 4 5 3 5 5 5 3 4 5 5 3 2 4 4 5 4 4 4 3 4 3 5 5 5 5 3 2 5 5 4 3 5 3 4 5 4 3 0 4 3 5 4 4 5 3 5 3 4 5 5 5 4 5 5 5 4 4 5 2 5 3 3 5 3 2 5 4 3 4 5 4 4 4 5 5 2 5 4 4 2 2 4 2 4 5 5 5 3 5 4 5 4 4 3 2 3 5 5 4 5 5 5 4 4 5 3 2 3 2 2 5 4 2 3 4 5 4 5 5 5 5 5 5 5 5 2 5 4 3 4 5 4 4 4 3 5 3 2 5 3 4 4 3 5 5 5 3 5 3 5 4 3 5 5 5 5 3 4 5 3 3 5 3 4 2 5 5 3 3 5 4 5 5 5 3 5 5 3 2 4 2
3 3 2 3 4 3 2 4 3 4 3 4 4 3 4 2 3 2 4 3 4 2 4 4 4 2 3 4 4 2 2 3 3 4 3 3 3 2 3 2 4 4 4 4 2 2 4 4 3 3 4 3 3 4 3 2 4 0 2 4 3 3 4 2 4 2 3 4 4 4 3 4 4 4 3 3 4 2 4 2 2 3 2 2 4 3 2 3 4 3 3 3 4 4 2 4 3 3 2 2 3 2 3 4 4 4 2 4 3 4 3 3 3 2 2 4 4 3 3 4 4 3 3 4 2 2 2 2 2 4 3 2 2 3 4 3 4 4 4 3 4 4 4 4 2 4 3 3 3 4 3 3 3 2 4 2 2 4 2 3 3 3 4 4 4 3 4 2 4 3 2 4 4 4 3 3 3 3 2 3 4 2 3 2 4 4 2 2 4 3 4 4 4 3 4 4 2 2 3 2
2 2 2 2 3 2 2 3 2 3 2 3 3 2 3 2 2 1 3 2 3 2 3 3 3 1 2 3 3 1 1 2 2 3 2 2 2 2 2 2 3 3 3 3 1 1 3 3 2 2 3 2 2 3 2 2 3 2 0 3 2 2 3 2 3 1 2 3 3 3 2 3 3 3 2 2 3 1 3 2 2 3 2 1 3 2 2 2 3 2 2 2 3 3 1 3 2 2 1 1 2 1 2 3 3 3 1 3 2 3 2 2 2 1 2 3 3 2 3 3 3 2 2 3 2 1 1 1 1 3 2 1 2 2 3 2 3 3 3 3 3 3 3 3 1 3 2 2 2 3 2 2 2 2 3 1 1 3 2 2 2 2 3 3 3 2 3 2 3 2 2 3 3 3 3 2 2 3 1 2 3 2 2 1 3 3 2 2 3 2 3 3 3 2 3 3 2 1 2 1
4 5 3 5 5 4 3 5 4 5 4 5 5 4 5 3 4 2 6 4 5 3 6 5 5 3 4 5 5 3 3 4 4 5 4 4 4 3 4 3 5 6 5 5 3 3 6 5 4 4 5 4 4 5 4 3 5 4 3 0 4 4 5 3 6 3 4 5 5 5 5 5 6 5 4 5 5 2 5 3 3 5 3 3 5 4 3 4 5 4 5 4 6 5 2 5 4 4 3 2 4 3 5 5 5 6 3 5 4 5 4 4 4 2 3 5 5 4 5 5 5 4 4 5 3 3 3 2 3 5 5 2 3 4 5 4 5 5 6 5 5 5 5 5 2 5 4 4 4 5 4 4 5 3 5 3 2 6 3 4 5 4 5 5 6 4 5 3 6 4 3 5 6 6 5 4 4 5 3 4 5 3 5 2 5 5 3 3 5 5 5 5 5 4 6 5 3 3 4 2
3 3 2 3 4 3 3 4 3 4 3 4 4 3 4 2 3 2 4 3 4 3 4 4 4 2 3 4 4 2 2 3 3 4 3 3 3 3 3 2 4 4 4 4 2 2 4 4 3 3 4 3 3 4 3 3 4 3 2 4 0 3 4 2 4 2 3 4 4 4 3 4 4 4 3 3 4 2 4 2 2 4 3 2 4 3 2 3 4 3 3 3 4 4 2 4 3 3 2 2 3 2 3 4 4 4 2 4 3 4 3 3 3 2 3 4 4 3 4 4 4 3 3 4 2 2 2 2 2 4 3 2 2 3 4 3 4 4 4 4 4 4 4 4 2 4 3 3 3 4 3 3 3 2 4 2 2 4 2 3 3 3 4 4 4 3 4 3 4 3 3 4 4 4 4 3 3 4 2 3 4 3 3 2 4 4 3 2 4 3 4 4 4 3 4 4 3 2 3 2
3 3 2 3 4 3 3 4 3 4 3 4 4 3 4 2 3 2 4 3 4 3 4 4 4 2 3 4 4 2 2 3 3 4 3 3 3 3 3 2 4 4 4 4 2 2 4 4 3 3 4 3 3 4 3 3 4 3 2 4 3 0 4 2 4 2 3 4 4 4 3 4 4 4 3 3 4 2 4 2 2 4 3 2 4 3 2 3 4 3 3 3 4 4 2 4 3 3 2 2 3 2 3 4 4 4 2 4 3 4 3 3 3 2 3 4 4 3 4 4 4 3 3 4 2 2 2 2 2 4 3 2 2 3 4 3 4 4 4 4 4 4 4 4 2 4 3 3 3 4 3 3 3 2 4 2 2 4 2 3 3 3 4 4 4 3 4 3 4 3 3 4 4 4 4 3 3 4 2 3 4 3 3 2 4 4 3 2 4 3 4 4 4 3 4 4 3 2 3 2
4 4 3 4 5 4 3 5 4 5 4 5 5 4 5 3 4 2 5 4 5 3 5 5 5 3 4 5 5 3 2 4 4 5 4 4 4 3 4 3 5 5 5 5 3 2 5 5 4 3 5 3 4 5 4 3 5 4 3 5 4 4 0 3 5 3 4 5 5 5 4 5 5 5 4 4 5 2 5 3 3 4 3 2 5 4 3 4 5 4 4 4 5 5 2 5 4 4 2 2 4 2 4 5 5 5 3 5 4 5 4 4 3 2 3 5 5 4 4 5 5 4 4 5 3 2 3 2 2 5 4 2 3 4 5 4 5 5 5 4 5 5 5 5 2 5 4 3 4 5 4 4 4 3 5 3 2 5 3 4 4 3 5 5 5 3 5 3 5 4 3 5 5 5 4 3 4 4 3 3 5 3 4 2 5 5 3 3 5 4 5 5 5 3 5 5 3 2 4 2
2 3 2 3 3 2 2 3 2 3 3 3 3 2 3 2 2 1 3 2 3 2 3 3 3 1 2 3 3 1 1 2 3 3 2 2 2 2 2 2 3 3 3 3 1 1 3 3 2 2 3 2 2 3 2 2 3 2 2 3 2 2 3 0 3 1 2 3 3 3 3 3 3 3 3 3 3 1 3 2 2 3 2 1 3 2 2 2 3 2 3 3 3 3 1 3 2 2 1 1 2 1 3 3 3 3 1 3 2 3 3 2 2 1 2 3 3 2 3 3 3 3 2 3 2 1 1 1 1 3 3 1 2 2 3 2 3 3 3 3 3 3 3 3 1 3 3 2 2 3 3 2 3 2 3 1 1 3 2 2 3 2 3 3 3 2 3 2 3 2 2 3 3 3 3 2 2 3 1 2 3 2 3 1 3 3 2 2 3 3 3 3 3 2 3 3 2 1 2 1
4 5 3 5 5 4 3 5 4 5 4 5 5 4 5 3 4 2 6 4 5 3 6 5 5 3 4 5 5 3 3 4 4 5 4 4 4 3 4 3 5 6 5 5 3 3 6 5 4 4 5 4 4 5 4 3 5 4 3 6 4 4 5 3 0 3 4 5 5 5 5 5 6 5 4 5 5 2 5 3 3 5 3 3 5 4 3 4 5 4 5 4 6 5 2 5 4 4 3 2 4 3 5 5 5 6 3 5 4 5 4 4 4 2 3 5 5 4 5 5 5 4 4 5 3 3 3 2 3 5 5 2 3 4 5 4 5 5 6 5 5 5 5 5 2 5 4 4 4 5 4 4 5 3 5 3 2 6 3 4 5 4 5 5 6 4 5 3 6 4 3 5 6 6 5 4 4 5 3 4 5 3 5 2 5 5 3 3 5 5 5 5 5 4 6 5 3 3 4 2
2 2 1 2 3 2 2 3 2 2 2 3 2 2 2 1 2 1 3 2 2 2 3 2 2 1 2 3 3 1 1 2 2 3 2 2 2 2 2 1 3 3 2 2 1 1 3 3 2 2 2 2 2 2 2 2 3 2 1 3 2 2 3 1 3 0 2 2 2 3 2 3 3 2 2 2 2 1 2 1 1 2 2 1 2 2 1 2 2 2 2 2 3 3 1 2 2 2 1 1 2 1 2 2 3 3 1 3 2 3 2 2 2 1 2 2 2 2 2 3 2 2 2 3 1 1 1 1 1 3 2 1 1 2 2 2 3 3 3 2 2 3 3 3 1 2 2 2 2 3 2 2 2 1 3 1 1 3 1 2 2 2 3 3 3 2 3 2 3 2 2 3 3 3 2 2 2 2 1 2 2 2 2 1 2 2 2 1 3 2 3 2 3 2 3 2 2 1 2 1
3 3 2 3 4 3 2 4 3 4 3 4 4 3 4 2 3 2 4 3 4 2 4 4 4 2 3 4 4 2 2 3 3 4 3 3 3 2 3 2 4 4 4 4 2 2 4 4 3 3 4 3 3 4 3 2 4 3 2 4 3 3 4 2 4 2 0 4 4 4 3 4 4 4 3 3 4 2 4 2 2 3 2 2 4 3 2 3 4 3 3 3 4 4 2 4 3 3 2 2 3 2 3 4 4 4 2 4 3 4 3 3 3 2 2 4 4 3 3 4 4 3 3 4 2 2 2 2 2 4 3 2 2 3 4 3 4 4 4 3 4 4 4 4 2 4 3 3 3 4 3 3 3 2 4 2 2 4 2 3 3 3 4 4 4 3 4 2 4 3 2 4 4 4 3 3 3 3 2 3 4 2 3 2 4 4 2 2 4 3 4 4 4 3 4 4 2 2 3 2
3 4 3 4 5 4 3 5 3 5 4 5 5 4 4 3 4 2 5 4 5 3 5 4 4 2 3 5 5 2 2 3 4 5 3 4 4 3 3 3 5 5 4 5 2 2 5 5 4 3 4 3 4 5 3 3 5 4 3 5 4 4 5 3 5 2 4 0 5 5 4 5 5 5 4 4 5 2 4 3 3 4 3 2 4 4 3 4 4 3 4 4 5 5 2 4 4 4 2 2 4 2 4 4 5 5 2 5 4 5 4 4 3 2 3 4 5 3 4 5 5 4 4 5 3 2 2 2 2 5 4 2 3 3 4 4 5 5 5 4 4 5 5 5 2 4 4 3 4 5 4 3 4 3 5 2 2 5 3 3 4 3 5 5 5 3 5 3 5 4 3 5 5 5 4 3 3 4 2 3 4 3 4 2 4 4 3 3 5 4 5 5 5 3 5 5 3 2 4 2
3 4 3 4 5 4 3 5 3 5 4 5 5 4 4 3 4 2 5 4 5 3 5 4 4 2 3 5 5 2 2 3 4 5 3 4 4 3 3 3 5 5 4 5 2 2 5 5 4 3 4 3 4 5 3 3 5 4 3 5 4 4 5 3 5 2 4 5 0 5 4 5 5 5 4 4 5 2 4 3 3 4 3 2 4 4 3 4 4 3 4 4 5 5 2 4 4 4 2 2 4 2 4 4 5 5 2 5 4 5 4 4 3 2 3 4 5 3 4 5 5 4 4 5 3 2 2 2 2 5 4 2 3 3 4 4 5 5 5 4 4 5 5 5 2 4 4 3 4 5 4 3 4 3 5 2 2 5 3 3 4 3 5 5 5 3 5 3 5 4 3 5 5 5 4 3 3 4 2 3 4 3 4 2 4 4 3 3 5 4 5 5 5 3 5 5 3 2 4 2
4 4 3 4 5 4 3 5 4 5 4 5 5 4 5 3 4 2 5 4 5 3 5 5 5 3 4 5 5 3 2 4 4 5 4 4 4 3 4 3 5 5 5 5 3 2 5 5 4 3 5 3 4 5 4 3 5 4 3 5 4 4 5 3 5 3 4 5 5 0 4 5 5 5 4 4 5 2 5 3 3 5 3 2 5 4 3 4 5 4 4 4 5 5 2 5 4 4 2 2 4 2 4 5 5 5 3 5 4 5 4 4 3 2 3 5 5 4 5 5 5 4 4 5 3 2 3 2 2 5 4 2 3 4 5 4 5 5 5 5 5 5 5 5 2 5 4 3 4 5 4 4 4 3 5 3 2 5 3 4 4 3 5 5 5 3 5 3 5 4 3 5 5 5 5 3 4 5 3 3 5 3 4 2 5 5 3 3 5 4 5 5 5 3 5 5 3 2 4 2
3 4 3 4 4 3 3 4 3 4 4 4 4 3 4 3 3 2 5 3 4 3 5 4 4 2 3 4 4 2 2 3 4 4 3 3 3 3 3 2 4 5 4 4 2 2 5 4 3 3 4 3 3 4 3 3 4 3 2 5 3 3 4 3 5 2 3 4 4 4 0 4 5 4 4 4 4 2 4 3 3 4 3 2 4 3 3 3 4 3 4 4 5 4 2 4 3 3 2 2 3 2 4 4 4 5 2 4 3 4 4 3 3 2 3 4 4 3 4 4 4 4 3 4 3 2 2 2 2 4 4 2 3 3 4 3 4 4 5 4 4 4 4 4 2 4 4 3 3 4 4 3 4 3 4 2 2 5 3 3 4 3 4 4 5 3 4 3 5 3 3 4 5 5 4 3 3 4 2 3 4 3 4 2 4 4 3 3 4 4 4 4 4 3 5 4 3 2 3 2
4 4 3 4 5 4 3 5 4 5 4 5 5 4 5 3 4 2 5 4 5 3 5 5 5 3 4 5 5 3 2 4 4 5 4 4 4 3 4 3 5 5 5 5 3 2 5 5 4 3 5 3 4 5 4 3 5 4 3 5 4 4 5 3 5 3 4 5 5 5 4 0 5 5 4 4 5 2 5 3 3 5 3 2 5 4 3 4 5 4 4 4 5 5 2 5 4 4 2 2 4 2 4 5 5 5 3 5 4 5 4 4 3 2 3 5 5 4 5 5 5 4 4 5 3 2 3 2 2 5 4 2 3 4 5 4 5 5 5 5 5 5 5 5 2 5 4 3 4 5 4 4 4 3 5 3 2 5 3 4 4 3 5 5 5 3 5 3 5 4 3 5 5 5 5 3 4 5 3 3 5 3 4 2 5 5 3 3 5 4 5 5 5 3 5 5 3 2 4 2
4 5 3 5 5 4 3 5 4 5 4 5 5 4 5 3 4 2 6 4 5 3 6 5 5 3 4 5 5 3 3 4 4 5 4 4 4 3 4 3 5 6 5 5 3 3 6 5 4 4 5 4 4 5 4 3 5 4 3 6 4 4 5 3 6 3 4 5 5 5 5 5 0 5 4 5 5 2 5 3 3 5 3 3 5 4 3 4 5 4 5 4 6 5 2 5 4 4 3 2 4 3 5 5 5 6 3 5 4 5 4 4 4 2 3 5 5 4 5 5 5 4 4 5 3 3 3 2 3 5 5 2 3 4 5 4 5 5 6 5 5 5 5 5 2 5 4 4 4 5 4 4 5 3 5 3 2 6 3 4 5 4 5 5 6 4 5 3 6 4 3 5 6 6 5 4 4 5 3 4 5 3 5 2 5 5 3 3 5 5 5 5 5 4 6 5 3 3 4 2
3 4 3 4 5 4 3 5 3 5 4 5 5 4 4 3 4 2 5 4 5 3 5 4 4 2 3 5 5 2 2 3 4 5 3 4 4 3 3 3 5 5 4 5 2 2 5 5 4 3 4 3 4 5 3 3 5 4 3 5 4 4 5 3 5 2 4 5 5 5 4 5 5 0 4 4 5 2 4 3 3 4 3 2 4 4 3 4 4 3 4 4 5 5 2 4 4 4 2 2 4 2 4 4 5 5 2 5 4 5 4 4 3 2 3 4 5 3 4 5 5 4 4 5 3 2 2 2 2 5 4 2 3 3 4 4 5 5 5 4 4 5 5 5 2 4 4 3 4 5 4 3 4 3 5 2 2 5 3 3 4 3 5 5 5 3 5 3 5 4 3 5 5 5 4 3 3 4 2 3 4 3 4 2 4 4 3 3 5 4 5 5 5 3 5 5 3 2 4 2
3 4 3 4 4 3 3 4 3 4 4 4 4 3 4 3 3 2 4 3 4 3 4 4 4 2 3 4 4 2 2 3 4 4 3 3 3 3 3 2 4 4 4 4 2 2 4 4 3 3 4 3 3 4 3 3 4 3 2 4 3 3 4 3 4 2 3 4 4 4 4 4 4 4 0 4 4 2 4 3 3 4 3 2 4 3 3 3 4 3 4 4 4 4 2 4 3 3 2 2 3 2 4 4 4 4 2 4 3 4 4 3 3 2 3 4 4 3 4 4 4 4 3 4 3 2 2 2 2 4 4 2 3 3 4 3 4 4 4 4 4 4 4 4 2 4 4 3 3 4 4 3 4 3 4 2 2 4 3 3 4 3 4 4 4 3 4 3 4 3 3 4 4 4 4 3 3 4 2 3 4 3 4 2 4 4 3 3 4 4 4 4 4 3 4 4 3 2 3 2
3 4 3 4 4 3 3 4 3 4 4 4 4 3 4 3 3 2 5 3 4 3 5 4 4 2 3 4 4 2 2 3 4 4 3 3 3 3 3 2 4 5 4 4 2 2 5 4 3 3 4 3 3 4 3 3 4 3 2 5 3 3 4 3 5 2 3 4 4 4 4 4 5 4 4 0 4 2 4 3 3 4 3 2 4 3 3 3 4 3 4 4 5 4 2 4 3 3 2 2 3 2 4 4 4 5 2 4 3 4 4 3 3 2 3 4 4 3 4 4 4 4 3 4 3 2 2 2 2 4 4 2 3 3 4 3 4 4 5 4 4 4 4 4 2 4 4 3 3 4 4 3 4 3 4 2 2 5 3 3 4 3 4 4 5 3 4 3 5 3 3 4 5 5 4 3 3 4 2 3 4 3 4 2 4 4 3 3 4 4 4 4 4 3 5 4 3 2 3 2
3 4 3 4 5 4 3 5 3 5 4 5 5 4 4 3 4 2 5 4 5 3 5 4 4 2 3 5 5 2 2 3 4 5 3 4 4 3 3 3 5 5 4 5 2 2 5 5 4 3 4 3 4 5 3 3 5 4 3 5 4 4 5 3 5 2 4 5 5 5 4 5 5 5 4 4 0 2 4 3 3 4 3 2 4 4 3 4 4 3 4 4 5 5 2 4 4 4 2 2 4 2 4 4 5 5 2 5 4 5 4 4 3 2 3 4 5 3 4 5 5 4 4 5 3 2 2 2 2 5 4 2 3 3 4 4 5 5 5 4 4 5 5 5 2 4 4 3 4 5 4 3 4 3 5 2 2 5 3 3 4 3 5 5 5 3 5 3 5 4 3 5 5 5 4 3 3 4 2 3 4 3 4 2 4 4 3 3 5 4 5 5 5 3 5 5 3 2 4 2
1 2 1 2 2 2 1 2 1 2 2 2 2 2 2 1 2 1 2 2 2 1 2 2 2 1 1 2 2 1 1 1 2 2 1 2 2 1 1 1 2 2 2 2 1 1 2 2 2 1 2 1 2 2 1 1 2 2 1 2 2 2 2 1 2 1 2 2 2 2 2 2 2 2 2 2 2 0 2 1 1 2 1 1 2 2 1 2 2 1 2 2 2 2 1 2 2 2 1 1 2 1 2 2 2 2 1 2 2 2 2 2 1 1 1 2 2 1 2 2 2 2 2 2 1 1 1 1 1 2 2 1 1 1 2 2 2 2 2 2 2 2 2 2 1 2 2 1 2 2 2 1 2 1 2 1 1 2 1 1 2 1 2 2 2 1 2 1 2 2 1 2 2 2 2 1 1 2 1 1 2 1 2 1 2 2 1 1 2 2 2 2 2 1 2 2 1 1 2 1
3 4 3 4 5 4 3 5 3 4 4 4 4 4 4 3 4 2 5 4 4 3 5 4 4 2 3 4 4 2 2 3 4 5 3 4 4 3 3 3 5 5 4 4 2 2 5 4 4 3 4 3 4 4 3 3 5 4 3 5 4 4 5 3 5 2 4 4 4 5 4 5 5 4 4 4 4 2 0 3 3 4 3 2 4 4 3 3 4 3 4 4 5 5 2 4 3 4 2 2 3 2 4 4 5 5 2 5 4 5 4 4 3 2 3 4 4 3 4 4 4 4 3 5 3 2 2 2 2 5 4 2 3 3 4 4 5 5 5 4 4 4 4 5 2 4 4 3 4 4 4 3 4 3 5 2 2 5 3 3 4 3 5 4 5 3 5 3 5 4 3 4 5 5 4 3 3 4 2 3 4 3 4 2 4 4 3 3 5 4 5 4 5 3 5 4 3 2 3 2
2 3 2 3 3 2 2 3 2 3 3 3 3 2 3 2 2 1 3 2 3 2 3 3 3 1 2 3 3 1 1 2 3 3 2 2 2 2 2 2 3 3 3 3 1 1 3 3 2 2 3 2 2 3 2 2 3 2 2 3 2 2 3 2 3 1 2 3 3 3 3 3 3 3 3 3 3 1 3 0 2 3 2 1 3 2 2 2 3 2 3 3 3 3 1 3 2 2 1 1 2 1 3 3 3 3 1 3 2 3 3 2 2 1 2 3 3 2 3 3 3 3 2 3 2 1 1 1 1 3 3 1 2 2 3 2 3 3 3 3 3 3 3 3 1 3 3 2 2 3 3 2 3 2 3 1 1 3 2 2 3 2 3 3 3 2 3 2 3 2 2 3 3 3 3 2 2 3 1 2 3 2 3 1 3 3 2 2 3 3 3 3 3 2 3 3 2 1 2 1
2 3 2 3 3 2 2 3 2 3 3 3 3 2 3 2 2 1 3 2 3 2 3 3 3 1 2 3 3 1 1 2 3 3 2 2 2 2 2 2 3 3 3 3 1 1 3 3 2 2 3 2 2 3 2 2 3 2 2 3 2 2 3 2 3 1 2 3 3 3 3 3 3 3 3 3 3 1 3 2 0 3 2 1 3 2 2 2 3 2 3 3 3 3 1 3 2 2 1 1 2 1 3 3 3 3 1 3 2 3 3 2 2 1 2 3 3 2 3 3 3 3 2 3 2 1 1 1 1 3 3 1 2 2 3 2 3 3 3 3 3 3 3 3 1 3 3 2 2 3 3 2 3 2 3 1 1 3 2 2 3 2 3 3 3 2 3 2 3 2 2 3 3 3 3 2 2 3 1 2 3 2 3 1 3 3 2 2 3 3 3 3 3 2 3 3 2 1 2 1
3 4 3 4 4 4 3 4 3 4 4 4 4 3 4 3 3 2 5 3 4 3 5 4 4 2 3 4 4 2 2 3 4 4 3 4 3 3 3 3 5 5 4 4 2 2 5 4 3 3 4 3 4 4 3 3 5 3 3 5 4 4 4 3 5 2 3 4 4 5 4 5 5 4 4 4 4 2 4 3 3 0 3 2 4 3 3 3 4 3 4 4 5 5 2 4 3 4 2 2 3 2 4 4 5 5 2 4 3 5 4 4 3 2 3 4 4 3 4 4 4 4 3 4 3 2 2 2 2 5 4 2 3 3 4 3 5 5 5 4 4 4 4 5 2 4 4 3 4 4 4 3 4 3 4 2 2 5 3 3 4 3 4 4 5 3 5 3 5 3 3 4 5 5 4 3 3 4 2 3 4 3 4 2 4 4 3 3 4 4 4 4 5 3 5 4 3 2 3 2
2 3 2 3 3 3 2 3 2 3 3 3 3 2 3 2 2 1 3 2 3 2 3 3 3 2 2 3 3 2 1 2 3 3 2 3 2 2 2 2 3 3 3 3 2 1 3 3 2 2 3 2 3 3 2 2 3 2 2 3 3 3 3 2 3 2 2 3 3 3 3 3 3 3 3 3 3 1 3 2 2 3 0 1 3 2 2 2 3 2 3 3 3 3 1 3 2 3 1 1 2 1 3 3 3 3 2 3 2 3 3 3 2 1 2 3 3 2 3 3 3 3 2 3 2 1 2 1 1 3 3 1 2 2 3 2 3 3 3 3 3 3 3 3 1 3 3 2 3 3 3 2 3 2 3 2 1 3 2 2 3 2 3 3 3 2 3 2 3 2 2 3 3 3 3 2 2 3 2 2 3 2 3 1 3 3 2 2 3 3 3 3 3 2 3 3 2 1 2 1
2 2 1 2 2 2 1 2 2 2 2 2 2 2 2 1 2 1 3 2 2 1 3 2 2 1 2 2 2 1 1 2 2 2 2 2 2 1 2 1 2 3 2 2 1 1 3 2 2 2 2 2 2 2 2 1 2 2 1 3 2 2 2 1 3 1 2 2 2 2 2 2 3 2 2 2 2 1 2 1 1 2 1 0 2 2 1 2 2 2 2 2 3 2 1 2 2 2 1 1 2 1 2 2 2 3 1 2 2 2 2 2 2 1 1 2 2 2 2 2 2 2 2 2 1 1 1 1 1 2 2 1 1 2 2 2 2 2 3 2 2 2 2 2 1 2 2 2 2 2 2 2 2 1 2 1 1 3 1 2 2 2 2 2 3 2 2 1 3 2 1 2 3 3 2 2 2 2 1 2 2 1 2 1 2 2 1 1 2 2 2 2 2 2 3 2 1 1 2 1
3 4 3 4 5 4 3 5 3 4 4 4 4 4 4 3 4 2 5 4 4 3 5 4 4 2 3 4 4 2 2 3 4 5 3 4 4 3 3 3 5 5 4 4 2 2 5 4 4 3 4 3 4 4 3 3 5 4 3 5 4 4 5 3 5 2 4 4 4 5 4 5 5 4 4 4 4 2 4 3 3 4 3 2 0 4 3 3 4 3 4 4 5 5 2 4 3 4 2 2 3 2 4 4 5 5 2 5 4 5 4 4 3 2 3 4 4 3 4 4 4 4 3 5 3 2 2 2 2 5 4 2 3 3 4 4 5 5 5 4 4 4 4 5 2 4 4 3 4 4 4 3 4 3 5 2 2 5 3 3 4 3 5 4 5 3 5 3 5 4 3 4 5 5 4 3 3 4 2 3 4 3 4 2 4 4 3 3 5 4 5 4 5 3 5 4 3 2 3 2
3 3 2 3 4 3 2 4 3 4 3 4 4 3 4 2 3 2 4 3 4 2 4 4 4 2 3 4 4 2 2 3 3 4 3 3 3 2 3 2 4 4 4 4 2 2 4 4 3 3 4 3 3 4 3 2 4 3 2 4 3 3 4 2 4 2 3 4 4 4 3 4 4 4 3 3 4 2 4 2 2 3 2 2 4 0 2 3 4 3 3 3 4 4 2 4 3 3 2 2 3 2 3 4 4 4 2 4 3 4 3 3 3 2 2 4 4 3 3 4 4 3 3 4 2 2 2 2 2 4 3 2 2 3 4 3 4 4 4 3 4 4 4 4 2 4 3 3 3 4 3 3 3 2 4 2 2 4 2 3 3 3 4 4 4 3 4 2 4 3 2 4 4 4 3 3 3 3 2 3 4 2 3 2 4 4 2 2 4 3 4 4 4 3 4 4 2 2 3 2
2 3 2 3 3 2 2 3 2 3 3 3 3 2 3 2 2 1 3 2 3 2 3 3 3 1 2 3 3 1 1 2 3 3 2 2 2 2 2 2 3 3 3 3 1 1 3 3 2 2 3 2 2 3 2 2 3 2 2 3 2 2 3 2 3 1 2 3 3 3 3 3 3 3 3 3 3 1 3 2 2 3 2 1 3 2 0 2 3 2 3 3 3 3 1 3 2 2 1 1 2 1 3 3 3 3 1 3 2 3 3 2 2 1 2 3 3 2 3 3 3 3 2 3 2 1 1 1 1 3 3 1 2 2 3 2 3 3 3 3 3 3 3 3 1 3 3 2 2 3 3 2 3 2 3 1 1 3 2 2 3 2 3 3 3 2 3 2 3 2 2 3 3 3 3 2 2 3 1 2 3 2 3 1 3 3 2 2 3 3 3 3 3 2 3 3 2 1 2 1
3 3 2 3 4 3 2 4 3 4 3 4 4 3 3 2 3 2 4 3 4 2 4 3 3 2 3 4 4 2 2 3 3 4 3 3 3 2 3 2 4 4 3 4 2 2 4 4 3 2 3 2 3 4 3 2 4 3 2 4 3 3 4 2 4 2 3 4 4 4 3 4 4 4 3 3 4 2 3 2 2 3 2 2 3 3 2 0 3 3 3 3 4 4 2 3 3 3 2 2 3 2 3 3 4 4 2 4 3 4 3 3 2 2 2 3 4 3 3 4 4 3 3 4 2 2 2 2 2 4 3 2 2 3 3 3 4 4 4 3 3 4 4 4 2 3 3 2 3 4 3 3 3 2 4 2 2 4 2 3 3 2 4 4 4 2 4 2 4 3 2 4 4 4 3 2 3 3 2 2 3 2 3 2 3 3 2 2 4 3 4 4 4 2 4 4 2 2 3 2
3 4 3 4 5 4 3 5 3 4 4 4 4 4 4 3 4 2 5 4 4 3 5 4 4 2 3 4 4 2 2 3 4 5 3 4 4 3 3 3 5 5 4 4 2 2 5 4 4 3 4 3 4 4 3 3 5 4 3 5 4 4 5 3 5 2 4 4 4 5 4 5 5 4 4 4 4 2 4 3 3 4 3 2 4 4 3 3 0 3 4 4 5 5 2 4 3 4 2 2 3 2 4 4 5 5 2 5 4 5 4 4 3 2 3 4 4 3 4 4 4 4 3 5 3 2 2 2 2 5 4 2 3 3 4 4 5 5 5 4 4 4 4 5 2 4 4 3 4 4 4 3 4 3 5 2 2 5 3 3 4 3 5 4 5 3 5 3 5 4 3 4 5 5 4 3 3 4 2 3 4 3 4 2 4 4 3 3 5 4 5 4 5 3 5 4 3 2 3 2
3 3 2 3 4 3 2 4 3 3 3 3 3 3 3 2 3 1 4 3 3 2 4 3 3 2 3 3 3 2 2 3 3 4 3 3 3 2 3 2 4 4 3 3 2 2 4 3 3 2 3 2 3 3 3 2 4 3 2 4 3 3 4 2 4 2 3 3 3 4 3 4 4 3 3 3 3 1 3 2 2 3 2 2 3 3 2 3 3 0 3 3 4 4 1 3 3 3 2 1 3 2 3 3 4 4 2 4 3 4 3 3 2 1 2 3 3 3 3 3 3 3 3 4 2 2 2 1 2 4 3 1 2 3 3 3 4 4 4 3 3 3 3 4 1 3 3 2 3 3 3 3 3 2 4 2 1 4 2 3 3 2 4 3 4 2 4 2 4 3 2 3 4 4 3 2 3 3 2 2 3 2 3 1 3 3 2 2 4 3 4 3 4 2 4 3 2 2 3 1
3 4 3 4 4 3 3 4 3 4 4 4 4 3 4 3 3 2 5 3 4 3 5 4 4 2 3 4 4 2 2 3 4 4 3 3 3 3 3 2 4 5 4 4 2 2 5 4 3 3 4 3 3 4 3 3 4 3 2 5 3 3 4 3 5 2 3 4 4 4 4 4 5 4 4 4 4 2 4 3 3 4 3 2 4 3 3 3 4 3 0 4 5 4 2 4 3 3 2 2 3 2 4 4 4 5 2 4 3 4 4 3 3 2 3 4 4 3 4 4 4 4 3 4 3 2 2 2 2 4 4 2 3 3 4 3 4 4 5 4 4 4 4 4 2 4 4 3 3 4 4 3 4 3 4 2 2 5 3 3 4 3 4 4 5 3 4 3 5 3 3 4 5 5 4 3 3 4 2 3 4 3 4 2 4 4 3 3 4 4 4 4 4 3 5 4 3 2 3 2
3 4 3 4 4 3 3 4 3 4 4 4 4 3 4 3 3 2 4 3 4 3 4 4 4 2 3 4 4 2 2 3 4 4 3 3 3 3 3 2 4 4 4 4 2 2 4 4 3 3 4 3 3 4 3 3 4 3 2 4 3 3 4 3 4 2 3 4 4 4 4 4 4 4 4 4 4 2 4 3 3 4 3 2 4 3 3 3 4 3 4 0 4 4 2 4 3 3 2 2 3 2 4 4 4 4 2 4 3 4 4 3 3 2 3 4 4 3 4 4 4 4 3 4 3 2 2 2 2 4 4 2 3 3 4 3 4 4 4 4 4 4 4 4 2 4 4 3 3 4 4 3 4 3 4 2 2 4 3 3 4 3 4 4 4 3 4 3 4 3 3 4 4 4 4 3 3 4 2 3 4 3 4 2 4 4 3 3 4 4 4 4 4 3 4 4 3 2 3 2
4 5 3 5 5 4 3 5 4 5 4 5 5 4 5 3 4 2 6 4 5 3 6 5 5 3 4 5 5 3 3 4 4 5 4 4 4 3 4 3 5 6 5 5 3 3 6 5 4 4 5 4 4 5 4 3 5 4 3 6 4 4 5 3 6 3 4 5 5 5 5 5 6 5 4 5 5 2 5 3 3 5 3 3 5 4 3 4 5 4 5 4 0 5 2 5 4 4 3 2 4 3 5 5 5 6 3 5 4 5 4 4 4 2 3 5 5 4 5 5 5 4 4 5 3 3 3 2 3 5 5 2 3 4 5 4 5 5 6 5 5 5 5 5 2 5 4 4 4 5 4 4 5 3 5 3 2 6 3 4 5 4 5 5 6 4 5 3 6 4 3 5 6 6 5 4 4 5 3 4 5 3 5 2 5 5 3 3 5 5 5 5 5 4 6 5 3 3 4 2
4 4 3 4 5 4 3 5 4 5 4 5 5 4 5 3 4 2 5 4 5 3 5 5 5 3 4 5 5 3 2 4 4 5 4 4 4 3 4 3 5 5 5 5 3 2 5 5 4 3 5 3 4 5 4 3 5 4 3 5 4 4 5 3 5 3 4 5 5 5 4 5 5 5 4 4 5 2 5 3 3 5 3 2 5 4 3 4 5 4 4 4 5 0 2 5 4 4 2 2 4 2 4 5 5 5 3 5 4 5 4 4 3 2 3 5 5 4 5 5 5 4 4 5 3 2 3 2 2 5 4 2 3 4 5 4 5 5 5 5 5 5 5 5 2 5 4 3 4 5 4 4 4 3 5 3 2 5 3 4 4 3 5 5 5 3 5 3 5 4 3 5 5 5 5 3 4 5 3 3 5 3 4 2 5 5 3 3 5 4 5 5 5 3 5 5 3 2 4 2
1 2 1 2 2 2 1 2 1 2 2 2 2 2 2 1 2 1 2 2 2 1 2 2 2 1 1 2 2 1 1 1 2 2 1 2 2 1 1 1 2 2 2 2 1 1 2 2 2 1 2 1 2 2 1 1 2 2 1 2 2 2 2 1 2 1 2 2 2 2 2 2 2 2 2 2 2 1 2 1 1 2 1 1 2 2 1 2 2 1 2 2 2 2 0 2 2 2 1 1 2 1 2 2 2 2 1 2 2 2 2 2 1 1 1 2 2 1 2 2 2 2 2 2 1 1 1 1 1 2 2 1 1 1 2 2 2 2 2 2 2 2 2 2 1 2 2 1 2 2 2 1 2 1 2 1 1 2 1 1 2 1 2 2 2 1 2 1 2 2 1 2 2 2 2 1 1 2 1 1 2 1 2 1 2 2 1 1 2 2 2 2 2 1 2 2 1 1 2 1
3 4 3 4 5 4 3 5 3 4 4 4 4 4 4 3 4 2 5 4 4 3 5 4 4 2 3 4 4 2 2 3 4 5 3 4 4 3 3 3 5 5 4 4 2 2 5 4 4 3 4 3 4 4 3 3 5 4 3 5 4 4 5 3 5 2 4 4 4 5 4 5 5 4 4 4 4 2 4 3 3 4 3 2 4 4 3 3 4 3 4 4 5 5 2 0 3 4 2 2 3 2 4 4 5 5 2 5 4 5 4 4 3 2 3 4 4 3 4 4 4 4 3 5 3 2 2 2 2 5 4 2 3 3 4 4 5 5 5 4 4 4 4 5 2 4 4 3 4 4 4 3 4 3 5 2 2 5 3 3 4 3 5 4 5 3 5 3 5 4 3 4 5 5 4 3 3 4 2 3 4 3 4 2 4 4 3 3 5 4 5 4 5 3 5 4 3 2 3 2
3 3 2 3 4 3 2 4 3 4 3 4 4 3 3 2 3 2 4 3 4 2 4 3 3 2 3 4 4 2 2 3 3 4 3 3 3 2 3 2 4 4 3 4 2 2 4 4 3 2 3 2 3 4 3 2 4 3 2 4 3 3 4 2 4 2 3 4 4 4 3 4 4 4 3 3 4 2 3 2 2 3 2 2 3 3 2 3 3 3 3 3 4 4 2 3 0 3 2 2 3 2 3 3 4 4 2 4 3 4 3 3 2 2 2 3 4 3 3 4 4 3 3 4 2 2 2 2 2 4 3 2 2 3 3 3 4 4 4 3 3 4 4 4 2 3 3 2 3 4 3 3 3 2 4 2 2 4 2 3 3 2 4 4 4 2 4 2 4 3 2 4 4 4 3 2 3 3 2 2 3 2 3 2 3 3 2 2 4 3 4 4 4 2 4 4 2 2 3 2
3 3 2 3 4 3 3 4 3 4 3 4 4 3 4 2 3 2 4 3 4 3 4 4 4 2 3 4 4 2 2 3 3 4 3 3 3 3 3 2 4 4 4 4 2 2 4 4 3 3 4 3 3 4 3 3 4 3 2 4 3 3 4 2 4 2 3 4 4 4 3 4 4 4 3 3 4 2 4 2 2 4 3 2 4 3 2 3 4 3 3 3 4 4 2 4 3 0 2 2 3 2 3 4 4 4 2 4 3 4 3 3 3 2 3 4 4 3 4 4 4 3 3 4 2 2 2 2 2 4 3 2 2 3 4 3 4 4 4 4 4 4 4 4 2 4 3 3 3 4 3 3 3 2 4 2 2 4 2 3 3 3 4 4 4 3 4 3 4 3 3 4 4 4 4 3 3 4 2 3 4 3 3 2 4 4 3 2 4 3 4 4 4 3 4 4 3 2 3 2
2 2 1 2 2 2 1 2 2 2 2 2 2 2 2 1 2 1 3 2 2 1 3 2 2 1 2 2 2 1 1 2 2 2 2 2 2 1 2 1 2 3 2 2 1 1 3 2 2 2 2 2 2 2 2 1 2 2 1 3 2 2 2 1 3 1 2 2 2 2 2 2 3 2 2 2 2 1 2 1 1 2 1 1 2 2 1 2 2 2 2 2 3 2 1 2 2 2 0 1 2 1 2 2 2 3 1 2 2 2 2 2 2 1 1 2 2 2 2 2 2 2 2 2 1 1 1 1 1 2 2 1 1 2 2 2 2 2 3 2 2 2 2 2 1 2 2 2 2 2 2 2 2 1 2 1 1 3 1 2 2 2 2 2 3 2 2 1 3 2 1 2 3 3 2 2 2 2 1 2 2 1 2 1 2 2 1 1 2 2 2 2 2 2 3 2 1 1 2 1
1 2 1 2 2 2 1 2 1 2 2 2 2 2 2 1 2 1 2 2 2 1 2 2 2 1 1 2 2 1 1 1 2 2 1 2 2 1 1 1 2 2 2 2 1 1 2 2 2 1 2 1 2 2 1 1 2 2 1 2 2 2 2 1 2 1 2 2 2 2 2 2 2 2 2 2 2 1 2 1 1 2 1 1 2 2 1 2 2 1 2 2 2 2 1 2 2 2 1 0 2 1 2 2 2 2 1 2 2 2 2 2 1 1 1 2 2 1 2 2 2 2 2 2 1 1 1 1 1 2 2 1 1 1 2 2 2 2 2 2 2 2 2 2 1 2 2 1 2 2 2 1 2 1 2 1 1 2 1 1 2 1 2 2 2 1 2 1 2 2 1 2 2 2 2 1 1 2 1 1 2 1 2 1 2 2 1 1 2 2 2 2 2 1 2 2 1 1 2 1
3 3 2 3 4 3 2 4 3 4 3 4 4 3 3 2 3 2 4 3 4 2 4 3 3 2 3 4 4 2 2 3 3 4 3 3 3 2 3 2 4 4 3 4 2 2 4 4 3 2 3 2 3 4 3 2 4 3 2 4 3 3 4 2 4 2 3 4 4 4 3 4 4 4 3 3 4 2 3 2 2 3 2 2 3 3 2 3 3 3 3 3 4 4 2 3 3 3 2 2 0 2 3 3 4 4 2 4 3 4 3 3 2 2 2 3 4 3 3 4 4 3 3 4 2 2 2 2 2 4 3 2 2 3 3 3 4 4 4 3 3 4 4 4 2 3 3 2 3 4 3 3 3 2 4 2 2 4 2 3 3 2 4 4 4 2 4 2 4 3 2 4 4 4 3 2 3 3 2 2 3 2 3 2 3 3 2 2 4 3 4 4 4 2 4 4 2 2 3 2
2 2 1 2 2 2 1 2 2 2 2 2 2 2 2 1 2 1 3 2 2 1 3 2 2 1 2 2 2 1 1 2 2 2 2 2 2 1 2 1 2 3 2 2 1 1 3 2 2 2 2 2 2 2 2 1 2 2 1 3 2 2 2 1 3 1 2 2 2 2 2 2 3 2 2 2 2 1 2 1 1 2 1 1 2 2 1 2 2 2 2 2 3 2 1 2 2 2 1 1 2 0 2 2 2 3 1 2 2 2 2 2 2 1 1 2 2 2 2 2 2 2 2 2 1 1 1 1 1 2 2 1 1 2 2 2 2 2 3 2 2 2 2 2 1 2 2 2 2 2 2 2 2 1 2 1 1 3 1 2 2 2 2 2 3 2 2 1 3 2 1 2 3 3 2 2 2 2 1 2 2 1 2 1 2 2 1 1 2 2 2 2 2 2 3 2 1 1 2 1
3 4 3 4 4 3 3 4 3 4 4 4 4 3 4 3 3 2 5 3 4 3 5 4 4 2 3 4 4 2 2 3 4 4 3 3 3 3 3 2 4 5 4 4 2 2 5 4 3 3 4 3 3 4 3 3 4 3 2 5 3 3 4 3 5 2 3 4 4 4 4 4 5 4 4 4 4 2 4 3 3 4 3 2 4 3 3 3 4 3 4 4 5 4 2 4 3 3 2 2 3 2 0 4 4 5 2 4 3 4 4 3 3 2 3 4 4 3 4 4 4 4 3 4 3 2 2 2 2 4 4 2 3 3 4 3 4 4 5 4 4 4 4 4 2 4 4 3 3 4 4 3 4 3 4 2 2 5 3 3 4 3 4 4 5 3 4 3 5 3 3 4 5 5 4 3 3 4 2 3 4 3 4 2 4 4 3 3 4 4 4 4 4 3 5 4 3 2 3 2
3 4 3 4 5 4 3 5 3 4 4 4 4 4 4 3 4 2 5 4 4 3 5 4 4 2 3 4 4 2 2 3 4 5 3 4 4 3 3 3 5 5 4 4 2 2 5 4 4 3 4 3 4 4 3 3 5 4 3 5 4 4 5 3 5 2 4 4 4 5 4 5 5 4 4 4 4 2 4 3 3 4 3 2 4 4 3 3 4 3 4 4 5 5 2 4 3 4 2 2 3 2 4 0 5 5 2 5 4 5 4 4 3 2 3 4 4 3 4 4 4 4 3 5 3 2 2 2 2 5 4 2 3 3 4 4 5 5 5 4 4 4 4 5 2 4 4 3 4 4 4 3 4 3 5 2 2 5 3 3 4 3 5 4 5 3 5 3 5 4 3 4 5 5 4 3 3 4 2 3 4 3 4 2 4 4 3 3 5 4 5 4 5 3 5 4 3 2 3 2
4 4 3 4 5 4 3 5 4 5 4 5 5 4 5 3 4 2 5 4 5 3 5 5 5 3 4 5 5 3 2 4 4 5 4 4 4 3 4 3 5 5 5 5 3 2 5 5 4 3 5 3 4 5 4 3 5 4 3 5 4 4 5 3 5 3 4 5 5 5 4 5 5 5 4 4 5 2 5 3 3 5 3 2 5 4 3 4 5 4 4 4 5 5 2 5 4 4 2 2 4 2 4 5 0 5 3 5 4 5 4 4 3 2 3 5 5 4 5 5 5 4 4 5 3 2 3 2 2 5 4 2 3 4 5 4 5 5 5 5 5 5 5 5 2 5 4 3 4 5 4 4 4 3 5 3 2 5 3 4 4 3 5 5 5 3 5 3 5 4 3 5 5 5 5 3 4 5 3 3 5 3 4 2 5 5 3 3 5 4 5 5 5 3 5 5 3 2 4 2
4 5 3 5 5 4 3 5 4 5 4 5 5 4 5 3 4 2 6 4 5 3 6 5 5 3 4 5 5 3 3 4 4 5 4 4 4 3 4 3 5 6 5 5 3 3 6 5 4 4 5 4 4 5 4 3 5 4 3 6 4 4 5 3 6 3 4 5 5 5 5 5 6 5 4 5 5 2 5 3 3 5 3 3 5 4 3 4 5 4 5 4 6 5 2 5 4 4 3 2 4 3 5 5 5 0 3 5 4 5 4 4 4 2 3 5 5 4 5 5 5 4 4 5 3 3 3 2 3 5 5 2 3 4 5 4 5 5 6 5 5 5 5 5 2 5 4 4 4 5 4 4 5 3 5 3 2 6 3 4 5 4 5 5 6 4 5 3 6 4 3 5 6 6 5 4 4 5 3 4 5 3 5 2 5 5 3 3 5 5 5 5 5 4 6 5 3 3 4 2
2 2 1 2 3 2 2 3 2 2 2 3 2 2 2 1 2 1 3 2 2 2 3 2 2 1 2 3 3 1 1 2 2 3 2 2 2 2 2 1 3 3 2 2 1 1 3 3 2 2 2 2 2 2 2 2 3 2 1 3 2 2 3 1 3 1 2 2 2 3 2 3 3 2 2 2 2 1 2 1 1 2 2 1 2 2 1 2 2 2 2 2 3 3 1 2 2 2 1 1 2 1 2 2 3 3 0 3 2 3 2 2 2 1 2 2 2 2 2 3 2 2 2 3 1 1 1 1 1 3 2 1 1 2 2 2 3 3 3 2 2 3 3 3 1 2 2 2 2 3 2 2 2 1 3 1 1 3 1 2 2 2 3 3 3 2 3 2 3 2 2 3 3 3 2 2 2 2 1 2 2 2 2 1 2 2 2 1 3 2 3 2 3 2 3 2 2 1 2 1
4 4 3 4 5 4 3 5 4 5 4 5 5 4 5 3 4 2 5 4 5 3 5 5 5 3 4 5 5 3 2 4 4 5 4 4 4 3 4 3 5 5 5 5 3 2 5 5 4 3 5 3 4 5 4 3 5 4 3 5 4 4 5 3 5 3 4 5 5 5 4 5 5 5 4 4 5 2 5 3 3 4 3 2 5 4 3 4 5 4 4 4 5 5 2 5 4 4 2 2 4 2 4 5 5 5 3 0 4 5 4 4 3 2 3 5 5 4 4 5 5 4 4 5 3 2 3 2 2 5 4 2 3 4 5 4 5 5 5 4 5 5 5 5 2 5 4 3 4 5 4 4 4 3 5 3 2 5 3 4 4 3 5 5 5 3 5 3 5 4 3 5 5 5 4 3 4 4 3 3 5 3 4 2 5 5 3 3 5 4 5 5 5 3 5 5 3 2 4 2
3 3 2 3 4 3 2 4 3 4 3 4 4 3 4 2 3 2 4 3 4 2 4 4 4 2 3 4 4 2 2 3 3 4 3 3 3 2 3 2 4 4 4 4 2 2 4 4 3 3 4 3 3 4 3 2 4 3 2 4 3 3 4 2 4 2 3 4 4 4 3 4 4 4 3 3 4 2 4 2 2 3 2 2 4 3 2 3 4 3 3 3 4 4 2 4 3 3 2 2 3 2 3 4 4 4 2 4 0 4 3 3 3 2 2 4 4 3 3 4 4 3 3 4 2 2 2 2 2 4 3 2 2 3 4 3 4 4 4 3 4 4 4 4 2 4 3 3 3 4 3 3 3 2 4 2 2 4 2 3 3 3 4 4 4 3 4 2 4 3 2 4 4 4 3 3 3 3 2 3 4 2 3 2 4 4 2 2 4 3 4 4 4 3 4 4 2 2 3 2
4 4 3 4 5 4 3 5 4 5 4 5 5 4 5 3 4 2 5 4 5 3 5 5 5 3 4 5 5 3 2 4 4 5 4 4 4 3 4 3 5 5 5 5 3 2 5 5 4 3 5 3 4 5 4 3 5 4 3 5 4 4 5 3 5 3 4 5 5 5 4 5 5 5 4 4 5 2 5 3 3 5 3 2 5 4 3 4 5 4 4 4 5 5 2 5 4 4 2 2 4 2 4 5 5 5 3 5 4 0 4 4 3 2 3 5 5 4 5 5 5 4 4 5 3 2 3 2 2 5 4 2 3 4 5 4 5 5 5 5 5 5 5 5 2 5 4 3 4 5 4 4 4 3 5 3 2 5 3 4 4 3 5 5 5 3 5 3 5 4 3 5 5 5 5 3 4 5 3 3 5 3 4 2 5 5 3 3 5 4 5 5 5 3 5 5 3 2 4 2
3 4 3 4 4 3 3 4 3 4 4 4 4 3 4 3 3 2 4 3 4 3 4 4 4 2 3 4 4 2 2 3 4 4 3 3 3 3 3 2 4 4 4 4 2 2 4 4 3 3 4 3 3 4 3 3 4 3 2 4 3 3 4 3 4 2 3 4 4 4 4 4 4 4 4 4 4 2 4 3 3 4 3 2 4 3 3 3 4 3 4 4 4 4 2 4 3 3 2 2 3 2 4 4 4 4 2 4 3 4 0 3 3 2 3 4 4 3 4 4 4 4 3 4 3 2 2 2 2 4 4 2 3 3 4 3 4 4 4 4 4 4 4 4 2 4 4 3 3 4 4 3 4 3 4 2 2 4 3 3 4 3 4 4 4 3 4 3 4 3 3 4 4 4 4 3 3 4 2 3 4 3 4 2 4 4 3 3 4 4 4 4 4 3 4 4 3 2 3 2
3 3 2 3 4 3 3 4 3 4 3 4 4 3 4 2 3 2 4 3 4 3 4 4 4 2 3 4 4 2 2 3 3 4 3 3 3 3 3 2 4 4 4 4 2 2 4 4 3 3 4 3 3 4 3 3 4 3 2 4 3 3 4 2 4 2 3 4 4 4 3 4 4 4 3 3 4 2 4 2 2 4 3 2 4 3 2 3 4 3 3 3 4 4 2 4 3 3 2 2 3 2 3 4 4 4 2 4 3 4 3 0 3 2 3 4 4 3 4 4 4 3 3 4 2 2 2 2 2 4 3 2 2 3 4 3 4 4 4 4 4 4 4 4 2 4 3 3 3 4 3 3 3 2 4 2 2 4 2 3 3 3 4 4 4 3 4 3 4 3 3 4 4 4 4 3 3 4 2 3 4 3 3 2 4 4 3 2 4 3 4 4 4 3 4 4 3 2 3 2
2 3 2 3 3 3 2 3 2 3 3 3 3 3 3 2 3 1 4 3 3 2 4 3 3 2 2 3 3 2 2 2 3 3 2 3 3 2 2 2 3 4 3 3 2 2 4 3 3 2 3 2 3 3 2 2 3 3 2 4 3 3 3 2 4 2 3 3 3 3 3 3 4 3 3 3 3 1 3 2 2 3 2 2 3 3 2 2 3 2 3 3 4 3 1 3 2 3 2 1 2 2 3 3 3 4 2 3 3 3 3 3 0 1 2 3 3 2 3 3 3 3 2 3 2 2 2 1 2 3 3 1 2 2 3 3 3 3 4 3 3 3 3 3 1 3 3 2 3 3 3 2 3 2 3 2 1 4 2 2 3 2 3 3 4 2 3 2 4 3 2 3 4 4 3 2 2 3 2 2 3 2 3 1 3 3 2 2 3 3 3 3 3 2 4 3 2 2 2 1
1 2 1 2 2 2 1 2 1 2 2 2 2 2 2 1 2 1 2 2 2 1 2 2 2 1 1 2 2 1 1 1 2 2 1 2 2 1 1 1 2 2 2 2 1 1 2 2 2 1 2 1 2 2 1 1 2 2 1 2 2 2 2 1 2 1 2 2 2 2 2 2 2 2 2 2 2 1 2 1 1 2 1 1 2 2 1 2 2 1 2 2 2 2 1 2 2 2 1 1 2 1 2 2 2 2 1 2 2 2 2 2 1 0 1 2 2 1 2 2 2 2 2 2 1 1 1 1 1 2 2 1 1 1 2 2 2 2 2 2 2 2 2 2 1 2 2 1 2 2 2 1 2 1 2 1 1 2 1 1 2 1 2 2 2 1 2 1 2 2 1 2 2 2 2 1 1 2 1 1 2 1 2 1 2 2 1 1 2 2 2 2 2 1 2 2 1 1 2 1
2 3 2 3 3 3 2 3 2 3 3 3 3 2 3 2 2 1 3 2 3 2 3 3 3 2 2 3 3 2 1 2 3 3 2 3 2 2 2 2 3 3 3 3 2 1 3 3 2 2 3 2 3 3 2 2 3 2 2 3 3 3 3 2 3 2 2 3 3 3 3 3 3 3 3 3 3 1 3 2 2 3 2 1 3 2 2 2 3 2 3 3 3 3 1 3 2 3 1 1 2 1 3 3 3 3 2 3 2 3 3 3 2 1 0 3 3 2 3 3 3 3 2 3 2 1 2 1 1 3 3 1 2 2 3 2 3 3 3 3 3 3 3 3 1 3 3 2 3 3 3 2 3 2 3 2 1 3 2 2 3 2 3 3 3 2 3 2 3 2 2 3 3 3 3 2 2 3 2 2 3 2 3 1 3 3 2 2 3 3 3 3 3 2 3 3 2 1 2 1
3 4 3 4 5 4 3 5 3 4 4 4 4 4 4 3 4 2 5 4 4 3 5 4 4 2 3 4 4 2 2 3 4 5 3 4 4 3 3 3 5 5 4 4 2 2 5 4 4 3 4 3 4 4 3 3 5 4 3 5 4 4 5 3 5 2 4 4 4 5 4 5 5 4 4 4 4 2 4 3 3 4 3 2 4 4 3 3 4 3 4 4 5 5 2 4 3 4 2 2 3 2 4 4 5 5 2 5 4 5 4 4 3 2 3 0 4 3 4 4 4 4 3 5 3 2 2 2 2 5 4 2 3 3 4 4 5 5 5 4 4 4 4 5 2 4 4 3 4 4 4 3 4 3 5 2 2 5 3 3 4 3 5 4 5 3 5 3 5 4 3 4 5 5 4 3 3 4 2 3 4 3 4 2 4 4 3 3 5 4 5 4 5 3 5 4 3 2 3 2
3 4 3 4 5 4 3 5 3 5 4 5 5 4 4 3 4 2 5 4 5 3 5 4 4 2 3 5 5 2 2 3 4 5 3 4 4 3 3 3 5 5 4 5 2 2 5 5 4 3 4 3 4 5 3 3 5 4 3 5 4 4 5 3 5 2 4 5 5 5 4 5 5 5 4 4 5 2 4 3 3 4 3 2 4 4 3 4 4 3 4 4 5 5 2 4 4 4 2 2 4 2 4 4 5 5 2 5 4 5 4 4 3 2 3 4 0 3 4 5 5 4 4 5 3 2 2 2 2 5 4 2 3 3 4 4 5 5 5 4 4 5 5 5 2 4 4 3 4 5 4 3 4 3 5 2 2 5 3 3 4 3 5 5 5 3 5 3 5 4 3 5 5 5 4 3 3 4 2 3 4 3 4 2 4 4 3 3 5 4 5 5 5 3 5 5 3 2 4 2
3 3 2 3 4 3 2 4 3 3 3 3 3 3 3 2 3 1 4 3 3 2 4 3 3 2 3 3 3 2 2 3 3 4 3 3 3 2 3 2 4 4 3 3 2 2 4 3 3 2 3 2 3 3 3 2 4 3 2 4 3 3 4 2 4 2 3 3 3 4 3 4 4 3 3 3 3 1 3 2 2 3 2 2 3 3 2 3 3 3 3 3 4 4 1 3 3 3 2 1 3 2 3 3 4 4 2 4 3 4 3 3 2 1 2 3 3 0 3 3 3 3 3 4 2 2 2 1 2 4 3 1 2 3 3 3 4 4 4 3 3 3 3 4 1 3 3 2 3 3 3 3 3 2 4 2 1 4 2 3 3 2 4 3 4 2 4 2 4 3 2 3 4 4 3 2 3 3 2 2 3 2 3 1 3 3 2 2 4 3 4 3 4 2 4 3 2 2 3 1
3 4 3 4 4 4 3 4 3 4 4 4 4 3 4 3 3 2 5 3 4 3 5 4 4 2 3 4 4 2 2 3 4 4 3 4 3 3 3 3 5 5 4 4 2 2 5 4 3 3 4 3 4 4 3 3 5 3 3 5 4 4 4 3 5 2 3 4 4 5 4 5 5 4 4 4 4 2 4 3 3 4 3 2 4 3 3 3 4 3 4 4 5 5 2 4 3 4 2 2 3 2 4 4 5 5 2 4 3 5 4 4 3 2 3 4 4 3 0 4 4 4 3 4 3 2 2 2 2 5 4 2 3 3 4 3 5 5 5 4 4 4 4 5 2 4 4 3 4 4 4 3 4 3 4 2 2 5 3 3 4 3 4 4 5 3 5 3 5 3 3 4 5 5 4 3 3 4 2 3 4 3 4 2 4 4 3 3 4 4 4 4 5 3 5 4 3 2 3 2
3 4 3 4 5 4 3 5 3 5 4 5 5 4 4 3 4 2 5 4 5 3 5 4 4 3 3 5 5 3 2 3 4 5 3 4 4 3 3 3 5 5 4 5 3 2 5 5 4 3 4 3 4 5 3 3 5 4 3 5 4 4 5 3 5 3 4 5 5 5 4 5 5 5 4 4 5 2 4 3 3 4 3 2 4 4 3 4 4 3 4 4 5 5 2 4 4 4 2 2 4 2 4 4 5 5 3 5 4 5 4 4 3 2 3 4 5 3 4 0 5 4 4 5 3 2 3 2 2 5 4 2 3 3 4 4 5 5 5 4 4 5 5 5 2 4 4 3 4 5 4 3 4 3 5 3 2 5 3 3 4 3 5 5 5 3 5 3 5 4 3 5 5 5 4 3 3 4 3 3 4 3 4 2 4 4 3 3 5 4 5 5 5 3 5 5 3 2 4 2
3 4 3 4 5 4 3 5 3 5 4 5 5 4 4 3 4 2 5 4 5 3 5 4 4 2 3 5 5 2 2 3 4 5 3 4 4 3 3 3 5 5 4 5 2 2 5 5 4 3 4 3 4 5 3 3 5 4 3 5 4 4 5 3 5 2 4 5 5 5 4 5 5 5 4 4 5 2 4 3 3 4 3 2 4 4 3 4 4 3 4 4 5 5 2 4 4 4 2 2 4 2 4 4 5 5 2 5 4 5 4 4 3 2 3 4 5 3 4 5 0 4 4 5 3 2 2 2 2 5 4 2 3 3 4 4 5 5 5 4 4 5 5 5 2 4 4 3 4 5 4 3 4 3 5 2 2 5 3 3 4 3 5 5 5 3 5 3 5 4 3 5 5 5 4 3 3 4 2 3 4 3 4 2 4 4 3 3 5 4 5 5 5 3 5 5 3 2 4 2
3 4 3 4 4 3 3 4 3 4 4 4 4 3 4 3 3 2 4 3 4 3 4 4 4 2 3 4 4 2 2 3 4 4 3 3 3 3 3 2 4 4 4 4 2 2 4 4 3 3 4 3 3 4 3 3 4 3 2 4 3 3 4 3 4 2 3 4 4 4 4 4 4 4 4 4 4 2 4 3 3 4 3 2 4 3 3 3 4 3 4 4 4 4 2 4 3 3 2 2 3 2 4 4 4 4 2 4 3 4 4 3 3 2 3 4 4 3 4 4 4 0 3 4 3 2 2 2 2 4 4 2 3 3 4 3 4 4 4 4 4 4 4 4 2 4 4 3 3 4 4 3 4 3 4 2 2 4 3 3 4 3 4 4 4 3 4 3 4 3 3 4 4 4 4 3 3 4 2 3 4 3 4 2 4 4 3 3 4 4 4 4 4 3 4 4 3 2 3 2
3 3 2 3 4 3 2 4 3 4 3 4 4 3 3 2 3 2 4 3 4 2 4 3 3 2 3 4 4 2 2 3 3 4 3 3 3 2 3 2 4 4 3 4 2 2 4 4 3 2 3 2 3 4 3 2 4 3 2 4 3 3 4 2 4 2 3 4 4 4 3 4 4 4 3 3 4 2 3 2 2 3 2 2 3 3 2 3 3 3 3 3 4 4 2 3 3 3 2 2 3 2 3 3 4 4 2 4 3 4 3 3 2 2 2 3 4 3 3 4 4 3 0 4 2 2 2 2 2 4 3 2 2 3 3 3 4 4 4 3 3 4 4 4 2 3 3 2 3 4 3 3 3 2 4 2 2 4 2 3 3 2 4 4 4 2 4 2 4 3 2 4 4 4 3 2 3 3 2 2 3 2 3 2 3 3 2 2 4 3 4 4 4 2 4 4 2 2 3 2
4 4 3 4 5 4 3 5 4 5 4 5 5 4 5 3 4 2 5 4 5 3 5 5 5 3 4 5 5 3 2 4 4 5 4 4 4 3 4 3 5 5 5 5 3 2 5 5 4 3 5 3 4 5 4 3 5 4 3 5 4 4 5 3 5 3 4 5 5 5 4 5 5 5 4 4 5 2 5 3 3 4 3 2 5 4 3 4 5 4 4 4 5 5 2 5 4 4 2 2 4 2 4 5 5 5 3 5 4 5 4 4 3 2 3 5 5 4 4 5 5 4 4 0 3 2 3 2 2 5 4 2 3 4 5 4 5 5 5 4 5 5 5 5 2 5 4 3 4 5 4 4 4 3 5 3 2 5 3 4 4 3 5 5 5 3 5 3 5 4 3 5 5 5 4 3 4 4 3 3 5 3 4 2 5 5 3 3 5 4 5 5 5 3 5 5 3 2 4 2
2 3 2 3 3 2 2 3 2 3 3 3 3 2 3 2 2 1 3 2 3 2 3 3 3 1 2 3 3 1 1 2 3 3 2 2 2 2 2 2 3 3 3 3 1 1 3 3 2 2 3 2 2 3 2 2 3 2 2 3 2 2 3 2 3 1 2 3 3 3 3 3 3 3 3 3 3 1 3 2 2 3 2 1 3 2 2 2 3 2 3 3 3 3 1 3 2 2 1 1 2 1 3 3 3 3 1 3 2 3 3 2 2 1 2 3 3 2 3 3 3 3 2 3 0 1 1 1 1 3 3 1 2 2 3 2 3 3 3 3 3 3 3 3 1 3 3 2 2 3 3 2 3 2 3 1 1 3 2 2 3 2 3 3 3 2 3 2 3 2 2 3 3 3 3 2 2 3 1 2 3 2 3 1 3 3 2 2 3 3 3 3 3 2 3 3 2 1 2 1
2 2 1 2 2 2 1 2 2 2 2 2 2 2 2 1 2 1 3 2 2 1 3 2 2 1 2 2 2 1 1 2 2 2 2 2 2 1 2 1 2 3 2 2 1 1 3 2 2 2 2 2 2 2 2 1 2 2 1 3 2 2 2 1 3 1 2 2 2 2 2 2 3 2 2 2 2 1 2 1 1 2 1 1 2 2 1 2 2 2 2 2 3 2 1 2 2 2 1 1 2 1 2 2 2 3 1 2 2 2 2 2 2 1 1 2 2 2 2 2 2 2 2 2 1 0 1 1 1 2 2 1 1 2 2 2 2 2 3 2 2 2 2 2 1 2 2 2 2 2 2 2 2 1 2 1 1 3 1 2 2 2 2 2 3 2 2 1 3 2 1 2 3 3 2 2 2 2 1 2 2 1 2 1 2 2 1 1 2 2 2 2 2 2 3 2 1 1 2 1
2 2 1 2 3 2 2 3 2 2 2 3 2 2 2 1 2 1 3 2 2 2 3 2 2 1 2 3 3 1 1 2 2 3 2 2 2 2 2 1 3 3 2 2 1 1 3 3 2 2 2 2 2 2 2 2 3 2 1 3 2 2 3 1 3 1 2 2 2 3 2 3 3 2 2 2 2 1 2 1 1 2 2 1 2 2 1 2 2 2 2 2 3 3 1 2 2 2 1 1 2 1 2 2 3 3 1 3 2 3 2 2 2 1 2 2 2 2 2 3 2 2 2 3 1 1 0 1 1 3 2 1 1 2 2 2 3 3 3 2 2 3 3 3 1 2 2 2 2 3 2 2 2 1 3 1 1 3 1 2 2 2 3 3 3 2 3 2 3 2 2 3 3 3 2 2 2 2 1 2 2 2 2 1 2 2 2 1 3 2 3 2 3 2 3 2 2 1 2 1
1 2 1 2 2 2 1 2 1 2 2 2 2 2 2 1 2 1 2 2 2 1 2 2 2 1 1 2 2 1 1 1 2 2 1 2 2 1 1 1 2 2 2 2 1 1 2 2 2 1 2 1 2 2 1 1 2 2 1 2 2 2 2 1 2 1 2 2 2 2 2 2 2 2 2 2 2 1 2 1 1 2 1 1 2 2 1 2 2 1 2 2 2 2 1 2 2 2 1 1 2 1 2 2 2 2 1 2 2 2 2 2 1 1 1 2 2 1 2 2 2 2 2 2 1 1 1 0 1 2 2 1 1 1 2 2 2 2 2 2 2 2 2 2 1 2 2 1 2 2 2 1 2 1 2 1 1 2 1 1 2 1 2 2 2 1 2 1 2 2 1 2 2 2 2 1 1 2 1 1 2 1 2 1 2 2 1 1 2 2 2 2 2 1 2 2 1 1 2 1
2 2 1 2 2 2 1 2 2 2 2 2 2 2 2 1 2 1 3 2 2 1 3 2 2 1 2 2 2 1 1 2 2 2 2 2 2 1 2 1 2 3 2 2 1 1 3 2 2 2 2 2 2 2 2 1 2 2 1 3 2 2 2 1 3 1 2 2 2 2 2 2 3 2 2 2 2 1 2 1 1 2 1 1 2 2 1 2 2 2 2 2 3 2 1 2 2 2 1 1 2 1 2 2 2 3 1 2 2 2 2 2 2 1 1 2 2 2 2 2 2 2 2 2 1 1 1 1 0 2 2 1 1 2 2 2 2 2 3 2 2 2 2 2 1 2 2 2 2 2 2 2 2 1 2 1 1 3 1 2 2 2 2 2 3 2 2 1 3 2 1 2 3 3 2 2 2 2 1 2 2 1 2 1 2 2 1 1 2 2 2 2 2 2 3 2 1 1 2 1
4 4 3 4 5 4 3 5 4 5 4 5 5 4 5 3 4 2 5 4 5 3 5 5 5 3 4 5 5 3 2 4 4 5 4 4 4 3 4 3 5 5 5 5 3 2 5 5 4 3 5 3 4 5 4 3 5 4 3 5 4 4 5 3 5 3 4 5 5 5 4 5 5 5 4 4 5 2 5 3 3 5 3 2 5 4 3 4 5 4 4 4 5 5 2 5 4 4 2 2 4 2 4 5 5 5 3 5 4 5 4 4 3 2 3 5 5 4 5 5 5 4 4 5 3 2 3 2 2 0 4 2 3 4 5 4 5 5 5 5 5 5 5 5 2 5 4 3 4 5 4 4 4 3 5 3 2 5 3 4 4 3 5 5 5 3 5 3 5 4 3 5 5 5 5 3 4 5 3 3 5 3 4 2 5 5 3 3 5 4 5 5 5 3 5 5 3 2 4 2
3 4 3 4 4 3 3 4 3 4 4 4 4 3 4 3 3 2 5 3 4 3 5 4 4 2 3 4 4 2 2 3 4 4 3 3 3 3 3 2 4 5 4 4 2 2 5 4 3 3 4 3 3 4 3 3 4 3 2 5 3 3 4 3 5 2 3 4 4 4 4 4 5 4 4 4 4 2 4 3 3 4 3 2 4 3 3 3 4 3 4 4 5 4 2 4 3 3 2 2 3 2 4 4 4 5 2 4 3 4 4 3 3 2 3 4 4 3 4 4 4 4 3 4 3 2 2 2 2 4 0 2 3 3 4 3 4 4 5 4 4 4 4 4 2 4 4 3 3 4 4 3 4 3 4 2 2 5 3 3 4 3 4 4 5 3 4 3 5 3 3 4 5 5 4 3 3 4 2 3 4 3 4 2 4 4 3 3 4 4 4 4 4 3 5 4 3 2 3 2
1 2 1 2 2 2 1 2 1 2 2 2 2 2 2 1 2 1 2 2 2 1 2 2 2 1 1 2 2 1 1 1 2 2 1 2 2 1 1 1 2 2 2 2 1 1 2 2 2 1 2 1 2 2 1 1 2 2 1 2 2 2 2 1 2 1 2 2 2 2 2 2 2 2 2 2 2 1 2 1 1 2 1 1 2 2 1 2 2 1 2 2 2 2 1 2 2 2 1 1 2 1 2 2 2 2 1 2 2 2 2 2 1 1 1 2 2 1 2 2 2 2 2 2 1 1 1 1 1 2 2 0 1 1 2 2 2 2 2 2 2 2 2 2 1 2 2 1 2 2 2 1 2 1 2 1 1 2 1 1 2 1 2 2 2 1 2 1 2 2 1 2 2 2 2 1 1 2 1 1 2 1 2 1 2 2 1 1 2 2 2 2 2 1 2 2 1 1 2 1
2 3 2 3 3 2 2 3 2 3 3 3 3 2 3 2 2 1 3 2 3 2 3 3 3 1 2 3 3 1 1 2 3 3 2 2 2 2 2 2 3 3 3 3 1 1 3 3 2 2 3 2 2 3 2 2 3 2 2 3 2 2 3 2 3 1 2 3 3 3 3 3 3 3 3 3 3 1 3 2 2 3 2 1 3 2 2 2 3 2 3 3 3 3 1 3 2 2 1 1 2 1 3 3 3 3 1 3 2 3 3 2 2 1 2 3 3 2 3 3 3 3 2 3 2 1 1 1 1 3 3 1 0 2 3 2 3 3 3 3 3 3 3 3 1 3 3 2 2 3 3 2 3 2 3 1 1 3 2 2 3 2 3 3 3 2 3 2 3 2 2 3 3 3 3 2 2 3 1 2 3 2 3 1 3 3 2 2 3 3 3 3 3 2 3 3 2 1 2 1
3 3 2 3 4 3 2 4 3 3 3 3 3 3 3 2 3 1 4 3 3 2 4 3 3 2 3 3 3 2 2 3 3 4 3 3 3 2 3 2 4 4 3 3 2 2 4 3 3 2 3 2 3 3 3 2 4 3 2 4 3 3 4 2 4 2 3 3 3 4 3 4 4 3 3 3 3 1 3 2 2 3 2 2 3 3 2 3 3 3 3 3 4 4 1 3 3 3 2 1 3 2 3 3 4 4 2 4 3 4 3 3 2 1 2 3 3 3 3 3 3 3 3 4 2 2 2 1 2 4 3 1 2 0 3 3 4 4 4 3 3 3 3 4 1 3 3 2 3 3 3 3 3 2 4 2 1 4 2 3 3 2 4 3 4 2 4 2 4 3 2 3 4 4 3 2 3 3 2 2 3 2 3 1 3 3 2 2 4 3 4 3 4 2 4 3 2 2 3 1
3 4 3 4 5 4 3 5 3 4 4 4 4 4 4 3 4 2 5 4 4 3 5 4 4 2 3 4 4 2 2 3 4 5 3 4 4 3 3 3 5 5 4 4 2 2 5 4 4 3 4 3 4 4 3 3 5 4 3 5 4 4 5 3 5 2 4 4 4 5 4 5 5 4 4 4 4 2 4 3 3 4 3 2 4 4 3 3 4 3 4 4 5 5 2 4 3 4 2 2 3 2 4 4 5 5 2 5 4 5 4 4 3 2 3 4 4 3 4 4 4 4 3 5 3 2 2 2 2 5 4 2 3 3 0 4 5 5 5 4 4 4 4 5 2 4 4 3 4 4 4 3 4 3 5 2 2 5 3 3 4 3 5 4 5 3 5 3 5 4 3 4 5 5 4 3 3 4 2 3 4 3 4 2 4 4 3 3 5 4 5 4 5 3 5 4 3 2 3 2
3 3 2 3 4 3 2 4 3 4 3 4 4 3 4 2 3 2 4 3 4 2 4 4 4 2 3 4 4 2 2 3 3 4 3 3 3 2 3 2 4 4 4 4 2 2 4 4 3 3 4 3 3 4 3 2 4 3 2 4 3 3 4 2 4 2 3 4 4 4 3 4 4 4 3 3 4 2 4 2 2 3 2 2 4 3 2 3 4 3 3 3 4 4 2 4 3 3 2 2 3 2 3 4 4 4 2 4 3 4 3 3 3 2 2 4 4 3 3 4 4 3 3 4 2 2 2 2 2 4 3 2 2 3 4 0 4 4 4 3 4 4 4 4 2 4 3 3 3 4 3 3 3 2 4 2 2 4 2 3 3 3 4 4 4 3 4 2 4 3 2 4 4 4 3 3 3 3 2 3 4 2 3 2 4 4 2 2 4 3 4 4 4 3 4 4 2 2 3 2
4 4 3 4 5 4 3 5 4 5 4 5 5 4 5 3 4 2 5 4 5 3 5 5 5 3 4 5 5 3 2 4 4 5 4 4 4 3 4 3 5 5 5 5 3 2 5 5 4 3 5 3 4 5 4 3 5 4 3 5 4 4 5 3 5 3 4 5 5 5 4 5 5 5 4 4 5 2 5 3 3 5 3 2 5 4 3 4 5 4 4 4 5 5 2 5 4 4 2 2 4 2 4 5 5 5 3 5 4 5 4 4 3 2 3 5 5 4 5 5 5 4 4 5 3 2 3 2 2 5 4 2 3 4 5 4 0 5 5 5 5 5 5 5 2 5 4 3 4 5 4 4 4 3 5 3 2 5 3 4 4 3 5 5 5 3 5 3 5 4 3 5 5 5 5 3 4 5 3 3 5 3 4 2 5 5 3 3 5 4 5 5 5 3 5 5 3 2 4 2
4 4 3 4 5 4 3 5 4 5 4 5 5 4 5 3 4 2 5 4 5 3 5 5 5 3 4 5 5 3 2 4 4 5 4 4 4 3 4 3 5 5 5 5 3 2 5 5 4 3 5 3 4 5 4 3 5 4 3 5 4 4 5 3 5 3 4 5 5 5 4 5 5 5 4 4 5 2 5 3 3 5 3 2 5 4 3 4 5 4 4 4 5 5 2 5 4 4 2 2 4 2 4 5 5 5 3 5 4 5 4 4 3 2 3 5 5 4 5 5 5 4 4 5 3 2 3 2 2 5 4 2 3 4 5 4 5 0 5 5 5 5 5 5 2 5 4 3 4 5 4 4 4 3 5 3 2 5 3 4 4 3 5 5 5 3 5 3 5 4 3 5 5 5 5 3 4 5 3 3 5 3 4 2 5 5 3 3 5 4 5 5 5 3 5 5 3 2 4 2
4 5 3 5 5 4 3 5 4 5 4 5 5 4 5 3 4 2 6 4 5 3 6 5 5 3 4 5 5 3 3 4 4 5 4 4 4 3 4 3 5 6 5 5 3 3 6 5 4 4 5 4 4 5 4 3 5 4 3 6 4 4 5 3 6 3 4 5 5 5 5 5 6 5 4 5 5 2 5 3 3 5 3 3 5 4 3 4 5 4 5 4 6 5 2 5 4 4 3 2 4 3 5 5 5 6 3 5 4 5 4 4 4 2 3 5 5 4 5 5 5 4 4 5 3 3 3 2 3 5 5 2 3 4 5 4 5 5 0 5 5 5 5 5 2 5 4 4 4 5 4 4 5 3 5 3 2 6 3 4 5 4 5 5 6 4 5 3 6 4 3 5 6 6 5 4 4 5 3 4 5 3 5 2 5 5 3 3 5 5 5 5 5 4 6 5 3 3 4 2
3 4 3 4 4 4 3 4 3 4 4 4 4 3 4 3 3 2 5 3 4 3 5 4 4 2 3 4 4 2 2 3 4 4 3 4 3 3 3 3 5 5 4 4 2 2 5 4 3 3 4 3 4 4 3 3 5 3 3 5 4 4 4 3 5 2 3 4 4 5 4 5 5 4 4 4 4 2 4 3 3 4 3 2 4 3 3 3 4 3 4 4 5 5 2 4 3 4 2 2 3 2 4 4 5 5 2 4 3 5 4 4 3 2 3 4 4 3 4 4 4 4 3 4 3 2 2 2 2 5 4 2 3 3 4 3 5 5 5 0 4 4 4 5 2 4 4 3 4 4 4 3 4 3 4 2 2 5 3 3 4 3 4 4 5 3 5 3 5 3 3 4 5 5 4 3 3 4 2 3 4 3 4 2 4 4 3 3 4 4 4 4 5 3 5 4 3 2 3 2
3 4 3 4 5 4 3 5 3 4 4 4 4 4 4 3 4 2 5 4 4 3 5 4 4 2 3 4 4 2 2 3 4 5 3 4 4 3 3 3 5 5 4 4 2 2 5 4 4 3 4 3 4 4 3 3 5 4 3 5 4 4 5 3 5 2 4 4 4 5 4 5 5 4 4 4 4 2 4 3 3 4 3 2 4 4 3 3 4 3 4 4 5 5 2 4 3 4 2 2 3 2 4 4 5 5 2 5 4 5 4 4 3 2 3 4 4 3 4 4 4 4 3 5 3 2 2 2 2 5 4 2 3 3 4 4 5 5 5 4 0 4 4 5 2 4 4 3 4 4 4 3 4 3 5 2 2 5 3 3 4 3 5 4 5 3 5 3 5 4 3 4 5 5 4 3 3 4 2 3 4 3 4 2 4 4 3 3 5 4 5 4 5 3 5 4 3 2 3 2
3 4 3 4 5 4 3 5 3 5 4 5 5 4 4 3 4 2 5 4 5 3 5 4 4 3 3 5 5 3 2 3 4 5 3 4 4 3 3 3 5 5 4 5 3 2 5 5 4 3 4 3 4 5 3 3 5 4 3 5 4 4 5 3 5 3 4 5 5 5 4 5 5 5 4 4 5 2 4 3 3 4 3 2 4 4 3 4 4 3 4 4 5 5 2 4 4 4 2 2 4 2 4 4 5 5 3 5 4 5 4 4 3 2 3 4 5 3 4 5 5 4 4 5 3 2 3 2 2 5 4 2 3 3 4 4 5 5 5 4 4 0 5 5 2 4 4 3 4 5 4 3 4 3 5 3 2 5 3 3 4 3 5 5 5 3 5 3 5 4 3 5 5 5 4 3 3 4 3 3 4 3 4 2 4 4 3 3 5 4 5 5 5 3 5 5 3 2 4 2
3 4 3 4 5 4 3 5 3 5 4 5 5 4 4 3 4 2 5 4 5 3 5 4 4 3 3 5 5 3 2 3 4 5 3 4 4 3 3 3 5 5 4 5 3 2 5 5 4 3 4 3 4 5 3 3 5 4 3 5 4 4 5 3 5 3 4 5 5 5 4 5 5 5 4 4 5 2 4 3 3 4 3 2 4 4 3 4 4 3 4 4 5 5 2 4 4 4 2 2 4 2 4 4 5 5 3 5 4 5 4 4 3 2 3 4 5 3 4 5 5 4 4 5 3 2 3 2 2 5 4 2 3 3 4 4 5 5 5 4 4 5 0 5 2 4 4 3 4 5 4 3 4 3 5 3 2 5 3 3 4 3 5 5 5 3 5 3 5 4 3 5 5 5 4 3 3 4 3 3 4 3 4 2 4 4 3 3 5 4 5 5 5 3 5 5 3 2 4 2
4 4 3 4 5 4 3 5 4 5 4 5 5 4 5 3 4 2 5 4 5 3 5 5 5 3 4 5 5 3 2 4 4 5 4 4 4 3 4 3 5 5 5 5 3 2 5 5 4 3 5 3 4 5 4 3 5 4 3 5 4 4 5 3 5 3 4 5 5 5 4 5 5 5 4 4 5 2 5 3 3 5 3 2 5 4 3 4 5 4 4 4 5 5 2 5 4 4 2 2 4 2 4 5 5 5 3 5 4 5 4 4 3 2 3 5 5 4 5 5 5 4 4 5 3 2 3 2 2 5 4 2 3 4 5 4 5 5 5 5 5 5 5 0 2 5 4 3 4 5 4 4 4 3 5 3 2 5 3 4 4 3 5 5 5 3 5 3 5 4 3 5 5 5 5 3 4 5 3 3 5 3 4 2 5 5 3 3 5 4 5 5 5 3 5 5 3 2 4 2
1 2 1 2 2 2 1 2 1 2 2 2 2 2 2 1 2 1 2 2 2 1 2 2 2 1 1 2 2 1 1 1 2 2 1 2 2 1 1 1 2 2 2 2 1 1 2 2 2 1 2 1 2 2 1 1 2 2 1 2 2 2 2 1 2 1 2 2 2 2 2 2 2 2 2 2 2 1 2 1 1 2 1 1 2 2 1 2 2 1 2 2 2 2 1 2 2 2 1 1 2 1 2 2 2 2 1 2 2 2 2 2 1 1 1 2 2 1 2 2 2 2 2 2 1 1 1 1 1 2 2 1 1 1 2 2 2 2 2 2 2 2 2 2 0 2 2 1 2 2 2 1 2 1 2 1 1 2 1 1 2 1 2 2 2 1 2 1 2 2 1 2 2 2 2 1 1 2 1 1 2 1 2 1 2 2 1 1 2 2 2 2 2 1 2 2 1 1 2 1
3 4 3 4 5 4 3 5 3 4 4 4 4 4 4 3 4 2 5 4 4 3 5 4 4 2 3 4 4 2 2 3 4 5 3 4 4 3 3 3 5 5 4 4 2 2 5 4 4 3 4 3 4 4 3 3 5 4 3 5 4 4 5 3 5 2 4 4 4 5 4 5 5 4 4 4 4 2 4 3 3 4 3 2 4 4 3 3 4 3 4 4 5 5 2 4 3 4 2 2 3 2 4 4 5 5 2 5 4 5 4 4 3 2 3 4 4 3 4 4 4 4 3 5 3 2 2 2 2 5 4 2 3 3 4 4 5 5 5 4 4 4 4 5 2 0 4 3 4 4 4 3 4 3 5 2 2 5 3 3 4 3 5 4 5 3 5 3 5 4 3 4 5 5 4 3 3 4 2 3 4 3 4 2 4 4 3 3 5 4 5 4 5 3 5 4 3 2 3 2
3 4 3 4 4 3 3 4 3 4 4 4 4 3 4 3 3 2 4 3 4 3 4 4 4 2 3 4 4 2 2 3 4 4 3 3 3 3 3 2 4 4 4 4 2 2 4 4 3 3 4 3 3 4 3 3 4 3 2 4 3 3 4 3 4 2 3 4 4 4 4 4 4 4 4 4 4 2 4 3 3 4 3 2 4 3 3 3 4 3 4 4 4 4 2 4 3 3 2 2 3 2 4 4 4 4 2 4 3 4 4 3 3 2 3 4 4 3 4 4 4 4 3 4 3 2 2 2 2 4 4 2 3 3 4 3 4 4 4 4 4 4 4 4 2 4 0 3 3 4 4 3 4 3 4 2 2 4 3 3 4 3 4 4 4 3 4 3 4 3 3 4 4 4 4 3 3 4 2 3 4 3 4 2 4 4 3 3 4 4 4 4 4 3 4 4 3 2 3 2
2 3 2 3 3 3 2 3 2 3 3 3 3 3 3 2 3 1 4 3 3 2 4 3 3 2 2 3 3 2 2 2 3 3 2 3 3 2 2 2 3 4 3 3 2 2 4 3 3 2 3 2 3 3 2 2 3 3 2 4 3 3 3 2 4 2 3 3 3 3 3 3 4 3 3 3 3 1 3 2 2 3 2 2 3 3 2 2 3 2 3 3 4 3 1 3 2 3 2 1 2 2 3 3 3 4 2 3 3 3 3 3 2 1 2 3 3 2 3 3 3 3 2 3 2 2 2 1 2 3 3 1 2 2 3 3 3 3 4 3 3 3 3 3 1 3 3 0 3 3 3 2 3 2 3 2 1 4 2 2 3 2 3 3 4 2 3 2 4 3 2 3 4 4 3 2 2 3 2 2 3 2 3 1 3 3 2 2 3 3 3 3 3 2 4 3 2 2 2 1
3 3 2 3 4 3 3 4 3 4 3 4 4 3 4 2 3 2 4 3 4 3 4 4 4 2 3 4 4 2 2 3 3 4 3 3 3 3 3 2 4 4 4 4 2 2 4 4 3 3 4 3 3 4 3 3 4 3 2 4 3 3 4 2 4 2 3 4 4 4 3 4 4 4 3 3 4 2 4 2 2 4 3 2 4 3 2 3 4 3 3 3 4 4 2 4 3 3 2 2 3 2 3 4 4 4 2 4 3 4 3 3 3 2 3 4 4 3 4 4 4 3 3 4 2 2 2 2 2 4 3 2 2 3 4 3 4 4 4 4 4 4 4 4 2 4 3 3 0 4 3 3 3 2 4 2 2 4 2 3 3 3 4 4 4 3 4 3 4 3 3 4 4 4 4 3 3 4 2 3 4 3 3 2 4 4 3 2 4 3 4 4 4 3 4 4 3 2 3 2
3 4 3 4 5 4 3 5 3 5 4 5 5 4 4 3 4 2 5 4 5 3 5 4 4 3 3 5 5 3 2 3 4 5 3 4 4 3 3 3 5 5 4 5 3 2 5 5 4 3 4 3 4 5 3 3 5 4 3 5 4 4 5 3 5 3 4 5 5 5 4 5 5 5 4 4 5 2 4 3 3 4 3 2 4 4 3 4 4 3 4 4 5 5 2 4 4 4 2 2 4 2 4 4 5 5 3 5 4 5 4 4 3 2 3 4 5 3 4 5 5 4 4 5 3 2 3 2 2 5 4 2 3 3 4 4 5 5 5 4 4 5 5 5 2 4 4 3 4 0 4 3 4 3 5 3 2 5 3 3 4 3 5 5 5 3 5 3 5 4 3 5 5 5 4 3 3 4 3 3 4 3 4 2 4 4 3 3 5 4 5 5 5 3 5 5 3 2 4 2
3 4 3 4 4 3 3 4 3 4 4 4 4 3 4 3 3 2 4 3 4 3 4 4 4 2 3 4 4 2 2 3 4 4 3 3 3 3 3 2 4 4 4 4 2 2 4 4 3 3 4 3 3 4 3 3 4 3 2 4 3 3 4 3 4 2 3 4 4 4 4 4 4 4 4 4 4 2 4 3 3 4 3 2 4 3 3 3 4 3 4 4 4 4 2 4 3 3 2 2 3 2 4 4 4 4 2 4 3 4 4 3 3 2 3 4 4 3 4 4 4 4 3 4 3 2 2 2 2 4 4 2 3 3 4 3 4 4 4 4 4 4 4 4 2 4 4 3 3 4 0 3 4 3 4 2 2 4 3 3 4 3 4 4 4 3 4 3 4 3 3 4 4 4 4 3 3 4 2 3 4 3 4 2 4 4 3 3 4 4 4 4 4 3 4 4 3 2 3 2
3 3 2 3 4 3 2 4 3 3 3 3 3 3 3 2 3 1 4 3 3 2 4 3 3 2 3 3 3 2 2 3 3 4 3 3 3 2 3 2 4 4 3 3 2 2 4 3 3 2 3 2 3 3 3 2 4 3 2 4 3 3 4 2 4 2 3 3 3 4 3 4 4 3 3 3 3 1 3 2 2 3 2 2 3 3 2 3 3 3 3 3 4 4 1 3 3 3 2 1 3 2 3 3 4 4 2 4 3 4 3 3 2 1 2 3 3 3 3 3 3 3 3 4 2 2 2 1 2 4 3 1 2 3 3 3 4 4 4 3 3 3 3 4 1 3 3 2 3 3 3 0 3 2 4 2 1 4 2 3 3 2 4 3 4 2 4 2 4 3 2 3 4 4 3 2 3 3 2 2 3 2 3 1 3 3 2 2 4 3 4 3 4 2 4 3 2 2 3 1
3 4 3 4 4 3 3 4 3 4 4 4 4 3 4 3 3 2 5 3 4 3 5 4 4 2 3 4 4 2 2 3 4 4 3 3 3 3 3 2 4 5 4 4 2 2 5 4 3 3 4 3 3 4 3 3 4 3 2 5 3 3 4 3 5 2 3 4 4 4 4 4 5 4 4 4 4 2 4 3 3 4 3 2 4 3 3 3 4 3 4 4 5 4 2 4 3 3 2 2 3 2 4 4 4 5 2 4 3 4 4 3 3 2 3 4 4 3 4 4 4 4 3 4 3 2 2 2 2 4 4 2 3 3 4 3 4 4 5 4 4 4 4 4 2 4 4 3 3 4 4 3 0 3 4 2 2 5 3 3 4 3 4 4 5 3 4 3 5 3 3 4 5 5 4 3 3 4 2 3 4 3 4 2 4 4 3 3 4 4 4 4 4 3 5 4 3 2 3 2
2 3 2 3 3 2 2 3 2 3 3 3 3 2 3 2 2 1 3 2 3 2 3 3 3 1 2 3 3 1 1 2 3 3 2 2 2 2 2 2 3 3 3 3 1 1 3 3 2 2 3 2 2 3 2 2 3 2 2 3 2 2 3 2 3 1 2 3 3 3 3 3 3 3 3 3 3 1 3 2 2 3 2 1 3 2 2 2 3 2 3 3 3 3 1 3 2 2 1 1 2 1 3 3 3 3 1 3 2 3 3 2 2 1 2 3 3 2 3 3 3 3 2 3 2 1 1 1 1 3 3 1 2 2 3 2 3 3 3 3 3 3 3 3 1 3 3 2 2 3 3 2 3 0 3 1 1 3 2 2 3 2 3 3 3 2 3 2 3 2 2 3 3 3 3 2 2 3 1 2 3 2 3 1 3 3 2 2 3 3 3 3 3 2 3 3 2 1 2 1
4 4 3 4 5 4 3 5 4 5 4 5 5 4 5 3 4 2 5 4 5 3 5 5 5 3 4 5 5 3 2 4 4 5 4 4 4 3 4 3 5 5 5 5 3 2 5 5 4 3 5 3 4 5 4 3 5 4 3 5 4 4 5 3 5 3 4 5 5 5 4 5 5 5 4 4 5 2 5 3 3 4 3 2 5 4 3 4 5 4 4 4 5 5 2 5 4 4 2 2 4 2 4 5 5 5 3 5 4 5 4 4 3 2 3 5 5 4 4 5 5 4 4 5 3 2 3 2 2 5 4 2 3 4 5 4 5 5 5 4 5 5 5 5 2 5 4 3 4 5 4 4 4 3 0 3 2 5 3 4 4 3 5 5 5 3 5 3 5 4 3 5 5 5 4 3 4 4 3 3 5 3 4 2 5 5 3 3 5 4 5 5 5 3 5 5 3 2 4 2
2 2 1 2 3 2 2 3 2 2 2 3 2 2 2 1 2 1 3 2 2 2 3 2 2 1 2 3 3 1 1 2 2 3 2 2 2 2 2 1 3 3 2 2 1 1 3 3 2 2 2 2 2 2 2 2 3 2 1 3 2 2 3 1 3 1 2 2 2 3 2 3 3 2 2 2 2 1 2 1 1 2 2 1 2 2 1 2 2 2 2 2 3 3 1 2 2 2 1 1 2 1 2 2 3 3 1 3 2 3 2 2 2 1 2 2 2 2 2 3 2 2 2 3 1 1 1 1 1 3 2 1 1 2 2 2 3 3 3 2 2 3 3 3 1 2 2 2 2 3 2 2 2 1 3 0 1 3 1 2 2 2 3 3 3 2 3 2 3 2 2 3 3 3 2 2 2 2 1 2 2 2 2 1 2 2 2 1 3 2 3 2 3 2 3 2 2 1 2 1
1 2 1 2 2 2 1 2 1 2 2 2 2 2 2 1 2 1 2 2 2 1 2 2 2 1 1 2 2 1 1 1 2 2 1 2 2 1 1 1 2 2 2 2 1 1 2 2 2 1 2 1 2 2 1 1 2 2 1 2 2 2 2 1 2 1 2 2 2 2 2 2 2 2 2 2 2 1 2 1 1 2 1 1 2 2 1 2 2 1 2 2 2 2 1 2 2 2 1 1 2 1 2 2 2 2 1 2 2 2 2 2 1 1 1 2 2 1 2 2 2 2 2 2 1 1 1 1 1 2 2 1 1 1 2 2 2 2 2 2 2 2 2 2 1 2 2 1 2 2 2 1 2 1 2 1 0 2 1 1 2 1 2 2 2 1 2 1 2 2 1 2 2 2 2 1 1 2 1 1 2 1 2 1 2 2 1 1 2 2 2 2 2 1 2 2 1 1 2 1
4 5 3 5 5 4 3 5 4 5 4 5 5 4 5 3 4 2 6 4 5 3 6 5 5 3 4 5 5 3 3 4 4 5 4 4 4 3 4 3 5 6 5 5 3 3 6 5 4 4 5 4 4 5 4 3 5 4 3 6 4 4 5 3 6 3 4 5 5 5 5 5 6 5 4 5 5 2 5 3 3 5 3 3 5 4 3 4 5 4 5 4 6 5 2 5 4 4 3 2 4 3 5 5 5 6 3 5 4 5 4 4 4 2 3 5 5 4 5 5 5 4 4 5 3 3 3 2 3 5 5 2 3 4 5 4 5 5 6 5 5 5 5 5 2 5 4 4 4 5 4 4 5 3 5 3 2 0 3 4 5 4 5 5 6 4 5 3 6 4 3 5 6 6 5 4 4 5 3 4 5 3 5 2 5 5 3 3 5 5 5 5 5 4 6 5 3 3 4 2
2 3 2 3 3 2 2 3 2 3 3 3 3 2 3 2 2 1 3 2 3 2 3 3 3 1 2 3 3 1 1 2 3 3 2 2 2 2 2 2 3 3 3 3 1 1 3 3 2 2 3 2 2 3 2 2 3 2 2 3 2 2 3 2 3 1 2 3 3 3 3 3 3 3 3 3 3 1 3 2 2 3 2 1 3 2 2 2 3 2 3 3 3 3 1 3 2 2 1 1 2 1 3 3 3 3 1 3 2 3 3 2 2 1 2 3 3 2 3 3 3 3 2 3 2 1 1 1 1 3 3 1 2 2 3 2 3 3 3 3 3 3 3 3 1 3 3 2 2 3 3 2 3 2 3 1 1 3 0 2 3 2 3 3 3 2 3 2 3 2 2 3 3 3 3 2 2 3 1 2 3 2 3 1 3 3 2 2 3 3 3 3 3 2 3 3 2 1 2 1
3 3 2 3 4 3 2 4 3 3 3 3 3 3 3 2 3 1 4 3 3 2 4 3 3 2 3 3 3 2 2 3 3 4 3 3 3 2 3 2 4 4 3 3 2 2 4 3 3 2 3 2 3 3 3 2 4 3 2 4 3 3 4 2 4 2 3 3 3 4 3 4 4 3 3 3 3 1 3 2 2 3 2 2 3 3 2 3 3 3 3 3 4 4 1 3 3 3 2 1 3 2 3 3 4 4 2 4 3 4 3 3 2 1 2 3 3 3 3 3 3 3 3 4 2 2 2 1 2 4 3 1 2 3 3 3 4 4 4 3 3 3 3 4 1 3 3 2 3 3 3 3 3 2 4 2 1 4 2 0 3 2 4 3 4 2 4 2 4 3 2 3 4 4 3 2 3 3 2 2 3 2 3 1 3 3 2 2 4 3 4 3 4 2 4 3 2 2 3 1
3 4 3 4 4 3 3 4 3 4 4 4 4 3 4 3 3 2 5 3 4 3 5 4 4 2 3 4 4 2 2 3 4 4 3 3 3 3 3 2 4 5 4 4 2 2 5 4 3 3 4 3 3 4 3 3 4 3 2 5 3 3 4 3 5 2 3 4 4 4 4 4 5 4 4 4 4 2 4 3 3 4 3 2 4 3 3 3 4 3 4 4 5 4 2 4 3 3 2 2 3 2 4 4 4 5 2 4 3 4 4 3 3 2 3 4 4 3 4 4 4 4 3 4 3 2 2 2 2 4 4 2 3 3 4 3 4 4 5 4 4 4 4 4 2 4 4 3 3 4 4 3 4 3 4 2 2 5 3 3 0 3 4 4 5 3 4 3 5 3 3 4 5 5 4 3 3 4 2 3 4 3 4 2 4 4 3 3 4 4 4 4 4 3 5 4 3 2 3 2
2 3 2 3 3 3 2 3 2 3 3 3 3 3 3 2 3 1 4 3 3 2 4 3 3 2 2 3 3 2 2 2 3 3 2 3 3 2 2 2 3 4 3 3 2 2 4 3 3 2 3 2 3 3 2 2 3 3 2 4 3 3 3 2 4 2 3 3 3 3 3 3 4 3 3 3 3 1 3 2 2 3 2 2 3 3 2 2 3 2 3 3 4 3 1 3 2 3 2 1 2 2 3 3 3 4 2 3 3 3 3 3 2 1 2 3 3 2 3 3 3 3 2 3 2 2 2 1 2 3 3 1 2 2 3 3 3 3 4 3 3 3 3 3 1 3 3 2 3 3 3 2 3 2 3 2 1 4 2 2 3 0 3 3 4 2 3 2 4 3 2 3 4 4 3 2 2 3 2 2 3 2 3 1 3 3 2 2 3 3 3 3 3 2 4 3 2 2 2 1
4 4 3 4 5 4 3 5 4 5 4 5 5 4 5 3 4 2 5 4 5 3 5 5 5 3 4 5 5 3 2 4 4 5 4 4 4 3 4 3 5 5 5 5 3 2 5 5 4 3 5 3 4 5 4 3 5 4 3 5 4 4 5 3 5 3 4 5 5 5 4 5 5 5 4 4 5 2 5 3 3 4 3 2 5 4 3 4 5 4 4 4 5 5 2 5 4 4 2 2 4 2 4 5 5 5 3 5 4 5 4 4 3 2 3 5 5 4 4 5 5 4 4 5 3 2 3 2 2 5 4 2 3 4 5 4 5 5 5 4 5 5 5 5 2 5 4 3 4 5 4 4 4 3 5 3 2 5 3 4 4 3 0 5 5 3 5 3 5 4 3 5 5 5 4 3 4 4 3 3 5 3 4 2 5 5 3 3 5 4 5 5 5 3 5 5 3 2 4 2
3 4 3 4 5 4 3 5 3 5 4 5 5 4 4 3 4 2 5 4 5 3 5 4 4 3 3 5 5 3 2 3 4 5 3 4 4 3 3 3 5 5 4 5 3 2 5 5 4 3 4 3 4 5 3 3 5 4 3 5 4 4 5 3 5 3 4 5 5 5 4 5 5 5 4 4 5 2 4 3 3 4 3 2 4 4 3 4 4 3 4 4 5 5 2 4 4 4 2 2 4 2 4 4 5 5 3 5 4 5 4 4 3 2 3 4 5 3 4 5 5 4 4 5 3 2 3 2 2 5 4 2 3 3 4 4 5 5 5 4 4 5 5 5 2 4 4 3 4 5 4 3 4 3 5 3 2 5 3 3 4 3 5 0 5 3 5 3 5 4 3 5 5 5 4 3 3 4 3 3 4 3 4 2 4 4 3 3 5 4 5 5 5 3 5 5 3 2 4 2
4 5 3 5 5 4 3 5 4 5 4 5 5 4 5 3 4 2 6 4 5 3 6 5 5 3 4 5 5 3 3 4 4 5 4 4 4 3 4 3 5 6 5 5 3 3 6 5 4 4 5 4 4 5 4 3 5 4 3 6 4 4 5 3 6 3 4 5 5 5 5 5 6 5 4 5 5 2 5 3 3 5 3 3 5 4 3 4 5 4 5 4 6 5 2 5 4 4 3 2 4 3 5 5 5 6 3 5 4 5 4 4 4 2 3 5 5 4 5 5 5 4 4 5 3 3 3 2 3 5 5 2 3 4 5 4 5 5 6 5 5 5 5 5 2 5 4 4 4 5 4 4 5 3 5 3 2 6 3 4 5 4 5 5 0 4 5 3 6 4 3 5 6 6 5 4 4 5 3 4 5 3 5 2 5 5 3 3 5 5 5 5 5 4 6 5 3 3 4 2
2 3 2 3 3 3 2 3 2 3 3 3 3 3 3 2 3 1 4 3 3 2 4 3 3 2 2 3 3 2 2 2 3 3 2 3 3 2 2 2 3 4 3 3 2 2 4 3 3 2 3 2 3 3 2 2 3 3 2 4 3 3 3 2 4 2 3 3 3 3 3 3 4 3 3 3 3 1 3 2 2 3 2 2 3 3 2 2 3 2 3 3 4 3 1 3 2 3 2 1 2 2 3 3 3 4 2 3 3 3 3 3 2 1 2 3 3 2 3 3 3 3 2 3 2 2 2 1 2 3 3 1 2 2 3 3 3 3 4 3 3 3 3 3 1 3 3 2 3 3 3 2 3 2 3 2 1 4 2 2 3 2 3 3 4 0 3 2 4 3 2 3 4 4 3 2 2 3 2 2 3 2 3 1 3 3 2 2 3 3 3 3 3 2 4 3 2 2 2 1
4 4 3 4 5 4 3 5 4 5 4 5 5 4 5 3 4 2 5 4 5 3 5 5 5 3 4 5 5 3 2 4 4 5 4 4 4 3 4 3 5 5 5 5 3 2 5 5 4 3 5 3 4 5 4 3 5 4 3 5 4 4 5 3 5 3 4 5 5 5 4 5 5 5 4 4 5 2 5 3 3 5 3 2 5 4 3 4 5 4 4 4 5 5 2 5 4 4 2 2 4 2 4 5 5 5 3 5 4 5 4 4 3 2 3 5 5 4 5 5 5 4 4 5 3 2 3 2 2 5 4 2 3 4 5 4 5 5 5 5 5 5 5 5 2 5 4 3 4 5 4 4 4 3 5 3 2 5 3 4 4 3 5 5 5 3 0 3 5 4 3 5 5 5 5 3 4 5 3 3 5 3 4 2 5 5 3 3 5 4 5 5 5 3 5 5 3 2 4 2
2 3 2 3 3 3 2 3 2 3 3 3 3 2 3 2 2 1 3 2 3 2 3 3 3 2 2 3 3 2 1 2 3 3 2 3 2 2 2 2 3 3 3 3 2 1 3 3 2 2 3 2 3 3 2 2 3 2 2 3 3 3 3 2 3 2 2 3 3 3 3 3 3 3 3 3 3 1 3 2 2 3 2 1 3 2 2 2 3 2 3 3 3 3 1 3 2 3 1 1 2 1 3 3 3 3 2 3 2 3 3 3 2 1 2 3 3 2 3 3 3 3 2 3 2 1 2 1 1 3 3 1 2 2 3 2 3 3 3 3 3 3 3 3 1 3 3 2 3 3 3 2 3 2 3 2 1 3 2 2 3 2 3 3 3 2 3 0 3 2 2 3 3 3 3 2 2 3 2 2 3 2 3 1 3 3 2 2 3 3 3 3 3 2 3 3 2 1 2 1
4 5 3 5 5 4 3 5 4 5 4 5 5 4 5 3 4 2 6 4 5 3 6 5 5 3 4 5 5 3 3 4 4 5 4 4 4 3 4 3 5 6 5 5 3 3 6 5 4 4 5 4 4 5 4 3 5 4 3 6 4 4 5 3 6 3 4 5 5 5 5 5 6 5 4 5 5 2 5 3 3 5 3 3 5 4 3 4 5 4 5 4 6 5 2 5 4 4 3 2 4 3 5 5 5 6 3 5 4 5 4 4 4 2 3 5 5 4 5 5 5 4 4 5 3 3 3 2 3 5 5 2 3 4 5 4 5 5 6 5 5 5 5 5 2 5 4 4 4 5 4 4 5 3 5 3 2 6 3 4 5 4 5 5 6 4 5 3 0 4 3 5 6 6 5 4 4 5 3 4 5 3 5 2 5 5 3 3 5 5 5 5 5 4 6 5 3 3 4 2
3 3 2 3 4 3 2 4 3 4 3 4 4 3 4 2 3 2 4 3 4 2 4 4 4 2 3 4 4 2 2 3 3 4 3 3 3 2 3 2 4 4 4 4 2 2 4 4 3 3 4 3 3 4 3 2 4 3 2 4 3 3 4 2 4 2 3 4 4 4 3 4 4 4 3 3 4 2 4 2 2 3 2 2 4 3 2 3 4 3 3 3 4 4 2 4 3 3 2 2 3 2 3 4 4 4 2 4 3 4 3 3 3 2 2 4 4 3 3 4 4 3 3 4 2 2 2 2 2 4 3 2 2 3 4 3 4 4 4 3 4 4 4 4 2 4 3 3 3 4 3 3 3 2 4 2 2 4 2 3 3 3 4 4 4 3 4 2 4 0 2 4 4 4 3 3 3 3 2 3 4 2 3 2 4 4 2 2 4 3 4 4 4 3 4 4 2 2 3 2
2 3 2 3 3 3 2 3 2 3 3 3 3 2 3 2 2 1 3 2 3 2 3 3 3 2 2 3 3 2 1 2 3 3 2 3 2 2 2 2 3 3 3 3 2 1 3 3 2 2 3 2 3 3 2 2 3 2 2 3 3 3 3 2 3 2 2 3 3 3 3 3 3 3 3 3 3 1 3 2 2 3 2 1 3 2 2 2 3 2 3 3 3 3 1 3 2 3 1 1 2 1 3 3 3 3 2 3 2 3 3 3 2 1 2 3 3 2 3 3 3 3 2 3 2 1 2 1 1 3 3 1 2 2 3 2 3 3 3 3 3 3 3 3 1 3 3 2 3 3 3 2 3 2 3 2 1 3 2 2 3 2 3 3 3 2 3 2 3 2 0 3 3 3 3 2 2 3 2 2 3 2 3 1 3 3 2 2 3 3 3 3 3 2 3 3 2 1 2 1
3 4 3 4 5 4 3 5 3 5 4 5 5 4 4 3 4 2 5 4 5 3 5 4 4 3 3 5 5 3 2 3 4 5 3 4 4 3 3 3 5 5 4 5 3 2 5 5 4 3 4 3 4 5 3 3 5 4 3 5 4 4 5 3 5 3 4 5 5 5 4 5 5 5 4 4 5 2 4 3 3 4 3 2 4 4 3 4 4 3 4 4 5 5 2 4 4 4 2 2 4 2 4 4 5 5 3 5 4 5 4 4 3 2 3 4 5 3 4 5 5 4 4 5 3 2 3 2 2 5 4 2 3 3 4 4 5 5 5 4 4 5 5 5 2 4 4 3 4 5 4 3 4 3 5 3 2 5 3 3 4 3 5 5 5 3 5 3 5 4 3 0 5 5 4 3 3 4 3 3 4 3 4 2 4 4 3 3 5 4 5 5 5 3 5 5 3 2 4 2
4 5 3 5 5 4 3 5 4 5 4 5 5 4 5 3 4 2 6 4 5 3 6 5 5 3 4 5 5 3 3 4 4 5 4 4 4 3 4 3 5 6 5 5 3 3 6 5 4 4 5 4 4 5 4 3 5 4 3 6 4 4 5 3 6 3 4 5 5 5 5 5 6 5 4 5 5 2 5 3 3 5 3 3 5 4 3 4 5 4 5 4 6 5 2 5 4 4 3 2 4 3 5 5 5 6 3 5 4 5 4 4 4 2 3 5 5 4 5 5 5 4 4 5 3 3 3 2 3 5 5 2 3 4 5 4 5 5 6 5 5 5 5 5 2 5 4 4 4 5 4 4 5 3 5 3 2 6 3 4 5 4 5 5 6 4 5 3 6 4 3 5 0 6 5 4 4 5 3 4 5 3 5 2 5 5 3 3 5 5 5 5 5 4 6 5 3 3 4 2
4 5 3 5 5 4 3 5 4 5 4 5 5 4 5 3 4 2 6 4 5 3 6 5 5 3 4 5 5 3 3 4 4 5 4 4 4 3 4 3 5 6 5 5 3 3 6 5 4 4 5 4 4 5 4 3 5 4 3 6 4 4 5 3 6 3 4 5 5 5 5 5 6 5 4 5 5 2 5 3 3 5 3 3 5 4 3 4 5 4 5 4 6 5 2 5 4 4 3 2 4 3 5 5 5 6 3 5 4 5 4 4 4 2 3 5 5 4 5 5 5 4 4 5 3 3 3 2 3 5 5 2 3 4 5 4 5 5 6 5 5 5 5 5 2 5 4 4 4 5 4 4 5 3 5 3 2 6 3 4 5 4 5 5 6 4 5 3 6 4 3 5 6 0 5 4 4 5 3 4 5 3 5 2 5 5 3 3 5 5 5 5 5 4 6 5 3 3 4 2
3 4 3 4 4 4 3 4 3 4 4 4 4 3 4 3 3 2 5 3 4 3 5 4 4 2 3 4 4 2 2 3 4 4 3 4 3 3 3 3 5 5 4 4 2 2 5 4 3 3 4 3 4 4 3 3 5 3 3 5 4 4 4 3 5 2 3 4 4 5 4 5 5 4 4 4 4 2 4 3 3 4 3 2 4 3 3 3 4 3 4 4 5 5 2 4 3 4 2 2 3 2 4 4 5 5 2 4 3 5 4 4 3 2 3 4 4 3 4 4 4 4 3 4 3 2 2 2 2 5 4 2 3 3 4 3 5 5 5 4 4 4 4 5 2 4 4 3 4 4 4 3 4 3 4 2 2 5 3 3 4 3 4 4 5 3 5 3 5 3 3 4 5 5 0 3 3 4 2 3 4 3 4 2 4 4 3 3 4 4 4 4 5 3 5 4 3 2 3 2
2 3 2 3 3 3 2 3 2 3 3 3 3 3 3 2 3 1 4 3 3 2 4 3 3 2 2 3 3 2 2 2 3 3 2 3 3 2 2 2 3 4 3 3 2 2 4 3 3 2 3 2 3 3 2 2 3 3 2 4 3 3 3 2 4 2 3 3 3 3 3 3 4 3 3 3 3 1 3 2 2 3 2 2 3 3 2 2 3 2 3 3 4 3 1 3 2 3 2 1 2 2 3 3 3 4 2 3 3 3 3 3 2 1 2 3 3 2 3 3 3 3 2 3 2 2 2 1 2 3 3 1 2 2 3 3 3 3 4 3 3 3 3 3 1 3 3 2 3 3 3 2 3 2 3 2 1 4 2 2 3 2 3 3 4 2 3 2 4 3 2 3 4 4 3 0 2 3 2 2 3 2 3 1 3 3 2 2 3 3 3 3 3 2 4 3 2 2 2 1
3 3 2 3 4 3 2 4 3 3 3 3 3 3 3 2 3 1 4 3 3 2 4 3 3 2 3 3 3 2 2 3 3 4 3 3 3 2 3 2 4 4 3 3 2 2 4 3 3 2 3 2 3 3 3 2 4 3 2 4 3 3 4 2 4 2 3 3 3 4 3 4 4 3 3 3 3 1 3 2 2 3 2 2 3 3 2 3 3 3 3 3 4 4 1 3 3 3 2 1 3 2 3 3 4 4 2 4 3 4 3 3 2 1 2 3 3 3 3 3 3 3 3 4 2 2 2 1 2 4 3 1 2 3 3 3 4 4 4 3 3 3 3 4 1 3 3 2 3 3 3 3 3 2 4 2 1 4 2 3 3 2 4 3 4 2 4 2 4 3 2 3 4 4 3 2 0 3 2 2 3 2 3 1 3 3 2 2 4 3 4 3 4 2 4 3 2 2 3 1
3 4 3 4 4 4 3 4 3 4 4 4 4 3 4 3 3 2 5 3 4 3 5 4 4 2 3 4 4 2 2 3 4 4 3 4 3 3 3 3 5 5 4 4 2 2 5 4 3 3 4 3 4 4 3 3 5 3 3 5 4 4 4 3 5 2 3 4 4 5 4 5 5 4 4 4 4 2 4 3 3 4 3 2 4 3 3 3 4 3 4 4 5 5 2 4 3 4 2 2 3 2 4 4 5 5 2 4 3 5 4 4 3 2 3 4 4 3 4 4 4 4 3 4 3 2 2 2 2 5 4 2 3 3 4 3 5 5 5 4 4 4 4 5 2 4 4 3 4 4 4 3 4 3 4 2 2 5 3 3 4 3 4 4 5 3 5 3 5 3 3 4 5 5 4 3 3 0 2 3 4 3 4 2 4 4 3 3 4 4 4 4 5 3 5 4 3 2 3 2
2 2 1 2 3 2 2 3 2 2 2 3 2 2 2 1 2 1 3 2 2 2 3 2 2 1 2 3 3 1 1 2 2 3 2 2 2 2 2 1 3 3 2 2 1 1 3 3 2 2 2 2 2 2 2 2 3 2 1 3 2 2 3 1 3 1 2 2 2 3 2 3 3 2 2 2 2 1 2 1 1 2 2 1 2 2 1 2 2 2 2 2 3 3 1 2 2 2 1 1 2 1 2 2 3 3 1 3 2 3 2 2 2 1 2 2 2 2 2 3 2 2 2 3 1 1 1 1 1 3 2 1 1 2 2 2 3 3 3 2 2 3 3 3 1 2 2 2 2 3 2 2 2 1 3 1 1 3 1 2 2 2 3 3 3 2 3 2 3 2 2 3 3 3 2 2 2 2 0 2 2 2 2 1 2 2 2 1 3 2 3 2 3 2 3 2 2 1 2 1
2 3 2 3 3 3 2 3 2 3 3 3 3 3 3 2 3 1 4 3 3 2 4 3 3 2 2 3 3 2 2 2 3 3 2 3 3 2 2 2 3 4 3 3 2 2 4 3 3 2 3 2 3 3 2 2 3 3 2 4 3 3 3 2 4 2 3 3 3 3 3 3 4 3 3 3 3 1 3 2 2 3 2 2 3 3 2 2 3 2 3 3 4 3 1 3 2 3 2 1 2 2 3 3 3 4 2 3 3 3 3 3 2 1 2 3 3 2 3 3 3 3 2 3 2 2 2 1 2 3 3 1 2 2 3 3 3 3 4 3 3 3 3 3 1 3 3 2 3 3 3 2 3 2 3 2 1 4 2 2 3 2 3 3 4 2 3 2 4 3 2 3 4 4 3 2 2 3 2 0 3 2 3 1 3 3 2 2 3 3 3 3 3 2 4 3 2 2 2 1
3 4 3 4 5 4 3 5 3 4 4 4 4 4 4 3 4 2 5 4 4 3 5 4 4 2 3 4 4 2 2 3 4 5 3 4 4 3 3 3 5 5 4 4 2 2 5 4 4 3 4 3 4 4 3 3 5 4 3 5 4 4 5 3 5 2 4 4 4 5 4 5 5 4 4 4 4 2 4 3 3 4 3 2 4 4 3 3 4 3 4 4 5 5 2 4 3 4 2 2 3 2 4 4 5 5 2 5 4 5 4 4 3 2 3 4 4 3 4 4 4 4 3 5 3 2 2 2 2 5 4 2 3 3 4 4 5 5 5 4 4 4 4 5 2 4 4 3 4 4 4 3 4 3 5 2 2 5 3 3 4 3 5 4 5 3 5 3 5 4 3 4 5 5 4 3 3 4 2 3 0 3 4 2 4 4 3 3 5 4 5 4 5 3 5 4 3 2 3 2
2 3 2 3 3 3 2 3 2 3 3 3 3 2 3 2 2 1 3 2 3 2 3 3 3 2 2 3 3 2 1 2 3 3 2 3 2 2 2 2 3 3 3 3 2 1 3 3 2 2 3 2 3 3 2 2 3 2 2 3 3 3 3 2 3 2 2 3 3 3 3 3 3 3 3 3 3 1 3 2 2 3 2 1 3 2 2 2 3 2 3 3 3 3 1 3 2 3 1 1 2 1 3 3 3 3 2 3 2 3 3 3 2 1 2 3 3 2 3 3 3 3 2 3 2 1 2 1 1 3 3 1 2 2 3 2 3 3 3 3 3 3 3 3 1 3 3 2 3 3 3 2 3 2 3 2 1 3 2 2 3 2 3 3 3 2 3 2 3 2 2 3 3 3 3 2 2 3 2 2 3 0 3 1 3 3 2 2 3 3 3 3 3 2 3 3 2 1 2 1
3 4 3 4 4 3 3 4 3 4 4 4 4 3 4 3 3 2 5 3 4 3 5 4 4 2 3 4 4 2 2 3 4 4 3 3 3 3 3 2 4 5 4 4 2 2 5 4 3 3 4 3 3 4 3 3 4 3 2 5 3 3 4 3 5 2 3 4 4 4 4 4 5 4 4 4 4 2 4 3 3 4 3 2 4 3 3 3 4 3 4 4 5 4 2 4 3 3 2 2 3 2 4 4 4 5 2 4 3 4 4 3 3 2 3 4 4 3 4 4 4 4 3 4 3 2 2 2 2 4 4 2 3 3 4 3 4 4 5 4 4 4 4 4 2 4 4 3 3 4 4 3 4 3 4 2 2 5 3 3 4 3 4 4 5 3 4 3 5 3 3 4 5 5 4 3 3 4 2 3 4 3 0 2 4 4 3 3 4 4 4 4 4 3 5 4 3 2 3 2
1 2 1 2 2 2 1 2 1 2 2 2 2 2 2 1 2 1 2 2 2 1 2 2 2 1 1 2 2 1 1 1 2 2 1 2 2 1 1 1 2 2 2 2 1 1 2 2 2 1 2 1 2 2 1 1 2 2 1 2 2 2 2 1 2 1 2 2 2 2 2 2 2 2 2 2 2 1 2 1 1 2 1 1 2 2 1 2 2 1 2 2 2 2 1 2 2 2 1 1 2 1 2 2 2 2 1 2 2 2 2 2 1 1 1 2 2 1 2 2 2 2 2 2 1 1 1 1 1 2 2 1 1 1 2 2 2 2 2 2 2 2 2 2 1 2 2 1 2 2 2 1 2 1 2 1 1 2 1 1 2 1 2 2 2 1 2 1 2 2 1 2 2 2 2 1 1 2 1 1 2 1 2 0 2 2 1 1 2 2 2 2 2 1 2 2 1 1 2 1
3 4 3 4 5 4 3 5 3 4 4 4 4 4 4 3 4 2 5 4 4 3 5 4 4 2 3 4 4 2 2 3 4 5 3 4 4 3 3 3 5 5 4 4 2 2 5 4 4 3 4 3 4 4 3 3 5 4 3 5 4 4 5 3 5 2 4 4 4 5 4 5 5 4 4 4 4 2 4 3 3 4 3 2 4 4 3 3 4 3 4 4 5 5 2 4 3 4 2 2 3 2 4 4 5 5 2 5 4 5 4 4 3 2 3 4 4 3 4 4 4 4 3 5 3 2 2 2 2 5 4 2 3 3 4 4 5 5 5 4 4 4 4 5 2 4 4 3 4 4 4 3 4 3 5 2 2 5 3 3 4 3 5 4 5 3 5 3 5 4 3 4 5 5 4 3 3 4 2 3 4 3 4 2 0 4 3 3 5 4 5 4 5 3 5 4 3 2 3 2
3 4 3 4 5 4 3 5 3 4 4 4 4 4 4 3 4 2 5 4 4 3 5 4 4 2 3 4 4 2 2 3 4 5 3 4 4 3 3 3 5 5 4 4 2 2 5 4 4 3 4 3 4 4 3 3 5 4 3 5 4 4 5 3 5 2 4 4 4 5 4 5 5 4 4 4 4 2 4 3 3 4 3 2 4 4 3 3 4 3 4 4 5 5 2 4 3 4 2 2 3 2 4 4 5 5 2 5 4 5 4 4 3 2 3 4 4 3 4 4 4 4 3 5 3 2 2 2 2 5 4 2 3 3 4 4 5 5 5 4 4 4 4 5 2 4 4 3 4 4 4 3 4 3 5 2 2 5 3 3 4 3 5 4 5 3 5 3 5 4 3 4 5 5 4 3 3 4 2 3 4 3 4 2 4 0 3 3 5 4 5 4 5 3 5 4 3 2 3 2
2 3 2 3 3 3 2 3 2 3 3 3 3 2 3 2 2 1 3 2 3 2 3 3 3 2 2 3 3 2 1 2 3 3 2 3 2 2 2 2 3 3 3 3 2 1 3 3 2 2 3 2 3 3 2 2 3 2 2 3 3 3 3 2 3 2 2 3 3 3 3 3 3 3 3 3 3 1 3 2 2 3 2 1 3 2 2 2 3 2 3 3 3 3 1 3 2 3 1 1 2 1 3 3 3 3 2 3 2 3 3 3 2 1 2 3 3 2 3 3 3 3 2 3 2 1 2 1 1 3 3 1 2 2 3 2 3 3 3 3 3 3 3 3 1 3 3 2 3 3 3 2 3 2 3 2 1 3 2 2 3 2 3 3 3 2 3 2 3 2 2 3 3 3 3 2 2 3 2 2 3 2 3 1 3 3 0 2 3 3 3 3 3 2 3 3 2 1 2 1
2 3 2 3 3 2 2 3 2 3 3 3 3 2 3 2 2 1 3 2 3 2 3 3 3 1 2 3 3 1 1 2 3 3 2 2 2 2 2 2 3 3 3 3 1 1 3 3 2 2 3 2 2 3 2 2 3 2 2 3 2 2 3 2 3 1 2 3 3 3 3 3 3 3 3 3 3 1 3 2 2 3 2 1 3 2 2 2 3 2 3 3 3 3 1 3 2 2 1 1 2 1 3 3 3 3 1 3 2 3 3 2 2 1 2 3 3 2 3 3 3 3 2 3 2 1 1 1 1 3 3 1 2 2 3 2 3 3 3 3 3 3 3 3 1 3 3 2 2 3 3 2 3 2 3 1 1 3 2 2 3 2 3 3 3 2 3 2 3 2 2 3 3 3 3 2 2 3 1 2 3 2 3 1 3 3 2 0 3 3 3 3 3 2 3 3 2 1 2 1
4 4 3 4 5 4 3 5 4 5 4 5 5 4 5 3 4 2 5 4 5 3 5 5 5 3 4 5 5 3 2 4 4 5 4 4 4 3 4 3 5 5 5 5 3 2 5 5 4 3 5 3 4 5 4 3 5 4 3 5 4 4 5 3 5 3 4 5 5 5 4 5 5 5 4 4 5 2 5 3 3 4 3 2 5 4 3 4 5 4 4 4 5 5 2 5 4 4 2 2 4 2 4 5 5 5 3 5 4 5 4 4 3 2 3 5 5 4 4 5 5 4 4 5 3 2 3 2 2 5 4 2 3 4 5 4 5 5 5 4 5 5 5 5 2 5 4 3 4 5 4 4 4 3 5 3 2 5 3 4 4 3 5 5 5 3 5 3 5 4 3 5 5 5 4 3 4 4 3 3 5 3 4 2 5 5 3 3 0 4 5 5 5 3 5 5 3 2 4 2
3 4 3 4 4 3 3 4 3 4 4 4 4 3 4 3 3 2 5 3 4 3 5 4 4 2 3 4 4 2 2 3 4 4 3 3 3 3 3 2 4 5 4 4 2 2 5 4 3 3 4 3 3 4 3 3 4 3 2 5 3 3 4 3 5 2 3 4 4 4 4 4 5 4 4 4 4 2 4 3 3 4 3 2 4 3 3 3 4 3 4 4 5 4 2 4 3 3 2 2 3 2 4 4 4 5 2 4 3 4 4 3 3 2 3 4 4 3 4 4 4 4 3 4 3 2 2 2 2 4 4 2 3 3 4 3 4 4 5 4 4 4 4 4 2 4 4 3 3 4 4 3 4 3 4 2 2 5 3 3 4 3 4 4 5 3 4 3 5 3 3 4 5 5 4 3 3 4 2 3 4 3 4 2 4 4 3 3 4 0 4 4 4 3 5 4 3 2 3 2
4 4 3 4 5 4 3 5 4 5 4 5 5 4 5 3 4 2 5 4 5 3 5 5 5 3 4 5 5 3 2 4 4 5 4 4 4 3 4 3 5 5 5 5 3 2 5 5 4 3 5 3 4 5 4 3 5 4 3 5 4 4 5 3 5 3 4 5 5 5 4 5 5 5 4 4 5 2 5 3 3 4 3 2 5 4 3 4 5 4 4 4 5 5 2 5 4 4 2 2 4 2 4 5 5 5 3 5 4 5 4 4 3 2 3 5 5 4 4 5 5 4 4 5 3 2 3 2 2 5 4 2 3 4 5 4 5 5 5 4 5 5 5 5 2 5 4 3 4 5 4 4 4 3 5 3 2 5 3 4 4 3 5 5 5 3 5 3 5 4 3 5 5 5 4 3 4 4 3 3 5 3 4 2 5 5 3 3 5 4 0 5 5 3 5 5 3 2 4 2
3 4 3 4 5 4 3 5 3 5 4 5 5 4 4 3 4 2 5 4 5 3 5 4 4 2 3 5 5 2 2 3 4 5 3 4 4 3 3 3 5 5 4 5 2 2 5 5 4 3 4 3 4 5 3 3 5 4 3 5 4 4 5 3 5 2 4 5 5 5 4 5 5 5 4 4 5 2 4 3 3 4 3 2 4 4 3 4 4 3 4 4 5 5 2 4 4 4 2 2 4 2 4 4 5 5 2 5 4 5 4 4 3 2 3 4 5 3 4 5 5 4 4 5 3 2 2 2 2 5 4 2 3 3 4 4 5 5 5 4 4 5 5 5 2 4 4 3 4 5 4 3 4 3 5 2 2 5 3 3 4 3 5 5 5 3 5 3 5 4 3 5 5 5 4 3 3 4 2 3 4 3 4 2 4 4 3 3 5 4 5 0 5 3 5 5 3 2 4 2
4 4 3 4 5 4 3 5 4 5 4 5 5 4 5 3 4 2 5 4 5 3 5 5 5 3 4 5 5 3 2 4 4 5 4 4 4 3 4 3 5 5 5 5 3 2 5 5 4 3 5 3 4 5 4 3 5 4 3 5 4 4 5 3 5 3 4 5 5 5 4 5 5 5 4 4 5 2 5 3 3 5 3 2 5 4 3 4 5 4 4 4 5 5 2 5 4 4 2 2 4 2 4 5 5 5 3 5 4 5 4 4 3 2 3 5 5 4 5 5 5 4 4 5 3 2 3 2 2 5 4 2 3 4 5 4 5 5 5 5 5 5 5 5 2 5 4 3 4 5 4 4 4 3 5 3 2 5 3 4 4 3 5 5 5 3 5 3 5 4 3 5 5 5 5 3 4 5 3 3 5 3 4 2 5 5 3 3 5 4 5 5 0 3 5 5 3 2 4 2
2 3 2 3 3 3 2 3 2 3 3 3 3 3 3 2 3 1 4 3 3 2 4 3 3 2 2 3 3 2 2 2 3 3 2 3 3 2 2 2 3 4 3 3 2 2 4 3 3 2 3 2 3 3 2 2 3 3 2 4 3 3 3 2 4 2 3 3 3 3 3 3 4 3 3 3 3 1 3 2 2 3 2 2 3 3 2 2 3 2 3 3 4 3 1 3 2 3 2 1 2 2 3 3 3 4 2 3 3 3 3 3 2 1 2 3 3 2 3 3 3 3 2 3 2 2 2 1 2 3 3 1 2 2 3 3 3 3 4 3 3 3 3 3 1 3 3 2 3 3 3 2 3 2 3 2 1 4 2 2 3 2 3 3 4 2 3 2 4 3 2 3 4 4 3 2 2 3 2 2 3 2 3 1 3 3 2 2 3 3 3 3 3 0 4 3 2 2 2 1
4 5 3 5 5 4 3 5 4 5 4 5 5 4 5 3 4 2 6 4 5 3 6 5 5 3 4 5 5 3 3 4 4 5 4 4 4 3 4 3 5 6 5 5 3 3 6 5 4 4 5 4 4 5 4 3 5 4 3 6 4 4 5 3 6 3 4 5 5 5 5 5 6 5 4 5 5 2 5 3 3 5 3 3 5 4 3 4 5 4 5 4 6 5 2 5 4 4 3 2 4 3 5 5 5 6 3 5 4 5 4 4 4 2 3 5 5 4 5 5 5 4 4 5 3 3 3 2 3 5 5 2 3 4 5 4 5 5 6 5 5 5 5 5 2 5 4 4 4 5 4 4 5 3 5 3 2 6 3 4 5 4 5 5 6 4 5 3 6 4 3 5 6 6 5 4 4 5 3 4 5 3 5 2 5 5 3 3 5 5 5 5 5 4 0 5 3 3 4 2
3 4 3 4 5 4 3 5 3 5 4 5 5 4 4 3 4 2 5 4 5 3 5 4 4 2 3 5 5 2 2 3 4 5 3 4 4 3 3 3 5 5 4 5 2 2 5 5 4 3 4 3 4 5 3 3 5 4 3 5 4 4 5 3 5 2 4 5 5 5 4 5 5 5 4 4 5 2 4 3 3 4 3 2 4 4 3 4 4 3 4 4 5 5 2 4 4 4 2 2 4 2 4 4 5 5 2 5 4 5 4 4 3 2 3 4 5 3 4 5 5 4 4 5 3 2 2 2 2 5 4 2 3 3 4 4 5 5 5 4 4 5 5 5 2 4 4 3 4 5 4 3 4 3 5 2 2 5 3 3 4 3 5 5 5 3 5 3 5 4 3 5 5 5 4 3 3 4 2 3 4 3 4 2 4 4 3 3 5 4 5 5 5 3 5 0 3 2 4 2
2 3 2 3 3 3 2 3 2 3 3 3 3 2 3 2 2 1 3 2 3 2 3 3 3 2 2 3 3 2 1 2 3 3 2 3 2 2 2 2 3 3 3 3 2 1 3 3 2 2 3 2 3 3 2 2 3 2 2 3 3 3 3 2 3 2 2 3 3 3 3 3 3 3 3 3 3 1 3 2 2 3 2 1 3 2 2 2 3 2 3 3 3 3 1 3 2 3 1 1 2 1 3 3 3 3 2 3 2 3 3 3 2 1 2 3 3 2 3 3 3 3 2 3 2 1 2 1 1 3 3 1 2 2 3 2 3 3 3 3 3 3 3 3 1 3 3 2 3 3 3 2 3 2 3 2 1 3 2 2 3 2 3 3 3 2 3 2 3 2 2 3 3 3 3 2 2 3 2 2 3 2 3 1 3 3 2 2 3 3 3 3 3 2 3 3 0 1 2 1
2 2 1 2 2 2 1 2 2 2 2 2 2 2 2 1 2 1 3 2 2 1 3 2 2 1 2 2 2 1 1 2 2 2 2 2 2 1 2 1 2 3 2 2 1 1 3 2 2 2 2 2 2 2 2 1 2 2 1 3 2 2 2 1 3 1 2 2 2 2 2 2 3 2 2 2 2 1 2 1 1 2 1 1 2 2 1 2 2 2 2 2 3 2 1 2 2 2 1 1 2 1 2 2 2 3 1 2 2 2 2 2 2 1 1 2 2 2 2 2 2 2 2 2 1 1 1 1 1 2 2 1 1 2 2 2 2 2 3 2 2 2 2 2 1 2 2 2 2 2 2 2 2 1 2 1 1 3 1 2 2 2 2 2 3 2 2 1 3 2 1 2 3 3 2 2 2 2 1 2 2 1 2 1 2 2 1 1 2 2 2 2 2 2 3 2 1 0 2 1
3 3 2 3 4 3 2 4 3 4 3 4 4 3 3 2 3 2 4 3 4 2 4 3 3 2 3 4 4 2 2 3 3 4 3 3 3 2 3 2 4 4 3 4 2 2 4 4 3 2 3 2 3 4 3 2 4 3 2 4 3 3 4 2 4 2 3 4 4 4 3 4 4 4 3 3 4 2 3 2 2 3 2 2 3 3 2 3 3 3 3 3 4 4 2 3 3 3 2 2 3 2 3 3 4 4 2 4 3 4 3 3 2 2 2 3 4 3 3 4 4 3 3 4 2 2 2 2 2 4 3 2 2 3 3 3 4 4 4 3 3 4 4 4 2 3 3 2 3 4 3 3 3 2 4 2 2 4 2 3 3 2 4 4 4 2 4 2 4 3 2 4 4 4 3 2 3 3 2 2 3 2 3 2 3 3 2 2 4 3 4 4 4 2 4 4 2 2 0 2
1 2 1 2 2 2 1 2 1 2 2 2 2 2 2 1 2 1 2 2 2 1 2 2 2 1 1 2 2 1 1 1 2 2 1 2 2 1 1 1 2 2 2 2 1 1 2 2 2 1 2 1 2 2 1 1 2 2 1 2 2 2 2 1 2 1 2 2 2 2 2 2 2 2 2 2 2 1 2 1 1 2 1 1 2 2 1 2 2 1 2 2 2 2 1 2 2 2 1 1 2 1 2 2 2 2 1 2 2 2 2 2 1 1 1 2 2 1 2 2 2 2 2 2 1 1 1 1 1 2 2 1 1 1 2 2 2 2 2 2 2 2 2 2 1 2 2 1 2 2 2 1 2 1 2 1 1 2 1 1 2 1 2 2 2 1 2 1 2 2 1 2 2 2 2 1 1 2 1 1 2 1 2 1 2 2 1 1 2 2 2 2 2 1 2 2 1 1 2 0
