150
24 448 478
10 1899 1916
21 1524 1560
18 1407 1432
9 1756 1771
5 774 790
16 579 604
9 139 160
11 1541 1560
16 371 401
12 225 245
17 1947 1974
21 978 1006
9 1096 1112
5 734 748
10 1032 1053
9 1716 1733
5 57 69
13 1861 1881
11 1238 1258
23 1966 1995
18 1347 1375
6 1131 1144
10 1534 1551
15 1427 1450
19 401 431
19 1717 1744
20 1079 1105
10 86 103
15 695 717
15 566 590
5 229 242
11 644 661
14 180 204
12 793 811
14 937 958
18 1857 1882
8 307 327
16 1732 1761
14 1104 1125
13 767 792
18 794 827
16 1700 1725
16 1596 1619
5 1957 1969
8 1728 1743
18 1105 1132
5 44 57
16 360 391
11 453 478
6 1359 1377
14 634 658
19 1453 1479
6 1833 1845
10 1005 1023
6 1055 1067
13 154 181
7 1388 1402
18 475 508
20 409 436
14 813 837
10 247 266
6 1218 1230
6 1009 1022
14 97 121
16 1915 1940
21 1522 1550
13 1623 1651
11 798 816
5 801 814
20 252 281
12 1598 1619
18 1450 1481
13 1854 1875
6 868 880
18 1023 1048
15 579 603
16 1882 1907
19 330 355
15 372 400
7 751 766
20 1480 1510
6 1164 1178
22 1144 1174
11 500 519
15 1852 1874
9 1500 1515
15 757 784
11 836 853
24 613 647
24 1791 1827
22 156 185
21 1395 1427
13 774 794
12 492 515
11 567 585
10 1073 1089
9 479 496
19 628 655
5 532 543
11 1785 1803
16 1565 1588
23 1753 1788
14 985 1007
11 1362 1384
19 1156 1182
7 1028 1045
20 1143 1175
12 949 972
12 911 931
21 1845 1872
13 1710 1729
7 1366 1385
14 1567 1591
5 1683 1697
11 240 258
12 1302 1321
22 1403 1435
23 1372 1404
6 1905 1918
8 1817 1831
19 324 351
10 1024 1043
7 1567 1582
14 219 239
5 1502 1514
23 695 725
7 1746 1768
11 1652 1671
8 500 518
6 458 477
7 1640 1653
19 1299 1327
19 769 801
12 1130 1149
18 239 272
9 1134 1150
14 288 308
24 680 716
8 1791 1805
7 889 902
9 225 240
19 605 631
20 113 144
17 1677 1700
24 1295 1326
18 1738 1771
21 749 779
18 1312 1336
14 407 427
0 3 5 5 3 2 4 3 4 4 4 5 5 3 2 3 3 2 4 4 5 5 3 3 4 5 5 5 3 4 4 2 4 4 4 4 5 3 4 4 4 5 4 4 2 3 5 2 4 4 3 4 5 3 3 3 4 3 5 5 4 3 3 3 4 4 5 4 4 2 5 4 5 4 3 5 4 4 5 4 3 5 3 5 4 4 3 4 4 6 6 5 5 4 4 4 3 3 5 2 4 4 5 4 4 5 3 5 4 4 5 4 3 4 2 4 4 5 5 3 3 5 3 3 4 2 5 3 4 3 3 3 5 5 4 5 3 4 6 3 3 3 5 5 5 6 5 5 5 4
3 0 3 3 2 1 3 2 2 3 2 3 3 2 1 2 2 1 2 2 3 3 1 2 3 3 3 3 2 3 3 1 2 2 2 2 3 2 3 2 2 3 3 3 1 2 3 1 3 2 1 2 3 1 2 1 2 2 3 3 2 2 1 1 2 3 3 2 2 1 3 2 3 2 1 3 3 3 3 3 2 3 1 3 2 3 2 3 2 3 3 3 3 2 2 2 2 2 3 1 2 3 3 2 2 3 2 3 2 2 3 2 2 2 1 2 2 3 3 1 2 3 2 2 2 1 3 2 2 2 1 2 3 3 2 3 2 2 3 2 2 2 3 3 3 3 3 3 3 2
5 3 0 4 3 2 4 3 3 4 3 4 5 3 2 3 3 2 4 3 5 4 2 3 4 4 4 5 3 4 4 2 3 4 3 4 4 3 4 4 4 4 4 4 2 3 4 2 4 3 2 4 4 2 3 2 4 3 4 5 4 3 2 2 4 4 5 4 3 2 5 3 4 4 2 4 4 4 4 4 3 5 2 5 3 4 3 4 3 5 5 5 5 4 3 3 3 3 4 2 3 4 5 4 3 4 3 5 3 3 5 4 3 4 2 3 3 5 5 2 3 4 3 3 4 2 5 3 3 3 2 3 4 4 3 4 3 4 5 3 3 3 4 5 4 5 4 5 4 4
5 3 4 0 3 2 4 3 3 4 3 4 4 3 2 3 3 2 3 3 5 4 2 3 4 4 4 4 3 4 4 2 3 3 3 3 4 3 4 3 3 4 4 4 2 3 4 2 4 3 2 3 4 2 3 2 3 2 4 4 3 3 2 2 3 4 4 3 3 2 4 3 4 3 2 4 4 4 4 4 2 4 2 4 3 4 3 4 3 5 5 4 4 3 3 3 3 3 4 2 3 4 5 3 3 4 2 4 3 3 4 3 2 3 2 3 3 4 5 2 3 4 3 2 3 2 5 2 3 3 2 2 4 4 3 4 3 3 5 3 2 3 4 4 4 5 4 4 4 3
3 2 3 3 0 1 3 2 2 3 2 3 3 2 1 2 2 1 2 2 3 3 1 2 2 3 3 3 2 2 2 1 2 2 2 2 3 2 3 2 2 3 3 3 1 2 3 1 3 2 1 2 3 1 2 1 2 1 3 3 2 2 1 1 2 3 3 2 2 1 3 2 3 2 1 3 2 3 3 2 1 3 1 3 2 2 2 2 2 3 3 3 3 2 2 2 2 2 3 1 2 3 3 2 2 3 1 3 2 2 3 2 1 2 1 2 2 3 3 1 2 3 2 1 2 1 3 1 2 2 1 1 3 3 2 3 2 2 3 2 1 2 3 3 3 3 3 3 3 2
2 1 2 2 1 0 2 1 1 2 1 2 2 1 1 1 1 1 2 1 2 2 1 1 2 2 2 2 1 2 2 1 1 2 1 2 2 1 2 2 2 2 2 2 1 1 2 1 2 1 1 2 2 1 1 1 2 1 2 2 2 1 1 1 2 2 2 2 1 1 2 1 2 2 1 2 2 2 2 2 1 2 1 2 1 2 1 2 1 2 2 2 2 2 1 1 1 1 2 1 1 2 2 2 1 2 1 2 1 1 2 2 1 2 1 1 1 2 2 1 1 2 1 1 2 1 2 1 1 1 1 1 2 2 1 2 1 2 2 1 1 1 2 2 2 2 2 2 2 2
4 3 4 4 3 2 0 3 3 4 3 4 4 3 2 3 3 2 3 3 4 4 2 3 3 4 4 4 3 3 3 2 3 3 3 3 4 2 4 3 3 4 4 4 2 2 4 2 4 3 2 3 4 2 3 2 3 2 4 4 3 3 2 2 3 4 4 3 3 2 4 3 4 3 2 4 3 4 4 3 2 4 2 4 3 3 3 3 3 4 4 4 4 3 3 3 3 3 4 2 3 4 4 3 3 4 2 4 3 3 4 3 2 3 2 3 3 4 4 2 2 4 3 2 3 2 4 2 3 2 2 2 4 4 3 4 3 3 4 2 2 3 4 4 4 4 4 4 4 3
3 2 3 3 2 1 3 0 2 3 2 3 3 2 1 2 2 1 2 2 3 3 1 2 2 3 3 3 2 2 2 1 2 2 2 2 3 2 3 2 2 3 3 3 1 2 3 1 3 2 1 2 3 1 2 1 2 1 3 3 2 2 1 1 2 3 3 2 2 1 3 2 3 2 1 3 2 3 3 2 1 3 1 3 2 2 2 2 2 3 3 3 3 2 2 2 2 2 3 1 2 3 3 2 2 3 1 3 2 2 3 2 1 2 1 2 2 3 3 1 2 3 2 1 2 1 3 1 2 2 1 1 3 3 2 3 2 2 3 2 1 2 3 3 3 3 3 3 3 2
4 2 3 3 2 1 3 2 0 3 2 3 3 2 1 2 2 1 2 2 3 3 2 2 3 3 3 3 2 3 3 1 2 3 2 3 3 2 3 3 2 3 3 3 1 2 3 1 3 2 2 3 3 2 2 2 2 2 3 3 3 2 2 2 3 3 3 2 2 1 3 2 3 2 2 3 3 3 3 3 2 3 2 3 2 3 2 3 2 4 4 3 3 2 2 2 2 2 3 1 2 3 3 3 2 3 2 3 2 2 3 2 2 3 1 2 2 3 3 2 2 3 2 2 3 1 3 2 2 2 2 2 3 3 2 3 2 3 4 2 2 2 3 3 3 4 3 3 3 3
4 3 4 4 3 2 4 3 3 0 3 4 4 3 2 3 3 2 3 3 4 4 2 3 3 4 4 4 3 3 3 2 3 3 3 3 4 2 4 3 3 4 4 4 2 2 4 2 4 3 2 3 4 2 3 2 3 2 4 4 3 3 2 2 3 4 4 3 3 2 4 3 4 3 2 4 3 4 4 3 2 4 2 4 3 3 3 3 3 4 4 4 4 3 3 3 3 3 4 2 3 4 4 3 3 4 2 4 3 3 4 3 2 3 2 3 3 4 4 2 2 4 3 2 3 2 4 2 3 2 2 2 4 4 3 4 3 3 4 2 2 3 4 4 4 4 4 4 4 3
4 2 3 3 2 1 3 2 2 3 0 3 3 2 1 2 2 1 3 2 4 3 2 2 3 3 3 3 2 3 3 1 2 3 3 3 3 2 3 3 3 3 3 3 1 2 3 1 3 2 2 3 3 2 2 2 3 2 3 3 3 2 2 2 3 3 3 3 2 1 3 3 3 3 2 3 3 3 3 3 2 3 2 4 2 3 2 3 2 4 4 4 3 3 3 2 2 2 3 1 2 3 4 3 2 3 2 3 3 3 3 3 2 3 1 2 3 4 4 2 2 3 2 2 3 1 4 2 2 2 2 2 3 3 3 3 2 3 4 2 2 2 3 3 3 4 3 3 3 3
5 3 4 4 3 2 4 3 3 4 3 0 4 3 2 3 3 2 3 3 4 4 2 3 3 4 4 4 3 3 3 2 3 3 3 3 4 2 4 3 3 4 4 4 2 2 4 2 4 3 2 3 4 2 3 2 3 2 4 4 3 3 2 2 3 4 4 3 3 2 4 3 4 3 2 4 3 4 4 3 2 4 2 4 3 3 3 3 3 5 5 4 4 3 3 3 3 3 4 2 3 4 4 3 3 4 2 4 3 3 4 3 2 3 2 3 3 4 4 2 2 4 3 2 3 2 4 2 3 2 2 2 4 4 3 4 3 3 5 2 2 3 4 4 4 5 4 4 4 3
5 3 5 4 3 2 4 3 3 4 3 4 0 3 2 3 3 2 4 3 5 4 2 3 4 4 4 5 3 4 4 2 3 4 3 4 4 3 4 4 4 4 4 4 2 3 4 2 4 3 2 4 4 2 3 2 4 3 4 5 4 3 2 2 4 4 5 4 3 2 5 3 4 4 2 4 4 4 4 4 3 5 2 5 3 4 3 4 3 5 5 5 5 4 3 3 3 3 4 2 3 4 5 4 3 4 3 5 3 3 5 4 3 4 2 3 3 5 5 2 3 4 3 3 4 2 5 3 3 3 2 3 4 4 3 4 3 4 5 3 3 3 4 5 4 5 4 5 4 4
3 2 3 3 2 1 3 2 2 3 2 3 3 0 1 2 2 1 2 2 3 3 1 2 2 3 3 3 2 2 2 1 2 2 2 2 3 2 3 2 2 3 3 3 1 2 3 1 3 2 1 2 3 1 2 1 2 1 3 3 2 2 1 1 2 3 3 2 2 1 3 2 3 2 1 3 2 3 3 2 1 3 1 3 2 2 2 2 2 3 3 3 3 2 2 2 2 2 3 1 2 3 3 2 2 3 1 3 2 2 3 2 1 2 1 2 2 3 3 1 2 3 2 1 2 1 3 1 2 2 1 1 3 3 2 3 2 2 3 2 1 2 3 3 3 3 3 3 3 2
2 1 2 2 1 1 2 1 1 2 1 2 2 1 0 1 1 1 2 1 2 2 1 1 2 2 2 2 1 2 2 1 1 2 1 2 2 1 2 2 2 2 2 2 1 1 2 1 2 1 1 2 2 1 1 1 2 1 2 2 2 1 1 1 2 2 2 2 1 1 2 1 2 2 1 2 2 2 2 2 1 2 1 2 1 2 1 2 1 2 2 2 2 2 1 1 1 1 2 1 1 2 2 2 1 2 1 2 1 1 2 2 1 2 1 1 1 2 2 1 1 2 1 1 2 1 2 1 1 1 1 1 2 2 1 2 1 2 2 1 1 1 2 2 2 2 2 2 2 2
3 2 3 3 2 1 3 2 2 3 2 3 3 2 1 0 2 1 2 2 3 3 1 2 3 3 3 3 2 3 3 1 2 2 2 2 3 2 3 2 2 3 3 3 1 2 3 1 3 2 1 2 3 1 2 1 2 2 3 3 2 2 1 1 2 3 3 2 2 1 3 2 3 2 1 3 3 3 3 3 2 3 1 3 2 3 2 3 2 3 3 3 3 2 2 2 2 2 3 1 2 3 3 2 2 3 2 3 2 2 3 2 2 2 1 2 2 3 3 1 2 3 2 2 2 1 3 2 2 2 1 2 3 3 2 3 2 2 3 2 2 2 3 3 3 3 3 3 3 2
3 2 3 3 2 1 3 2 2 3 2 3 3 2 1 2 0 1 2 2 3 3 1 2 2 3 3 3 2 2 2 1 2 2 2 2 3 2 3 2 2 3 3 3 1 2 3 1 3 2 1 2 3 1 2 1 2 1 3 3 2 2 1 1 2 3 3 2 2 1 3 2 3 2 1 3 2 3 3 2 1 3 1 3 2 2 2 2 2 3 3 3 3 2 2 2 2 2 3 1 2 3 3 2 2 3 1 3 2 2 3 2 1 2 1 2 2 3 3 1 2 3 2 1 2 1 3 1 2 2 1 1 3 3 2 3 2 2 3 2 1 2 3 3 3 3 3 3 3 2
2 1 2 2 1 1 2 1 1 2 1 2 2 1 1 1 1 0 2 1 2 2 1 1 2 2 2 2 1 2 2 1 1 2 1 2 2 1 2 2 2 2 2 2 1 1 2 1 2 1 1 2 2 1 1 1 2 1 2 2 2 1 1 1 2 2 2 2 1 1 2 1 2 2 1 2 2 2 2 2 1 2 1 2 1 2 1 2 1 2 2 2 2 2 1 1 1 1 2 1 1 2 2 2 1 2 1 2 1 1 2 2 1 2 1 1 1 2 2 1 1 2 1 1 2 1 2 1 1 1 1 1 2 2 1 2 1 2 2 1 1 1 2 2 2 2 2 2 2 2
4 2 4 3 2 2 3 2 2 3 3 3 4 2 2 2 2 2 0 2 4 3 2 2 3 3 3 4 2 3 3 2 2 3 3 3 3 2 3 3 3 3 3 3 2 2 3 2 3 2 2 3 3 2 2 2 3 2 3 4 3 2 2 2 3 3 4 3 2 2 4 3 3 3 2 3 3 3 3 3 2 4 2 4 2 3 2 3 2 4 4 4 4 3 3 2 2 2 3 2 2 3 4 3 2 3 2 4 3 3 4 3 2 3 2 2 3 4 4 2 2 3 2 2 3 2 4 2 2 2 2 2 3 3 3 3 2 3 4 2 2 2 3 4 3 4 3 4 3 3
4 2 3 3 2 1 3 2 2 3 2 3 3 2 1 2 2 1 2 0 3 3 2 2 3 3 3 3 2 3 3 1 2 3 2 3 3 2 3 3 2 3 3 3 1 2 3 1 3 2 2 3 3 2 2 2 2 2 3 3 3 2 2 2 3 3 3 2 2 1 3 2 3 2 2 3 3 3 3 3 2 3 2 3 2 3 2 3 2 4 4 3 3 2 2 2 2 2 3 1 2 3 3 3 2 3 2 3 2 2 3 2 2 3 1 2 2 3 3 2 2 3 2 2 3 1 3 2 2 2 2 2 3 3 2 3 2 3 4 2 2 2 3 3 3 4 3 3 3 3
5 3 5 5 3 2 4 3 3 4 4 4 5 3 2 3 3 2 4 3 0 5 2 3 4 5 5 5 3 4 4 2 3 4 4 4 5 3 4 4 4 5 4 4 2 3 5 2 4 3 2 4 5 2 3 2 4 3 5 5 4 3 2 2 4 4 5 4 3 2 5 4 5 4 2 5 4 4 5 4 3 5 2 5 3 4 3 4 3 5 5 5 5 4 4 3 3 3 5 2 3 4 5 4 3 5 3 5 4 4 5 4 3 4 2 3 4 5 5 2 3 5 3 3 4 2 5 3 3 3 2 3 5 5 4 5 3 4 5 3 3 3 5 5 4 5 5 5 5 4
5 3 4 4 3 2 4 3 3 4 3 4 4 3 2 3 3 2 3 3 5 0 2 3 4 4 4 4 3 4 4 2 3 3 3 3 4 3 4 3 3 4 4 4 2 3 4 2 4 3 2 3 4 2 3 2 3 2 4 4 3 3 2 2 3 4 4 3 3 2 4 3 4 3 2 4 4 4 4 4 2 4 2 4 3 4 3 4 3 5 5 4 4 3 3 3 3 3 4 2 3 4 5 3 3 4 2 4 3 3 4 3 2 3 2 3 3 4 5 2 3 4 3 2 3 2 5 2 3 3 2 2 4 4 3 4 3 3 5 3 2 3 4 4 4 5 4 4 4 3
3 1 2 2 1 1 2 1 2 2 2 2 2 1 1 1 1 1 2 2 2 2 0 1 2 2 2 2 1 2 2 1 2 2 2 2 2 1 2 2 2 2 2 2 1 1 2 1 2 2 1 2 2 1 1 1 2 1 2 2 2 1 1 1 2 2 2 2 2 1 2 2 2 2 1 2 2 2 2 2 1 2 1 2 2 2 1 2 2 3 3 2 2 2 2 2 1 1 2 1 2 2 2 2 2 2 1 2 2 2 2 2 1 2 1 2 2 2 2 1 1 2 1 1 2 1 2 1 2 1 1 1 2 2 2 2 1 2 3 1 1 1 2 2 2 3 2 2 2 2
3 2 3 3 2 1 3 2 2 3 2 3 3 2 1 2 2 1 2 2 3 3 1 0 3 3 3 3 2 3 3 1 2 2 2 2 3 2 3 2 2 3 3 3 1 2 3 1 3 2 1 2 3 1 2 1 2 2 3 3 2 2 1 1 2 3 3 2 2 1 3 2 3 2 1 3 3 3 3 3 2 3 1 3 2 3 2 3 2 3 3 3 3 2 2 2 2 2 3 1 2 3 3 2 2 3 2 3 2 2 3 2 2 2 1 2 2 3 3 1 2 3 2 2 2 1 3 2 2 2 1 2 3 3 2 3 2 2 3 2 2 2 3 3 3 3 3 3 3 2
4 3 4 4 2 2 3 2 3 3 3 3 4 2 2 3 2 2 3 3 4 4 2 3 0 4 4 4 3 3 3 2 3 3 3 3 4 2 3 3 3 4 3 3 2 2 4 2 3 3 2 3 4 2 3 2 3 2 4 4 3 3 2 2 3 3 4 3 3 2 4 3 4 3 2 4 3 3 4 3 2 4 2 4 3 3 2 3 3 4 4 4 4 3 3 3 3 2 4 2 3 3 4 3 3 4 2 4 3 3 4 3 2 3 2 3 3 4 4 2 2 4 3 2 3 2 4 2 3 2 2 2 4 4 3 4 2 3 4 2 2 2 4 4 3 4 4 4 4 3
5 3 4 4 3 2 4 3 3 4 3 4 4 3 2 3 3 2 3 3 5 4 2 3 4 0 4 4 3 4 4 2 3 4 3 4 4 3 4 4 3 4 4 4 2 3 4 2 4 3 2 4 4 2 3 2 3 2 4 4 4 3 2 2 4 4 4 3 3 2 4 3 4 3 2 4 4 4 4 4 2 4 2 5 3 4 3 4 3 5 5 5 4 3 3 3 3 3 4 2 3 4 5 4 3 4 2 4 3 3 4 3 2 4 2 3 3 5 5 2 3 4 3 2 4 2 5 2 3 3 2 2 4 4 3 4 3 4 5 3 2 3 4 4 4 5 4 4 4 4
5 3 4 4 3 2 4 3 3 4 3 4 4 3 2 3 3 2 3 3 5 4 2 3 4 4 0 4 3 4 4 2 3 4 3 4 4 3 4 4 3 4 4 4 2 3 4 2 4 3 2 4 4 2 3 2 3 2 4 4 4 3 2 2 4 4 4 3 3 2 4 3 4 3 2 4 4 4 4 4 2 4 2 5 3 4 3 4 3 5 5 5 4 3 3 3 3 3 4 2 3 4 5 4 3 4 2 4 3 3 4 3 2 4 2 3 3 5 5 2 3 4 3 2 4 2 5 2 3 3 2 2 4 4 3 4 3 4 5 3 2 3 4 4 4 5 4 4 4 4
5 3 5 4 3 2 4 3 3 4 3 4 5 3 2 3 3 2 4 3 5 4 2 3 4 4 4 0 3 4 4 2 3 4 3 4 4 3 4 4 4 4 4 4 2 3 4 2 4 3 2 4 4 2 3 2 4 2 4 5 4 3 2 2 4 4 5 4 3 2 5 3 4 4 2 4 4 4 4 4 2 5 2 5 3 4 3 4 3 5 5 5 5 4 3 3 3 3 4 2 3 4 5 4 3 4 2 5 3 3 5 4 2 4 2 3 3 5 5 2 3 4 3 2 4 2 5 2 3 3 2 2 4 4 3 4 3 4 5 3 2 3 4 5 4 5 4 5 4 4
3 2 3 3 2 1 3 2 2 3 2 3 3 2 1 2 2 1 2 2 3 3 1 2 3 3 3 3 0 3 3 1 2 2 2 2 3 2 3 2 2 3 3 3 1 2 3 1 3 2 1 2 3 1 2 1 2 2 3 3 2 2 1 1 2 3 3 2 2 1 3 2 3 2 1 3 3 3 3 3 2 3 1 3 2 3 2 3 2 3 3 3 3 2 2 2 2 2 3 1 2 3 3 2 2 3 2 3 2 2 3 2 2 2 1 2 2 3 3 1 2 3 2 2 2 1 3 2 2 2 1 2 3 3 2 3 2 2 3 2 2 2 3 3 3 3 3 3 3 2
4 3 4 4 2 2 3 2 3 3 3 3 4 2 2 3 2 2 3 3 4 4 2 3 3 4 4 4 3 0 3 2 3 3 3 3 4 2 3 3 3 4 3 3 2 2 4 2 3 3 2 3 4 2 3 2 3 2 4 4 3 3 2 2 3 3 4 3 3 2 4 3 4 3 2 4 3 3 4 3 2 4 2 4 3 3 2 3 3 4 4 4 4 3 3 3 3 2 4 2 3 3 4 3 3 4 2 4 3 3 4 3 2 3 2 3 3 4 4 2 2 4 3 2 3 2 4 2 3 2 2 2 4 4 3 4 2 3 4 2 2 2 4 4 3 4 4 4 4 3
4 3 4 4 2 2 3 2 3 3 3 3 4 2 2 3 2 2 3 3 4 4 2 3 3 4 4 4 3 3 0 2 3 3 3 3 4 2 3 3 3 4 3 3 2 2 4 2 3 3 2 3 4 2 3 2 3 2 4 4 3 3 2 2 3 3 4 3 3 2 4 3 4 3 2 4 3 3 4 3 2 4 2 4 3 3 2 3 3 4 4 4 4 3 3 3 3 2 4 2 3 3 4 3 3 4 2 4 3 3 4 3 2 3 2 3 3 4 4 2 2 4 3 2 3 2 4 2 3 2 2 2 4 4 3 4 2 3 4 2 2 2 4 4 3 4 4 4 4 3
2 1 2 2 1 1 2 1 1 2 1 2 2 1 1 1 1 1 2 1 2 2 1 1 2 2 2 2 1 2 2 0 1 2 1 2 2 1 2 2 2 2 2 2 1 1 2 1 2 1 1 2 2 1 1 1 2 1 2 2 2 1 1 1 2 2 2 2 1 1 2 1 2 2 1 2 2 2 2 2 1 2 1 2 1 2 1 2 1 2 2 2 2 2 1 1 1 1 2 1 1 2 2 2 1 2 1 2 1 1 2 2 1 2 1 1 1 2 2 1 1 2 1 1 2 1 2 1 1 1 1 1 2 2 1 2 1 2 2 1 1 1 2 2 2 2 2 2 2 2
4 2 3 3 2 1 3 2 2 3 2 3 3 2 1 2 2 1 2 2 3 3 2 2 3 3 3 3 2 3 3 1 0 3 2 3 3 2 3 3 2 3 3 3 1 2 3 1 3 2 2 3 3 2 2 2 2 2 3 3 3 2 2 2 3 3 3 2 2 1 3 2 3 2 2 3 3 3 3 3 2 3 2 3 2 3 2 3 2 4 4 3 3 2 2 2 2 2 3 1 2 3 3 3 2 3 2 3 2 2 3 2 2 3 1 2 2 3 3 2 2 3 2 2 3 1 3 2 2 2 2 2 3 3 2 3 2 3 4 2 2 2 3 3 3 4 3 3 3 3
4 2 4 3 2 2 3 2 3 3 3 3 4 2 2 2 2 2 3 3 4 3 2 2 3 4 4 4 2 3 3 2 3 0 3 3 3 2 3 3 3 3 3 3 2 2 3 2 3 3 2 3 4 2 2 2 3 2 3 4 3 2 2 2 3 3 4 3 3 2 4 3 3 3 2 3 3 3 4 3 2 4 2 4 3 3 2 3 3 4 4 4 4 3 3 3 2 2 4 2 3 3 4 3 3 4 2 4 3 3 4 3 2 3 2 3 3 4 4 2 2 4 2 2 3 2 4 2 3 2 2 2 4 4 3 3 2 3 4 2 2 2 4 4 3 4 3 4 3 3
4 2 3 3 2 1 3 2 2 3 3 3 3 2 1 2 2 1 3 2 4 3 2 2 3 3 3 3 2 3 3 1 2 3 0 3 3 2 3 3 3 3 3 3 1 2 3 1 3 2 2 3 3 2 2 2 3 2 3 3 3 2 2 2 3 3 3 3 2 1 3 3 3 3 2 3 3 3 3 3 2 3 2 4 2 3 2 3 2 4 4 4 3 3 3 2 2 2 3 1 2 3 4 3 2 3 2 3 3 3 3 3 2 3 1 2 3 4 4 2 2 3 2 2 3 1 4 2 2 2 2 2 3 3 3 3 2 3 4 2 2 2 3 3 3 4 3 3 3 3
4 2 4 3 2 2 3 2 3 3 3 3 4 2 2 2 2 2 3 3 4 3 2 2 3 4 4 4 2 3 3 2 3 3 3 0 3 2 3 3 3 3 3 3 2 2 3 2 3 3 2 3 4 2 2 2 3 2 3 4 3 2 2 2 3 3 4 3 3 2 4 3 3 3 2 3 3 3 4 3 2 4 2 4 3 3 2 3 3 4 4 4 4 3 3 3 2 2 4 2 3 3 4 3 3 4 2 4 3 3 4 3 2 3 2 3 3 4 4 2 2 4 2 2 3 2 4 2 3 2 2 2 4 4 3 3 2 3 4 2 2 2 4 4 3 4 3 4 3 3
5 3 4 4 3 2 4 3 3 4 3 4 4 3 2 3 3 2 3 3 5 4 2 3 4 4 4 4 3 4 4 2 3 3 3 3 0 3 4 3 3 4 4 4 2 3 4 2 4 3 2 3 4 2 3 2 3 2 4 4 3 3 2 2 3 4 4 3 3 2 4 3 4 3 2 4 4 4 4 4 2 4 2 4 3 4 3 4 3 5 5 4 4 3 3 3 3 3 4 2 3 4 5 3 3 4 2 4 3 3 4 3 2 3 2 3 3 4 5 2 3 4 3 2 3 2 5 2 3 3 2 2 4 4 3 4 3 3 5 3 2 3 4 4 4 5 4 4 4 3
3 2 3 3 2 1 2 2 2 2 2 2 3 2 1 2 2 1 2 2 3 3 1 2 2 3 3 3 2 2 2 1 2 2 2 2 3 0 2 2 2 3 2 2 1 2 3 1 2 2 1 2 3 1 2 1 2 1 3 3 2 2 1 1 2 2 3 2 2 1 3 2 3 2 1 3 2 2 3 2 1 3 1 3 2 2 2 2 2 3 3 3 3 2 2 2 2 2 3 1 2 2 3 2 2 3 1 3 2 2 3 2 1 2 1 2 2 3 3 1 2 3 2 1 2 1 3 1 2 2 1 1 3 3 2 3 2 2 3 2 1 2 3 3 2 3 3 3 3 2
4 3 4 4 3 2 4 3 3 4 3 4 4 3 2 3 3 2 3 3 4 4 2 3 3 4 4 4 3 3 3 2 3 3 3 3 4 2 0 3 3 4 4 4 2 2 4 2 4 3 2 3 4 2 3 2 3 2 4 4 3 3 2 2 3 4 4 3 3 2 4 3 4 3 2 4 3 4 4 3 2 4 2 4 3 3 3 3 3 4 4 4 4 3 3 3 3 3 4 2 3 4 4 3 3 4 2 4 3 3 4 3 2 3 2 3 3 4 4 2 2 4 3 2 3 2 4 2 3 2 2 2 4 4 3 4 3 3 4 2 2 3 4 4 4 4 4 4 4 3
4 2 4 3 2 2 3 2 3 3 3 3 4 2 2 2 2 2 3 3 4 3 2 2 3 4 4 4 2 3 3 2 3 3 3 3 3 2 3 0 3 3 3 3 2 2 3 2 3 3 2 3 4 2 2 2 3 2 3 4 3 2 2 2 3 3 4 3 3 2 4 3 3 3 2 3 3 3 4 3 2 4 2 4 3 3 2 3 3 4 4 4 4 3 3 3 2 2 4 2 3 3 4 3 3 4 2 4 3 3 4 3 2 3 2 3 3 4 4 2 2 4 2 2 3 2 4 2 3 2 2 2 4 4 3 3 2 3 4 2 2 2 4 4 3 4 3 4 3 3
4 2 4 3 2 2 3 2 2 3 3 3 4 2 2 2 2 2 3 2 4 3 2 2 3 3 3 4 2 3 3 2 2 3 3 3 3 2 3 3 0 3 3 3 2 2 3 2 3 2 2 3 3 2 2 2 3 2 3 4 3 2 2 2 3 3 4 3 2 2 4 3 3 3 2 3 3 3 3 3 2 4 2 4 2 3 2 3 2 4 4 4 4 3 3 2 2 2 3 2 2 3 4 3 2 3 2 4 3 3 4 3 2 3 2 2 3 4 4 2 2 3 2 2 3 2 4 2 2 2 2 2 3 3 3 3 2 3 4 2 2 2 3 4 3 4 3 4 3 3
5 3 4 4 3 2 4 3 3 4 3 4 4 3 2 3 3 2 3 3 5 4 2 3 4 4 4 4 3 4 4 2 3 3 3 3 4 3 4 3 3 0 4 4 2 3 4 2 4 3 2 3 4 2 3 2 3 2 4 4 3 3 2 2 3 4 4 3 3 2 4 3 4 3 2 4 4 4 4 4 2 4 2 4 3 4 3 4 3 5 5 4 4 3 3 3 3 3 4 2 3 4 5 3 3 4 2 4 3 3 4 3 2 3 2 3 3 4 5 2 3 4 3 2 3 2 5 2 3 3 2 2 4 4 3 4 3 3 5 3 2 3 4 4 4 5 4 4 4 3
4 3 4 4 3 2 4 3 3 4 3 4 4 3 2 3 3 2 3 3 4 4 2 3 3 4 4 4 3 3 3 2 3 3 3 3 4 2 4 3 3 4 0 4 2 2 4 2 4 3 2 3 4 2 3 2 3 2 4 4 3 3 2 2 3 4 4 3 3 2 4 3 4 3 2 4 3 4 4 3 2 4 2 4 3 3 3 3 3 4 4 4 4 3 3 3 3 3 4 2 3 4 4 3 3 4 2 4 3 3 4 3 2 3 2 3 3 4 4 2 2 4 3 2 3 2 4 2 3 2 2 2 4 4 3 4 3 3 4 2 2 3 4 4 4 4 4 4 4 3
4 3 4 4 3 2 4 3 3 4 3 4 4 3 2 3 3 2 3 3 4 4 2 3 3 4 4 4 3 3 3 2 3 3 3 3 4 2 4 3 3 4 4 0 2 2 4 2 4 3 2 3 4 2 3 2 3 2 4 4 3 3 2 2 3 4 4 3 3 2 4 3 4 3 2 4 3 4 4 3 2 4 2 4 3 3 3 3 3 4 4 4 4 3 3 3 3 3 4 2 3 4 4 3 3 4 2 4 3 3 4 3 2 3 2 3 3 4 4 2 2 4 3 2 3 2 4 2 3 2 2 2 4 4 3 4 3 3 4 2 2 3 4 4 4 4 4 4 4 3
2 1 2 2 1 1 2 1 1 2 1 2 2 1 1 1 1 1 2 1 2 2 1 1 2 2 2 2 1 2 2 1 1 2 1 2 2 1 2 2 2 2 2 2 0 1 2 1 2 1 1 2 2 1 1 1 2 1 2 2 2 1 1 1 2 2 2 2 1 1 2 1 2 2 1 2 2 2 2 2 1 2 1 2 1 2 1 2 1 2 2 2 2 2 1 1 1 1 2 1 1 2 2 2 1 2 1 2 1 1 2 2 1 2 1 1 1 2 2 1 1 2 1 1 2 1 2 1 1 1 1 1 2 2 1 2 1 2 2 1 1 1 2 2 2 2 2 2 2 2
3 2 3 3 2 1 2 2 2 2 2 2 3 2 1 2 2 1 2 2 3 3 1 2 2 3 3 3 2 2 2 1 2 2 2 2 3 2 2 2 2 3 2 2 1 0 3 1 2 2 1 2 3 1 2 1 2 1 3 3 2 2 1 1 2 2 3 2 2 1 3 2 3 2 1 3 2 2 3 2 1 3 1 3 2 2 2 2 2 3 3 3 3 2 2 2 2 2 3 1 2 2 3 2 2 3 1 3 2 2 3 2 1 2 1 2 2 3 3 1 2 3 2 1 2 1 3 1 2 2 1 1 3 3 2 3 2 2 3 2 1 2 3 3 2 3 3 3 3 2
5 3 4 4 3 2 4 3 3 4 3 4 4 3 2 3 3 2 3 3 5 4 2 3 4 4 4 4 3 4 4 2 3 3 3 3 4 3 4 3 3 4 4 4 2 3 0 2 4 3 2 3 4 2 3 2 3 2 4 4 3 3 2 2 3 4 4 3 3 2 4 3 4 3 2 4 4 4 4 4 2 4 2 4 3 4 3 4 3 5 5 4 4 3 3 3 3 3 4 2 3 4 5 3 3 4 2 4 3 3 4 3 2 3 2 3 3 4 5 2 3 4 3 2 3 2 5 2 3 3 2 2 4 4 3 4 3 3 5 3 2 3 4 4 4 5 4 4 4 3
2 1 2 2 1 1 2 1 1 2 1 2 2 1 1 1 1 1 2 1 2 2 1 1 2 2 2 2 1 2 2 1 1 2 1 2 2 1 2 2 2 2 2 2 1 1 2 0 2 1 1 2 2 1 1 1 2 1 2 2 2 1 1 1 2 2 2 2 1 1 2 1 2 2 1 2 2 2 2 2 1 2 1 2 1 2 1 2 1 2 2 2 2 2 1 1 1 1 2 1 1 2 2 2 1 2 1 2 1 1 2 2 1 2 1 1 1 2 2 1 1 2 1 1 2 1 2 1 1 1 1 1 2 2 1 2 1 2 2 1 1 1 2 2 2 2 2 2 2 2
4 3 4 4 3 2 4 3 3 4 3 4 4 3 2 3 3 2 3 3 4 4 2 3 3 4 4 4 3 3 3 2 3 3 3 3 4 2 4 3 3 4 4 4 2 2 4 2 0 3 2 3 4 2 3 2 3 2 4 4 3 3 2 2 3 4 4 3 3 2 4 3 4 3 2 4 3 4 4 3 2 4 2 4 3 3 3 3 3 4 4 4 4 3 3 3 3 3 4 2 3 4 4 3 3 4 2 4 3 3 4 3 2 3 2 3 3 4 4 2 2 4 3 2 3 2 4 2 3 2 2 2 4 4 3 4 3 3 4 2 2 3 4 4 4 4 4 4 4 3
4 2 3 3 2 1 3 2 2 3 2 3 3 2 1 2 2 1 2 2 3 3 2 2 3 3 3 3 2 3 3 1 2 3 2 3 3 2 3 3 2 3 3 3 1 2 3 1 3 0 2 3 3 2 2 2 2 2 3 3 3 2 2 2 3 3 3 2 2 1 3 2 3 2 2 3 3 3 3 3 2 3 2 3 2 3 2 3 2 4 4 3 3 2 2 2 2 2 3 1 2 3 3 3 2 3 2 3 2 2 3 2 2 3 1 2 2 3 3 2 2 3 2 2 3 1 3 2 2 2 2 2 3 3 2 3 2 3 4 2 2 2 3 3 3 4 3 3 3 3
3 1 2 2 1 1 2 1 2 2 2 2 2 1 1 1 1 1 2 2 2 2 1 1 2 2 2 2 1 2 2 1 2 2 2 2 2 1 2 2 2 2 2 2 1 1 2 1 2 2 0 2 2 1 1 1 2 1 2 2 2 1 1 1 2 2 2 2 2 1 2 2 2 2 1 2 2 2 2 2 1 2 1 2 2 2 1 2 2 3 3 2 2 2 2 2 1 1 2 1 2 2 2 2 2 2 1 2 2 2 2 2 1 2 1 2 2 2 2 1 1 2 1 1 2 1 2 1 2 1 1 1 2 2 2 2 1 2 3 1 1 1 2 2 2 3 2 2 2 2
4 2 4 3 2 2 3 2 3 3 3 3 4 2 2 2 2 2 3 3 4 3 2 2 3 4 4 4 2 3 3 2 3 3 3 3 3 2 3 3 3 3 3 3 2 2 3 2 3 3 2 0 4 2 2 2 3 2 3 4 3 2 2 2 3 3 4 3 3 2 4 3 3 3 2 3 3 3 4 3 2 4 2 4 3 3 2 3 3 4 4 4 4 3 3 3 2 2 4 2 3 3 4 3 3 4 2 4 3 3 4 3 2 3 2 3 3 4 4 2 2 4 2 2 3 2 4 2 3 2 2 2 4 4 3 3 2 3 4 2 2 2 4 4 3 4 3 4 3 3
5 3 4 4 3 2 4 3 3 4 3 4 4 3 2 3 3 2 3 3 5 4 2 3 4 4 4 4 3 4 4 2 3 4 3 4 4 3 4 4 3 4 4 4 2 3 4 2 4 3 2 4 0 2 3 2 3 2 4 4 4 3 2 2 4 4 4 3 3 2 4 3 4 3 2 4 4 4 4 4 2 4 2 5 3 4 3 4 3 5 5 5 4 3 3 3 3 3 4 2 3 4 5 4 3 4 2 4 3 3 4 3 2 4 2 3 3 5 5 2 3 4 3 2 4 2 5 2 3 3 2 2 4 4 3 4 3 4 5 3 2 3 4 4 4 5 4 4 4 4
3 1 2 2 1 1 2 1 2 2 2 2 2 1 1 1 1 1 2 2 2 2 1 1 2 2 2 2 1 2 2 1 2 2 2 2 2 1 2 2 2 2 2 2 1 1 2 1 2 2 1 2 2 0 1 1 2 1 2 2 2 1 1 1 2 2 2 2 2 1 2 2 2 2 1 2 2 2 2 2 1 2 1 2 2 2 1 2 2 3 3 2 2 2 2 2 1 1 2 1 2 2 2 2 2 2 1 2 2 2 2 2 1 2 1 2 2 2 2 1 1 2 1 1 2 1 2 1 2 1 1 1 2 2 2 2 1 2 3 1 1 1 2 2 2 3 2 2 2 2
3 2 3 3 2 1 3 2 2 3 2 3 3 2 1 2 2 1 2 2 3 3 1 2 3 3 3 3 2 3 3 1 2 2 2 2 3 2 3 2 2 3 3 3 1 2 3 1 3 2 1 2 3 1 0 1 2 2 3 3 2 2 1 1 2 3 3 2 2 1 3 2 3 2 1 3 3 3 3 3 2 3 1 3 2 3 2 3 2 3 3 3 3 2 2 2 2 2 3 1 2 3 3 2 2 3 2 3 2 2 3 2 2 2 1 2 2 3 3 1 2 3 2 2 2 1 3 2 2 2 1 2 3 3 2 3 2 2 3 2 2 2 3 3 3 3 3 3 3 2
3 1 2 2 1 1 2 1 2 2 2 2 2 1 1 1 1 1 2 2 2 2 1 1 2 2 2 2 1 2 2 1 2 2 2 2 2 1 2 2 2 2 2 2 1 1 2 1 2 2 1 2 2 1 1 0 2 1 2 2 2 1 1 1 2 2 2 2 2 1 2 2 2 2 1 2 2 2 2 2 1 2 1 2 2 2 1 2 2 3 3 2 2 2 2 2 1 1 2 1 2 2 2 2 2 2 1 2 2 2 2 2 1 2 1 2 2 2 2 1 1 2 1 1 2 1 2 1 2 1 1 1 2 2 2 2 1 2 3 1 1 1 2 2 2 3 2 2 2 2
4 2 4 3 2 2 3 2 2 3 3 3 4 2 2 2 2 2 3 2 4 3 2 2 3 3 3 4 2 3 3 2 2 3 3 3 3 2 3 3 3 3 3 3 2 2 3 2 3 2 2 3 3 2 2 2 0 2 3 4 3 2 2 2 3 3 4 3 2 2 4 3 3 3 2 3 3 3 3 3 2 4 2 4 2 3 2 3 2 4 4 4 4 3 3 2 2 2 3 2 2 3 4 3 2 3 2 4 3 3 4 3 2 3 2 2 3 4 4 2 2 3 2 2 3 2 4 2 2 2 2 2 3 3 3 3 2 3 4 2 2 2 3 4 3 4 3 4 3 3
3 2 3 2 1 1 2 1 2 2 2 2 3 1 1 2 1 1 2 2 3 2 1 2 2 2 2 2 2 2 2 1 2 2 2 2 2 1 2 2 2 2 2 2 1 1 2 1 2 2 1 2 2 1 2 1 2 0 2 2 2 2 1 1 2 2 3 2 2 1 2 2 2 2 1 2 2 2 2 2 1 2 1 3 2 2 1 2 2 3 3 3 3 2 2 2 2 1 2 1 2 2 3 2 2 2 1 2 2 2 3 2 1 2 1 2 2 3 3 1 1 2 2 1 2 1 3 1 2 1 1 1 2 2 2 2 1 2 3 1 1 1 2 2 2 3 2 3 2 2
5 3 4 4 3 2 4 3 3 4 3 4 4 3 2 3 3 2 3 3 5 4 2 3 4 4 4 4 3 4 4 2 3 3 3 3 4 3 4 3 3 4 4 4 2 3 4 2 4 3 2 3 4 2 3 2 3 2 0 4 3 3 2 2 3 4 4 3 3 2 4 3 4 3 2 4 4 4 4 4 2 4 2 4 3 4 3 4 3 5 5 4 4 3 3 3 3 3 4 2 3 4 5 3 3 4 2 4 3 3 4 3 2 3 2 3 3 4 5 2 3 4 3 2 3 2 5 2 3 3 2 2 4 4 3 4 3 3 5 3 2 3 4 4 4 5 4 4 4 3
5 3 5 4 3 2 4 3 3 4 3 4 5 3 2 3 3 2 4 3 5 4 2 3 4 4 4 5 3 4 4 2 3 4 3 4 4 3 4 4 4 4 4 4 2 3 4 2 4 3 2 4 4 2 3 2 4 2 4 0 4 3 2 2 4 4 5 4 3 2 5 3 4 4 2 4 4 4 4 4 2 5 2 5 3 4 3 4 3 5 5 5 5 4 3 3 3 3 4 2 3 4 5 4 3 4 2 5 3 3 5 4 2 4 2 3 3 5 5 2 3 4 3 2 4 2 5 2 3 3 2 2 4 4 3 4 3 4 5 3 2 3 4 5 4 5 4 5 4 4
4 2 4 3 2 2 3 2 3 3 3 3 4 2 2 2 2 2 3 3 4 3 2 2 3 4 4 4 2 3 3 2 3 3 3 3 3 2 3 3 3 3 3 3 2 2 3 2 3 3 2 3 4 2 2 2 3 2 3 4 0 2 2 2 3 3 4 3 3 2 4 3 3 3 2 3 3 3 4 3 2 4 2 4 3 3 2 3 3 4 4 4 4 3 3 3 2 2 4 2 3 3 4 3 3 4 2 4 3 3 4 3 2 3 2 3 3 4 4 2 2 4 2 2 3 2 4 2 3 2 2 2 4 4 3 3 2 3 4 2 2 2 4 4 3 4 3 4 3 3
3 2 3 3 2 1 3 2 2 3 2 3 3 2 1 2 2 1 2 2 3 3 1 2 3 3 3 3 2 3 3 1 2 2 2 2 3 2 3 2 2 3 3 3 1 2 3 1 3 2 1 2 3 1 2 1 2 2 3 3 2 0 1 1 2 3 3 2 2 1 3 2 3 2 1 3 3 3 3 3 2 3 1 3 2 3 2 3 2 3 3 3 3 2 2 2 2 2 3 1 2 3 3 2 2 3 2 3 2 2 3 2 2 2 1 2 2 3 3 1 2 3 2 2 2 1 3 2 2 2 1 2 3 3 2 3 2 2 3 2 2 2 3 3 3 3 3 3 3 2
3 1 2 2 1 1 2 1 2 2 2 2 2 1 1 1 1 1 2 2 2 2 1 1 2 2 2 2 1 2 2 1 2 2 2 2 2 1 2 2 2 2 2 2 1 1 2 1 2 2 1 2 2 1 1 1 2 1 2 2 2 1 0 1 2 2 2 2 2 1 2 2 2 2 1 2 2 2 2 2 1 2 1 2 2 2 1 2 2 3 3 2 2 2 2 2 1 1 2 1 2 2 2 2 2 2 1 2 2 2 2 2 1 2 1 2 2 2 2 1 1 2 1 1 2 1 2 1 2 1 1 1 2 2 2 2 1 2 3 1 1 1 2 2 2 3 2 2 2 2
3 1 2 2 1 1 2 1 2 2 2 2 2 1 1 1 1 1 2 2 2 2 1 1 2 2 2 2 1 2 2 1 2 2 2 2 2 1 2 2 2 2 2 2 1 1 2 1 2 2 1 2 2 1 1 1 2 1 2 2 2 1 1 0 2 2 2 2 2 1 2 2 2 2 1 2 2 2 2 2 1 2 1 2 2 2 1 2 2 3 3 2 2 2 2 2 1 1 2 1 2 2 2 2 2 2 1 2 2 2 2 2 1 2 1 2 2 2 2 1 1 2 1 1 2 1 2 1 2 1 1 1 2 2 2 2 1 2 3 1 1 1 2 2 2 3 2 2 2 2
4 2 4 3 2 2 3 2 3 3 3 3 4 2 2 2 2 2 3 3 4 3 2 2 3 4 4 4 2 3 3 2 3 3 3 3 3 2 3 3 3 3 3 3 2 2 3 2 3 3 2 3 4 2 2 2 3 2 3 4 3 2 2 2 0 3 4 3 3 2 4 3 3 3 2 3 3 3 4 3 2 4 2 4 3 3 2 3 3 4 4 4 4 3 3 3 2 2 4 2 3 3 4 3 3 4 2 4 3 3 4 3 2 3 2 3 3 4 4 2 2 4 2 2 3 2 4 2 3 2 2 2 4 4 3 3 2 3 4 2 2 2 4 4 3 4 3 4 3 3
4 3 4 4 3 2 4 3 3 4 3 4 4 3 2 3 3 2 3 3 4 4 2 3 3 4 4 4 3 3 3 2 3 3 3 3 4 2 4 3 3 4 4 4 2 2 4 2 4 3 2 3 4 2 3 2 3 2 4 4 3 3 2 2 3 0 4 3 3 2 4 3 4 3 2 4 3 4 4 3 2 4 2 4 3 3 3 3 3 4 4 4 4 3 3 3 3 3 4 2 3 4 4 3 3 4 2 4 3 3 4 3 2 3 2 3 3 4 4 2 2 4 3 2 3 2 4 2 3 2 2 2 4 4 3 4 3 3 4 2 2 3 4 4 4 4 4 4 4 3
5 3 5 4 3 2 4 3 3 4 3 4 5 3 2 3 3 2 4 3 5 4 2 3 4 4 4 5 3 4 4 2 3 4 3 4 4 3 4 4 4 4 4 4 2 3 4 2 4 3 2 4 4 2 3 2 4 3 4 5 4 3 2 2 4 4 0 4 3 2 5 3 4 4 2 4 4 4 4 4 3 5 2 5 3 4 3 4 3 5 5 5 5 4 3 3 3 3 4 2 3 4 5 4 3 4 3 5 3 3 5 4 3 4 2 3 3 5 5 2 3 4 3 3 4 2 5 3 3 3 2 3 4 4 3 4 3 4 5 3 3 3 4 5 4 5 4 5 4 4
4 2 4 3 2 2 3 2 2 3 3 3 4 2 2 2 2 2 3 2 4 3 2 2 3 3 3 4 2 3 3 2 2 3 3 3 3 2 3 3 3 3 3 3 2 2 3 2 3 2 2 3 3 2 2 2 3 2 3 4 3 2 2 2 3 3 4 0 2 2 4 3 3 3 2 3 3 3 3 3 2 4 2 4 2 3 2 3 2 4 4 4 4 3 3 2 2 2 3 2 2 3 4 3 2 3 2 4 3 3 4 3 2 3 2 2 3 4 4 2 2 3 2 2 3 2 4 2 2 2 2 2 3 3 3 3 2 3 4 2 2 2 3 4 3 4 3 4 3 3
4 2 3 3 2 1 3 2 2 3 2 3 3 2 1 2 2 1 2 2 3 3 2 2 3 3 3 3 2 3 3 1 2 3 2 3 3 2 3 3 2 3 3 3 1 2 3 1 3 2 2 3 3 2 2 2 2 2 3 3 3 2 2 2 3 3 3 2 0 1 3 2 3 2 2 3 3 3 3 3 2 3 2 3 2 3 2 3 2 4 4 3 3 2 2 2 2 2 3 1 2 3 3 3 2 3 2 3 2 2 3 2 2 3 1 2 2 3 3 2 2 3 2 2 3 1 3 2 2 2 2 2 3 3 2 3 2 3 4 2 2 2 3 3 3 4 3 3 3 3
2 1 2 2 1 1 2 1 1 2 1 2 2 1 1 1 1 1 2 1 2 2 1 1 2 2 2 2 1 2 2 1 1 2 1 2 2 1 2 2 2 2 2 2 1 1 2 1 2 1 1 2 2 1 1 1 2 1 2 2 2 1 1 1 2 2 2 2 1 0 2 1 2 2 1 2 2 2 2 2 1 2 1 2 1 2 1 2 1 2 2 2 2 2 1 1 1 1 2 1 1 2 2 2 1 2 1 2 1 1 2 2 1 2 1 1 1 2 2 1 1 2 1 1 2 1 2 1 1 1 1 1 2 2 1 2 1 2 2 1 1 1 2 2 2 2 2 2 2 2
5 3 5 4 3 2 4 3 3 4 3 4 5 3 2 3 3 2 4 3 5 4 2 3 4 4 4 5 3 4 4 2 3 4 3 4 4 3 4 4 4 4 4 4 2 3 4 2 4 3 2 4 4 2 3 2 4 2 4 5 4 3 2 2 4 4 5 4 3 2 0 3 4 4 2 4 4 4 4 4 2 5 2 5 3 4 3 4 3 5 5 5 5 4 3 3 3 3 4 2 3 4 5 4 3 4 2 5 3 3 5 4 2 4 2 3 3 5 5 2 3 4 3 2 4 2 5 2 3 3 2 2 4 4 3 4 3 4 5 3 2 3 4 5 4 5 4 5 4 4
4 2 3 3 2 1 3 2 2 3 3 3 3 2 1 2 2 1 3 2 4 3 2 2 3 3 3 3 2 3 3 1 2 3 3 3 3 2 3 3 3 3 3 3 1 2 3 1 3 2 2 3 3 2 2 2 3 2 3 3 3 2 2 2 3 3 3 3 2 1 3 0 3 3 2 3 3 3 3 3 2 3 2 4 2 3 2 3 2 4 4 4 3 3 3 2 2 2 3 1 2 3 4 3 2 3 2 3 3 3 3 3 2 3 1 2 3 4 4 2 2 3 2 2 3 1 4 2 2 2 2 2 3 3 3 3 2 3 4 2 2 2 3 3 3 4 3 3 3 3
5 3 4 4 3 2 4 3 3 4 3 4 4 3 2 3 3 2 3 3 5 4 2 3 4 4 4 4 3 4 4 2 3 3 3 3 4 3 4 3 3 4 4 4 2 3 4 2 4 3 2 3 4 2 3 2 3 2 4 4 3 3 2 2 3 4 4 3 3 2 4 3 0 3 2 4 4 4 4 4 2 4 2 4 3 4 3 4 3 5 5 4 4 3 3 3 3 3 4 2 3 4 5 3 3 4 2 4 3 3 4 3 2 3 2 3 3 4 5 2 3 4 3 2 3 2 5 2 3 3 2 2 4 4 3 4 3 3 5 3 2 3 4 4 4 5 4 4 4 3
4 2 4 3 2 2 3 2 2 3 3 3 4 2 2 2 2 2 3 2 4 3 2 2 3 3 3 4 2 3 3 2 2 3 3 3 3 2 3 3 3 3 3 3 2 2 3 2 3 2 2 3 3 2 2 2 3 2 3 4 3 2 2 2 3 3 4 3 2 2 4 3 3 0 2 3 3 3 3 3 2 4 2 4 2 3 2 3 2 4 4 4 4 3 3 2 2 2 3 2 2 3 4 3 2 3 2 4 3 3 4 3 2 3 2 2 3 4 4 2 2 3 2 2 3 2 4 2 2 2 2 2 3 3 3 3 2 3 4 2 2 2 3 4 3 4 3 4 3 3
3 1 2 2 1 1 2 1 2 2 2 2 2 1 1 1 1 1 2 2 2 2 1 1 2 2 2 2 1 2 2 1 2 2 2 2 2 1 2 2 2 2 2 2 1 1 2 1 2 2 1 2 2 1 1 1 2 1 2 2 2 1 1 1 2 2 2 2 2 1 2 2 2 2 0 2 2 2 2 2 1 2 1 2 2 2 1 2 2 3 3 2 2 2 2 2 1 1 2 1 2 2 2 2 2 2 1 2 2 2 2 2 1 2 1 2 2 2 2 1 1 2 1 1 2 1 2 1 2 1 1 1 2 2 2 2 1 2 3 1 1 1 2 2 2 3 2 2 2 2
5 3 4 4 3 2 4 3 3 4 3 4 4 3 2 3 3 2 3 3 5 4 2 3 4 4 4 4 3 4 4 2 3 3 3 3 4 3 4 3 3 4 4 4 2 3 4 2 4 3 2 3 4 2 3 2 3 2 4 4 3 3 2 2 3 4 4 3 3 2 4 3 4 3 2 0 4 4 4 4 2 4 2 4 3 4 3 4 3 5 5 4 4 3 3 3 3 3 4 2 3 4 5 3 3 4 2 4 3 3 4 3 2 3 2 3 3 4 5 2 3 4 3 2 3 2 5 2 3 3 2 2 4 4 3 4 3 3 5 3 2 3 4 4 4 5 4 4 4 3
4 3 4 4 2 2 3 2 3 3 3 3 4 2 2 3 2 2 3 3 4 4 2 3 3 4 4 4 3 3 3 2 3 3 3 3 4 2 3 3 3 4 3 3 2 2 4 2 3 3 2 3 4 2 3 2 3 2 4 4 3 3 2 2 3 3 4 3 3 2 4 3 4 3 2 4 0 3 4 3 2 4 2 4 3 3 2 3 3 4 4 4 4 3 3 3 3 2 4 2 3 3 4 3 3 4 2 4 3 3 4 3 2 3 2 3 3 4 4 2 2 4 3 2 3 2 4 2 3 2 2 2 4 4 3 4 2 3 4 2 2 2 4 4 3 4 4 4 4 3
4 3 4 4 3 2 4 3 3 4 3 4 4 3 2 3 3 2 3 3 4 4 2 3 3 4 4 4 3 3 3 2 3 3 3 3 4 2 4 3 3 4 4 4 2 2 4 2 4 3 2 3 4 2 3 2 3 2 4 4 3 3 2 2 3 4 4 3 3 2 4 3 4 3 2 4 3 0 4 3 2 4 2 4 3 3 3 3 3 4 4 4 4 3 3 3 3 3 4 2 3 4 4 3 3 4 2 4 3 3 4 3 2 3 2 3 3 4 4 2 2 4 3 2 3 2 4 2 3 2 2 2 4 4 3 4 3 3 4 2 2 3 4 4 4 4 4 4 4 3
5 3 4 4 3 2 4 3 3 4 3 4 4 3 2 3 3 2 3 3 5 4 2 3 4 4 4 4 3 4 4 2 3 4 3 4 4 3 4 4 3 4 4 4 2 3 4 2 4 3 2 4 4 2 3 2 3 2 4 4 4 3 2 2 4 4 4 3 3 2 4 3 4 3 2 4 4 4 0 4 2 4 2 5 3 4 3 4 3 5 5 5 4 3 3 3 3 3 4 2 3 4 5 4 3 4 2 4 3 3 4 3 2 4 2 3 3 5 5 2 3 4 3 2 4 2 5 2 3 3 2 2 4 4 3 4 3 4 5 3 2 3 4 4 4 5 4 4 4 4
4 3 4 4 2 2 3 2 3 3 3 3 4 2 2 3 2 2 3 3 4 4 2 3 3 4 4 4 3 3 3 2 3 3 3 3 4 2 3 3 3 4 3 3 2 2 4 2 3 3 2 3 4 2 3 2 3 2 4 4 3 3 2 2 3 3 4 3 3 2 4 3 4 3 2 4 3 3 4 0 2 4 2 4 3 3 2 3 3 4 4 4 4 3 3 3 3 2 4 2 3 3 4 3 3 4 2 4 3 3 4 3 2 3 2 3 3 4 4 2 2 4 3 2 3 2 4 2 3 2 2 2 4 4 3 4 2 3 4 2 2 2 4 4 3 4 4 4 4 3
3 2 3 2 1 1 2 1 2 2 2 2 3 1 1 2 1 1 2 2 3 2 1 2 2 2 2 2 2 2 2 1 2 2 2 2 2 1 2 2 2 2 2 2 1 1 2 1 2 2 1 2 2 1 2 1 2 1 2 2 2 2 1 1 2 2 3 2 2 1 2 2 2 2 1 2 2 2 2 2 0 2 1 3 2 2 1 2 2 3 3 3 3 2 2 2 2 1 2 1 2 2 3 2 2 2 1 2 2 2 3 2 1 2 1 2 2 3 3 1 1 2 2 1 2 1 3 1 2 1 1 1 2 2 2 2 1 2 3 1 1 1 2 2 2 3 2 3 2 2
5 3 5 4 3 2 4 3 3 4 3 4 5 3 2 3 3 2 4 3 5 4 2 3 4 4 4 5 3 4 4 2 3 4 3 4 4 3 4 4 4 4 4 4 2 3 4 2 4 3 2 4 4 2 3 2 4 2 4 5 4 3 2 2 4 4 5 4 3 2 5 3 4 4 2 4 4 4 4 4 2 0 2 5 3 4 3 4 3 5 5 5 5 4 3 3 3 3 4 2 3 4 5 4 3 4 2 5 3 3 5 4 2 4 2 3 3 5 5 2 3 4 3 2 4 2 5 2 3 3 2 2 4 4 3 4 3 4 5 3 2 3 4 5 4 5 4 5 4 4
3 1 2 2 1 1 2 1 2 2 2 2 2 1 1 1 1 1 2 2 2 2 1 1 2 2 2 2 1 2 2 1 2 2 2 2 2 1 2 2 2 2 2 2 1 1 2 1 2 2 1 2 2 1 1 1 2 1 2 2 2 1 1 1 2 2 2 2 2 1 2 2 2 2 1 2 2 2 2 2 1 2 0 2 2 2 1 2 2 3 3 2 2 2 2 2 1 1 2 1 2 2 2 2 2 2 1 2 2 2 2 2 1 2 1 2 2 2 2 1 1 2 1 1 2 1 2 1 2 1 1 1 2 2 2 2 1 2 3 1 1 1 2 2 2 3 2 2 2 2
5 3 5 4 3 2 4 3 3 4 4 4 5 3 2 3 3 2 4 3 5 4 2 3 4 5 5 5 3 4 4 2 3 4 4 4 4 3 4 4 4 4 4 4 2 3 4 2 4 3 2 4 5 2 3 2 4 3 4 5 4 3 2 2 4 4 5 4 3 2 5 4 4 4 2 4 4 4 5 4 3 5 2 0 3 4 3 4 3 5 5 5 5 4 4 3 3 3 5 2 3 4 5 4 3 5 3 5 4 4 5 4 3 4 2 3 4 5 5 2 3 5 3 3 4 2 5 3 3 3 2 3 5 5 4 4 3 4 5 3 3 3 5 5 4 5 4 5 4 4
4 2 3 3 2 1 3 2 2 3 2 3 3 2 1 2 2 1 2 2 3 3 2 2 3 3 3 3 2 3 3 1 2 3 2 3 3 2 3 3 2 3 3 3 1 2 3 1 3 2 2 3 3 2 2 2 2 2 3 3 3 2 2 2 3 3 3 2 2 1 3 2 3 2 2 3 3 3 3 3 2 3 2 3 0 3 2 3 2 4 4 3 3 2 2 2 2 2 3 1 2 3 3 3 2 3 2 3 2 2 3 2 2 3 1 2 2 3 3 2 2 3 2 2 3 1 3 2 2 2 2 2 3 3 2 3 2 3 4 2 2 2 3 3 3 4 3 3 3 3
4 3 4 4 2 2 3 2 3 3 3 3 4 2 2 3 2 2 3 3 4 4 2 3 3 4 4 4 3 3 3 2 3 3 3 3 4 2 3 3 3 4 3 3 2 2 4 2 3 3 2 3 4 2 3 2 3 2 4 4 3 3 2 2 3 3 4 3 3 2 4 3 4 3 2 4 3 3 4 3 2 4 2 4 3 0 2 3 3 4 4 4 4 3 3 3 3 2 4 2 3 3 4 3 3 4 2 4 3 3 4 3 2 3 2 3 3 4 4 2 2 4 3 2 3 2 4 2 3 2 2 2 4 4 3 4 2 3 4 2 2 2 4 4 3 4 4 4 4 3
3 2 3 3 2 1 3 2 2 3 2 3 3 2 1 2 2 1 2 2 3 3 1 2 2 3 3 3 2 2 2 1 2 2 2 2 3 2 3 2 2 3 3 3 1 2 3 1 3 2 1 2 3 1 2 1 2 1 3 3 2 2 1 1 2 3 3 2 2 1 3 2 3 2 1 3 2 3 3 2 1 3 1 3 2 2 0 2 2 3 3 3 3 2 2 2 2 2 3 1 2 3 3 2 2 3 1 3 2 2 3 2 1 2 1 2 2 3 3 1 2 3 2 1 2 1 3 1 2 2 1 1 3 3 2 3 2 2 3 2 1 2 3 3 3 3 3 3 3 2
4 3 4 4 2 2 3 2 3 3 3 3 4 2 2 3 2 2 3 3 4 4 2 3 3 4 4 4 3 3 3 2 3 3 3 3 4 2 3 3 3 4 3 3 2 2 4 2 3 3 2 3 4 2 3 2 3 2 4 4 3 3 2 2 3 3 4 3 3 2 4 3 4 3 2 4 3 3 4 3 2 4 2 4 3 3 2 0 3 4 4 4 4 3 3 3 3 2 4 2 3 3 4 3 3 4 2 4 3 3 4 3 2 3 2 3 3 4 4 2 2 4 3 2 3 2 4 2 3 2 2 2 4 4 3 4 2 3 4 2 2 2 4 4 3 4 4 4 4 3
4 2 3 3 2 1 3 2 2 3 2 3 3 2 1 2 2 1 2 2 3 3 2 2 3 3 3 3 2 3 3 1 2 3 2 3 3 2 3 3 2 3 3 3 1 2 3 1 3 2 2 3 3 2 2 2 2 2 3 3 3 2 2 2 3 3 3 2 2 1 3 2 3 2 2 3 3 3 3 3 2 3 2 3 2 3 2 3 0 4 4 3 3 2 2 2 2 2 3 1 2 3 3 3 2 3 2 3 2 2 3 2 2 3 1 2 2 3 3 2 2 3 2 2 3 1 3 2 2 2 2 2 3 3 2 3 2 3 4 2 2 2 3 3 3 4 3 3 3 3
6 3 5 5 3 2 4 3 4 4 4 5 5 3 2 3 3 2 4 4 5 5 3 3 4 5 5 5 3 4 4 2 4 4 4 4 5 3 4 4 4 5 4 4 2 3 5 2 4 4 3 4 5 3 3 3 4 3 5 5 4 3 3 3 4 4 5 4 4 2 5 4 5 4 3 5 4 4 5 4 3 5 3 5 4 4 3 4 4 0 6 5 5 4 4 4 3 3 5 2 4 4 5 4 4 5 3 5 4 4 5 4 3 4 2 4 4 5 5 3 3 5 3 3 4 2 5 3 4 3 3 3 5 5 4 5 3 4 6 3 3 3 5 5 5 6 5 5 5 4
6 3 5 5 3 2 4 3 4 4 4 5 5 3 2 3 3 2 4 4 5 5 3 3 4 5 5 5 3 4 4 2 4 4 4 4 5 3 4 4 4 5 4 4 2 3 5 2 4 4 3 4 5 3 3 3 4 3 5 5 4 3 3 3 4 4 5 4 4 2 5 4 5 4 3 5 4 4 5 4 3 5 3 5 4 4 3 4 4 6 0 5 5 4 4 4 3 3 5 2 4 4 5 4 4 5 3 5 4 4 5 4 3 4 2 4 4 5 5 3 3 5 3 3 4 2 5 3 4 3 3 3 5 5 4 5 3 4 6 3 3 3 5 5 5 6 5 5 5 4
5 3 5 4 3 2 4 3 3 4 4 4 5 3 2 3 3 2 4 3 5 4 2 3 4 5 5 5 3 4 4 2 3 4 4 4 4 3 4 4 4 4 4 4 2 3 4 2 4 3 2 4 5 2 3 2 4 3 4 5 4 3 2 2 4 4 5 4 3 2 5 4 4 4 2 4 4 4 5 4 3 5 2 5 3 4 3 4 3 5 5 0 5 4 4 3 3 3 5 2 3 4 5 4 3 5 3 5 4 4 5 4 3 4 2 3 4 5 5 2 3 5 3 3 4 2 5 3 3 3 2 3 5 5 4 4 3 4 5 3 3 3 5 5 4 5 4 5 4 4
5 3 5 4 3 2 4 3 3 4 3 4 5 3 2 3 3 2 4 3 5 4 2 3 4 4 4 5 3 4 4 2 3 4 3 4 4 3 4 4 4 4 4 4 2 3 4 2 4 3 2 4 4 2 3 2 4 3 4 5 4 3 2 2 4 4 5 4 3 2 5 3 4 4 2 4 4 4 4 4 3 5 2 5 3 4 3 4 3 5 5 5 0 4 3 3 3 3 4 2 3 4 5 4 3 4 3 5 3 3 5 4 3 4 2 3 3 5 5 2 3 4 3 3 4 2 5 3 3 3 2 3 4 4 3 4 3 4 5 3 3 3 4 5 4 5 4 5 4 4
4 2 4 3 2 2 3 2 2 3 3 3 4 2 2 2 2 2 3 2 4 3 2 2 3 3 3 4 2 3 3 2 2 3 3 3 3 2 3 3 3 3 3 3 2 2 3 2 3 2 2 3 3 2 2 2 3 2 3 4 3 2 2 2 3 3 4 3 2 2 4 3 3 3 2 3 3 3 3 3 2 4 2 4 2 3 2 3 2 4 4 4 4 0 3 2 2 2 3 2 2 3 4 3 2 3 2 4 3 3 4 3 2 3 2 2 3 4 4 2 2 3 2 2 3 2 4 2 2 2 2 2 3 3 3 3 2 3 4 2 2 2 3 4 3 4 3 4 3 3
4 2 3 3 2 1 3 2 2 3 3 3 3 2 1 2 2 1 3 2 4 3 2 2 3 3 3 3 2 3 3 1 2 3 3 3 3 2 3 3 3 3 3 3 1 2 3 1 3 2 2 3 3 2 2 2 3 2 3 3 3 2 2 2 3 3 3 3 2 1 3 3 3 3 2 3 3 3 3 3 2 3 2 4 2 3 2 3 2 4 4 4 3 3 0 2 2 2 3 1 2 3 4 3 2 3 2 3 3 3 3 3 2 3 1 2 3 4 4 2 2 3 2 2 3 1 4 2 2 2 2 2 3 3 3 3 2 3 4 2 2 2 3 3 3 4 3 3 3 3
4 2 3 3 2 1 3 2 2 3 2 3 3 2 1 2 2 1 2 2 3 3 2 2 3 3 3 3 2 3 3 1 2 3 2 3 3 2 3 3 2 3 3 3 1 2 3 1 3 2 2 3 3 2 2 2 2 2 3 3 3 2 2 2 3 3 3 2 2 1 3 2 3 2 2 3 3 3 3 3 2 3 2 3 2 3 2 3 2 4 4 3 3 2 2 0 2 2 3 1 2 3 3 3 2 3 2 3 2 2 3 2 2 3 1 2 2 3 3 2 2 3 2 2 3 1 3 2 2 2 2 2 3 3 2 3 2 3 4 2 2 2 3 3 3 4 3 3 3 3
3 2 3 3 2 1 3 2 2 3 2 3 3 2 1 2 2 1 2 2 3 3 1 2 3 3 3 3 2 3 3 1 2 2 2 2 3 2 3 2 2 3 3 3 1 2 3 1 3 2 1 2 3 1 2 1 2 2 3 3 2 2 1 1 2 3 3 2 2 1 3 2 3 2 1 3 3 3 3 3 2 3 1 3 2 3 2 3 2 3 3 3 3 2 2 2 0 2 3 1 2 3 3 2 2 3 2 3 2 2 3 2 2 2 1 2 2 3 3 1 2 3 2 2 2 1 3 2 2 2 1 2 3 3 2 3 2 2 3 2 2 2 3 3 3 3 3 3 3 2
3 2 3 3 2 1 3 2 2 3 2 3 3 2 1 2 2 1 2 2 3 3 1 2 2 3 3 3 2 2 2 1 2 2 2 2 3 2 3 2 2 3 3 3 1 2 3 1 3 2 1 2 3 1 2 1 2 1 3 3 2 2 1 1 2 3 3 2 2 1 3 2 3 2 1 3 2 3 3 2 1 3 1 3 2 2 2 2 2 3 3 3 3 2 2 2 2 0 3 1 2 3 3 2 2 3 1 3 2 2 3 2 1 2 1 2 2 3 3 1 2 3 2 1 2 1 3 1 2 2 1 1 3 3 2 3 2 2 3 2 1 2 3 3 3 3 3 3 3 2
5 3 4 4 3 2 4 3 3 4 3 4 4 3 2 3 3 2 3 3 5 4 2 3 4 4 4 4 3 4 4 2 3 4 3 4 4 3 4 4 3 4 4 4 2 3 4 2 4 3 2 4 4 2 3 2 3 2 4 4 4 3 2 2 4 4 4 3 3 2 4 3 4 3 2 4 4 4 4 4 2 4 2 5 3 4 3 4 3 5 5 5 4 3 3 3 3 3 0 2 3 4 5 4 3 4 2 4 3 3 4 3 2 4 2 3 3 5 5 2 3 4 3 2 4 2 5 2 3 3 2 2 4 4 3 4 3 4 5 3 2 3 4 4 4 5 4 4 4 4
2 1 2 2 1 1 2 1 1 2 1 2 2 1 1 1 1 1 2 1 2 2 1 1 2 2 2 2 1 2 2 1 1 2 1 2 2 1 2 2 2 2 2 2 1 1 2 1 2 1 1 2 2 1 1 1 2 1 2 2 2 1 1 1 2 2 2 2 1 1 2 1 2 2 1 2 2 2 2 2 1 2 1 2 1 2 1 2 1 2 2 2 2 2 1 1 1 1 2 0 1 2 2 2 1 2 1 2 1 1 2 2 1 2 1 1 1 2 2 1 1 2 1 1 2 1 2 1 1 1 1 1 2 2 1 2 1 2 2 1 1 1 2 2 2 2 2 2 2 2
4 2 3 3 2 1 3 2 2 3 2 3 3 2 1 2 2 1 2 2 3 3 2 2 3 3 3 3 2 3 3 1 2 3 2 3 3 2 3 3 2 3 3 3 1 2 3 1 3 2 2 3 3 2 2 2 2 2 3 3 3 2 2 2 3 3 3 2 2 1 3 2 3 2 2 3 3 3 3 3 2 3 2 3 2 3 2 3 2 4 4 3 3 2 2 2 2 2 3 1 0 3 3 3 2 3 2 3 2 2 3 2 2 3 1 2 2 3 3 2 2 3 2 2 3 1 3 2 2 2 2 2 3 3 2 3 2 3 4 2 2 2 3 3 3 4 3 3 3 3
4 3 4 4 3 2 4 3 3 4 3 4 4 3 2 3 3 2 3 3 4 4 2 3 3 4 4 4 3 3 3 2 3 3 3 3 4 2 4 3 3 4 4 4 2 2 4 2 4 3 2 3 4 2 3 2 3 2 4 4 3 3 2 2 3 4 4 3 3 2 4 3 4 3 2 4 3 4 4 3 2 4 2 4 3 3 3 3 3 4 4 4 4 3 3 3 3 3 4 2 3 0 4 3 3 4 2 4 3 3 4 3 2 3 2 3 3 4 4 2 2 4 3 2 3 2 4 2 3 2 2 2 4 4 3 4 3 3 4 2 2 3 4 4 4 4 4 4 4 3
5 3 5 5 3 2 4 3 3 4 4 4 5 3 2 3 3 2 4 3 5 5 2 3 4 5 5 5 3 4 4 2 3 4 4 4 5 3 4 4 4 5 4 4 2 3 5 2 4 3 2 4 5 2 3 2 4 3 5 5 4 3 2 2 4 4 5 4 3 2 5 4 5 4 2 5 4 4 5 4 3 5 2 5 3 4 3 4 3 5 5 5 5 4 4 3 3 3 5 2 3 4 0 4 3 5 3 5 4 4 5 4 3 4 2 3 4 5 5 2 3 5 3 3 4 2 5 3 3 3 2 3 5 5 4 5 3 4 5 3 3 3 5 5 4 5 5 5 5 4
4 2 4 3 2 2 3 2 3 3 3 3 4 2 2 2 2 2 3 3 4 3 2 2 3 4 4 4 2 3 3 2 3 3 3 3 3 2 3 3 3 3 3 3 2 2 3 2 3 3 2 3 4 2 2 2 3 2 3 4 3 2 2 2 3 3 4 3 3 2 4 3 3 3 2 3 3 3 4 3 2 4 2 4 3 3 2 3 3 4 4 4 4 3 3 3 2 2 4 2 3 3 4 0 3 4 2 4 3 3 4 3 2 3 2 3 3 4 4 2 2 4 2 2 3 2 4 2 3 2 2 2 4 4 3 3 2 3 4 2 2 2 4 4 3 4 3 4 3 3
4 2 3 3 2 1 3 2 2 3 2 3 3 2 1 2 2 1 2 2 3 3 2 2 3 3 3 3 2 3 3 1 2 3 2 3 3 2 3 3 2 3 3 3 1 2 3 1 3 2 2 3 3 2 2 2 2 2 3 3 3 2 2 2 3 3 3 2 2 1 3 2 3 2 2 3 3 3 3 3 2 3 2 3 2 3 2 3 2 4 4 3 3 2 2 2 2 2 3 1 2 3 3 3 0 3 2 3 2 2 3 2 2 3 1 2 2 3 3 2 2 3 2 2 3 1 3 2 2 2 2 2 3 3 2 3 2 3 4 2 2 2 3 3 3 4 3 3 3 3
5 3 4 4 3 2 4 3 3 4 3 4 4 3 2 3 3 2 3 3 5 4 2 3 4 4 4 4 3 4 4 2 3 4 3 4 4 3 4 4 3 4 4 4 2 3 4 2 4 3 2 4 4 2 3 2 3 2 4 4 4 3 2 2 4 4 4 3 3 2 4 3 4 3 2 4 4 4 4 4 2 4 2 5 3 4 3 4 3 5 5 5 4 3 3 3 3 3 4 2 3 4 5 4 3 0 2 4 3 3 4 3 2 4 2 3 3 5 5 2 3 4 3 2 4 2 5 2 3 3 2 2 4 4 3 4 3 4 5 3 2 3 4 4 4 5 4 4 4 4
3 2 3 2 1 1 2 1 2 2 2 2 3 1 1 2 1 1 2 2 3 2 1 2 2 2 2 2 2 2 2 1 2 2 2 2 2 1 2 2 2 2 2 2 1 1 2 1 2 2 1 2 2 1 2 1 2 1 2 2 2 2 1 1 2 2 3 2 2 1 2 2 2 2 1 2 2 2 2 2 1 2 1 3 2 2 1 2 2 3 3 3 3 2 2 2 2 1 2 1 2 2 3 2 2 2 0 2 2 2 3 2 1 2 1 2 2 3 3 1 1 2 2 1 2 1 3 1 2 1 1 1 2 2 2 2 1 2 3 1 1 1 2 2 2 3 2 3 2 2
5 3 5 4 3 2 4 3 3 4 3 4 5 3 2 3 3 2 4 3 5 4 2 3 4 4 4 5 3 4 4 2 3 4 3 4 4 3 4 4 4 4 4 4 2 3 4 2 4 3 2 4 4 2 3 2 4 2 4 5 4 3 2 2 4 4 5 4 3 2 5 3 4 4 2 4 4 4 4 4 2 5 2 5 3 4 3 4 3 5 5 5 5 4 3 3 3 3 4 2 3 4 5 4 3 4 2 0 3 3 5 4 2 4 2 3 3 5 5 2 3 4 3 2 4 2 5 2 3 3 2 2 4 4 3 4 3 4 5 3 2 3 4 5 4 5 4 5 4 4
4 2 3 3 2 1 3 2 2 3 3 3 3 2 1 2 2 1 3 2 4 3 2 2 3 3 3 3 2 3 3 1 2 3 3 3 3 2 3 3 3 3 3 3 1 2 3 1 3 2 2 3 3 2 2 2 3 2 3 3 3 2 2 2 3 3 3 3 2 1 3 3 3 3 2 3 3 3 3 3 2 3 2 4 2 3 2 3 2 4 4 4 3 3 3 2 2 2 3 1 2 3 4 3 2 3 2 3 0 3 3 3 2 3 1 2 3 4 4 2 2 3 2 2 3 1 4 2 2 2 2 2 3 3 3 3 2 3 4 2 2 2 3 3 3 4 3 3 3 3
4 2 3 3 2 1 3 2 2 3 3 3 3 2 1 2 2 1 3 2 4 3 2 2 3 3 3 3 2 3 3 1 2 3 3 3 3 2 3 3 3 3 3 3 1 2 3 1 3 2 2 3 3 2 2 2 3 2 3 3 3 2 2 2 3 3 3 3 2 1 3 3 3 3 2 3 3 3 3 3 2 3 2 4 2 3 2 3 2 4 4 4 3 3 3 2 2 2 3 1 2 3 4 3 2 3 2 3 3 0 3 3 2 3 1 2 3 4 4 2 2 3 2 2 3 1 4 2 2 2 2 2 3 3 3 3 2 3 4 2 2 2 3 3 3 4 3 3 3 3
5 3 5 4 3 2 4 3 3 4 3 4 5 3 2 3 3 2 4 3 5 4 2 3 4 4 4 5 3 4 4 2 3 4 3 4 4 3 4 4 4 4 4 4 2 3 4 2 4 3 2 4 4 2 3 2 4 3 4 5 4 3 2 2 4 4 5 4 3 2 5 3 4 4 2 4 4 4 4 4 3 5 2 5 3 4 3 4 3 5 5 5 5 4 3 3 3 3 4 2 3 4 5 4 3 4 3 5 3 3 0 4 3 4 2 3 3 5 5 2 3 4 3 3 4 2 5 3 3 3 2 3 4 4 3 4 3 4 5 3 3 3 4 5 4 5 4 5 4 4
4 2 4 3 2 2 3 2 2 3 3 3 4 2 2 2 2 2 3 2 4 3 2 2 3 3 3 4 2 3 3 2 2 3 3 3 3 2 3 3 3 3 3 3 2 2 3 2 3 2 2 3 3 2 2 2 3 2 3 4 3 2 2 2 3 3 4 3 2 2 4 3 3 3 2 3 3 3 3 3 2 4 2 4 2 3 2 3 2 4 4 4 4 3 3 2 2 2 3 2 2 3 4 3 2 3 2 4 3 3 4 0 2 3 2 2 3 4 4 2 2 3 2 2 3 2 4 2 2 2 2 2 3 3 3 3 2 3 4 2 2 2 3 4 3 4 3 4 3 3
3 2 3 2 1 1 2 1 2 2 2 2 3 1 1 2 1 1 2 2 3 2 1 2 2 2 2 2 2 2 2 1 2 2 2 2 2 1 2 2 2 2 2 2 1 1 2 1 2 2 1 2 2 1 2 1 2 1 2 2 2 2 1 1 2 2 3 2 2 1 2 2 2 2 1 2 2 2 2 2 1 2 1 3 2 2 1 2 2 3 3 3 3 2 2 2 2 1 2 1 2 2 3 2 2 2 1 2 2 2 3 2 0 2 1 2 2 3 3 1 1 2 2 1 2 1 3 1 2 1 1 1 2 2 2 2 1 2 3 1 1 1 2 2 2 3 2 3 2 2
4 2 4 3 2 2 3 2 3 3 3 3 4 2 2 2 2 2 3 3 4 3 2 2 3 4 4 4 2 3 3 2 3 3 3 3 3 2 3 3 3 3 3 3 2 2 3 2 3 3 2 3 4 2 2 2 3 2 3 4 3 2 2 2 3 3 4 3 3 2 4 3 3 3 2 3 3 3 4 3 2 4 2 4 3 3 2 3 3 4 4 4 4 3 3 3 2 2 4 2 3 3 4 3 3 4 2 4 3 3 4 3 2 0 2 3 3 4 4 2 2 4 2 2 3 2 4 2 3 2 2 2 4 4 3 3 2 3 4 2 2 2 4 4 3 4 3 4 3 3
2 1 2 2 1 1 2 1 1 2 1 2 2 1 1 1 1 1 2 1 2 2 1 1 2 2 2 2 1 2 2 1 1 2 1 2 2 1 2 2 2 2 2 2 1 1 2 1 2 1 1 2 2 1 1 1 2 1 2 2 2 1 1 1 2 2 2 2 1 1 2 1 2 2 1 2 2 2 2 2 1 2 1 2 1 2 1 2 1 2 2 2 2 2 1 1 1 1 2 1 1 2 2 2 1 2 1 2 1 1 2 2 1 2 0 1 1 2 2 1 1 2 1 1 2 1 2 1 1 1 1 1 2 2 1 2 1 2 2 1 1 1 2 2 2 2 2 2 2 2
4 2 3 3 2 1 3 2 2 3 2 3 3 2 1 2 2 1 2 2 3 3 2 2 3 3 3 3 2 3 3 1 2 3 2 3 3 2 3 3 2 3 3 3 1 2 3 1 3 2 2 3 3 2 2 2 2 2 3 3 3 2 2 2 3 3 3 2 2 1 3 2 3 2 2 3 3 3 3 3 2 3 2 3 2 3 2 3 2 4 4 3 3 2 2 2 2 2 3 1 2 3 3 3 2 3 2 3 2 2 3 2 2 3 1 0 2 3 3 2 2 3 2 2 3 1 3 2 2 2 2 2 3 3 2 3 2 3 4 2 2 2 3 3 3 4 3 3 3 3
4 2 3 3 2 1 3 2 2 3 3 3 3 2 1 2 2 1 3 2 4 3 2 2 3 3 3 3 2 3 3 1 2 3 3 3 3 2 3 3 3 3 3 3 1 2 3 1 3 2 2 3 3 2 2 2 3 2 3 3 3 2 2 2 3 3 3 3 2 1 3 3 3 3 2 3 3 3 3 3 2 3 2 4 2 3 2 3 2 4 4 4 3 3 3 2 2 2 3 1 2 3 4 3 2 3 2 3 3 3 3 3 2 3 1 2 0 4 4 2 2 3 2 2 3 1 4 2 2 2 2 2 3 3 3 3 2 3 4 2 2 2 3 3 3 4 3 3 3 3
5 3 5 4 3 2 4 3 3 4 4 4 5 3 2 3 3 2 4 3 5 4 2 3 4 5 5 5 3 4 4 2 3 4 4 4 4 3 4 4 4 4 4 4 2 3 4 2 4 3 2 4 5 2 3 2 4 3 4 5 4 3 2 2 4 4 5 4 3 2 5 4 4 4 2 4 4 4 5 4 3 5 2 5 3 4 3 4 3 5 5 5 5 4 4 3 3 3 5 2 3 4 5 4 3 5 3 5 4 4 5 4 3 4 2 3 4 0 5 2 3 5 3 3 4 2 5 3 3 3 2 3 5 5 4 4 3 4 5 3 3 3 5 5 4 5 4 5 4 4
5 3 5 5 3 2 4 3 3 4 4 4 5 3 2 3 3 2 4 3 5 5 2 3 4 5 5 5 3 4 4 2 3 4 4 4 5 3 4 4 4 5 4 4 2 3 5 2 4 3 2 4 5 2 3 2 4 3 5 5 4 3 2 2 4 4 5 4 3 2 5 4 5 4 2 5 4 4 5 4 3 5 2 5 3 4 3 4 3 5 5 5 5 4 4 3 3 3 5 2 3 4 5 4 3 5 3 5 4 4 5 4 3 4 2 3 4 5 0 2 3 5 3 3 4 2 5 3 3 3 2 3 5 5 4 5 3 4 5 3 3 3 5 5 4 5 5 5 5 4
3 1 2 2 1 1 2 1 2 2 2 2 2 1 1 1 1 1 2 2 2 2 1 1 2 2 2 2 1 2 2 1 2 2 2 2 2 1 2 2 2 2 2 2 1 1 2 1 2 2 1 2 2 1 1 1 2 1 2 2 2 1 1 1 2 2 2 2 2 1 2 2 2 2 1 2 2 2 2 2 1 2 1 2 2 2 1 2 2 3 3 2 2 2 2 2 1 1 2 1 2 2 2 2 2 2 1 2 2 2 2 2 1 2 1 2 2 2 2 0 1 2 1 1 2 1 2 1 2 1 1 1 2 2 2 2 1 2 3 1 1 1 2 2 2 3 2 2 2 2
3 2 3 3 2 1 2 2 2 2 2 2 3 2 1 2 2 1 2 2 3 3 1 2 2 3 3 3 2 2 2 1 2 2 2 2 3 2 2 2 2 3 2 2 1 2 3 1 2 2 1 2 3 1 2 1 2 1 3 3 2 2 1 1 2 2 3 2 2 1 3 2 3 2 1 3 2 2 3 2 1 3 1 3 2 2 2 2 2 3 3 3 3 2 2 2 2 2 3 1 2 2 3 2 2 3 1 3 2 2 3 2 1 2 1 2 2 3 3 1 0 3 2 1 2 1 3 1 2 2 1 1 3 3 2 3 2 2 3 2 1 2 3 3 2 3 3 3 3 2
5 3 4 4 3 2 4 3 3 4 3 4 4 3 2 3 3 2 3 3 5 4 2 3 4 4 4 4 3 4 4 2 3 4 3 4 4 3 4 4 3 4 4 4 2 3 4 2 4 3 2 4 4 2 3 2 3 2 4 4 4 3 2 2 4 4 4 3 3 2 4 3 4 3 2 4 4 4 4 4 2 4 2 5 3 4 3 4 3 5 5 5 4 3 3 3 3 3 4 2 3 4 5 4 3 4 2 4 3 3 4 3 2 4 2 3 3 5 5 2 3 0 3 2 4 2 5 2 3 3 2 2 4 4 3 4 3 4 5 3 2 3 4 4 4 5 4 4 4 4
3 2 3 3 2 1 3 2 2 3 2 3 3 2 1 2 2 1 2 2 3 3 1 2 3 3 3 3 2 3 3 1 2 2 2 2 3 2 3 2 2 3 3 3 1 2 3 1 3 2 1 2 3 1 2 1 2 2 3 3 2 2 1 1 2 3 3 2 2 1 3 2 3 2 1 3 3 3 3 3 2 3 1 3 2 3 2 3 2 3 3 3 3 2 2 2 2 2 3 1 2 3 3 2 2 3 2 3 2 2 3 2 2 2 1 2 2 3 3 1 2 3 0 2 2 1 3 2 2 2 1 2 3 3 2 3 2 2 3 2 2 2 3 3 3 3 3 3 3 2
3 2 3 2 1 1 2 1 2 2 2 2 3 1 1 2 1 1 2 2 3 2 1 2 2 2 2 2 2 2 2 1 2 2 2 2 2 1 2 2 2 2 2 2 1 1 2 1 2 2 1 2 2 1 2 1 2 1 2 2 2 2 1 1 2 2 3 2 2 1 2 2 2 2 1 2 2 2 2 2 1 2 1 3 2 2 1 2 2 3 3 3 3 2 2 2 2 1 2 1 2 2 3 2 2 2 1 2 2 2 3 2 1 2 1 2 2 3 3 1 1 2 2 0 2 1 3 1 2 1 1 1 2 2 2 2 1 2 3 1 1 1 2 2 2 3 2 3 2 2
4 2 4 3 2 2 3 2 3 3 3 3 4 2 2 2 2 2 3 3 4 3 2 2 3 4 4 4 2 3 3 2 3 3 3 3 3 2 3 3 3 3 3 3 2 2 3 2 3 3 2 3 4 2 2 2 3 2 3 4 3 2 2 2 3 3 4 3 3 2 4 3 3 3 2 3 3 3 4 3 2 4 2 4 3 3 2 3 3 4 4 4 4 3 3 3 2 2 4 2 3 3 4 3 3 4 2 4 3 3 4 3 2 3 2 3 3 4 4 2 2 4 2 2 0 2 4 2 3 2 2 2 4 4 3 3 2 3 4 2 2 2 4 4 3 4 3 4 3 3
2 1 2 2 1 1 2 1 1 2 1 2 2 1 1 1 1 1 2 1 2 2 1 1 2 2 2 2 1 2 2 1 1 2 1 2 2 1 2 2 2 2 2 2 1 1 2 1 2 1 1 2 2 1 1 1 2 1 2 2 2 1 1 1 2 2 2 2 1 1 2 1 2 2 1 2 2 2 2 2 1 2 1 2 1 2 1 2 1 2 2 2 2 2 1 1 1 1 2 1 1 2 2 2 1 2 1 2 1 1 2 2 1 2 1 1 1 2 2 1 1 2 1 1 2 0 2 1 1 1 1 1 2 2 1 2 1 2 2 1 1 1 2 2 2 2 2 2 2 2
5 3 5 5 3 2 4 3 3 4 4 4 5 3 2 3 3 2 4 3 5 5 2 3 4 5 5 5 3 4 4 2 3 4 4 4 5 3 4 4 4 5 4 4 2 3 5 2 4 3 2 4 5 2 3 2 4 3 5 5 4 3 2 2 4 4 5 4 3 2 5 4 5 4 2 5 4 4 5 4 3 5 2 5 3 4 3 4 3 5 5 5 5 4 4 3 3 3 5 2 3 4 5 4 3 5 3 5 4 4 5 4 3 4 2 3 4 5 5 2 3 5 3 3 4 2 0 3 3 3 2 3 5 5 4 5 3 4 5 3 3 3 5 5 4 5 5 5 5 4
3 2 3 2 1 1 2 1 2 2 2 2 3 1 1 2 1 1 2 2 3 2 1 2 2 2 2 2 2 2 2 1 2 2 2 2 2 1 2 2 2 2 2 2 1 1 2 1 2 2 1 2 2 1 2 1 2 1 2 2 2 2 1 1 2 2 3 2 2 1 2 2 2 2 1 2 2 2 2 2 1 2 1 3 2 2 1 2 2 3 3 3 3 2 2 2 2 1 2 1 2 2 3 2 2 2 1 2 2 2 3 2 1 2 1 2 2 3 3 1 1 2 2 1 2 1 3 0 2 1 1 1 2 2 2 2 1 2 3 1 1 1 2 2 2 3 2 3 2 2
4 2 3 3 2 1 3 2 2 3 2 3 3 2 1 2 2 1 2 2 3 3 2 2 3 3 3 3 2 3 3 1 2 3 2 3 3 2 3 3 2 3 3 3 1 2 3 1 3 2 2 3 3 2 2 2 2 2 3 3 3 2 2 2 3 3 3 2 2 1 3 2 3 2 2 3 3 3 3 3 2 3 2 3 2 3 2 3 2 4 4 3 3 2 2 2 2 2 3 1 2 3 3 3 2 3 2 3 2 2 3 2 2 3 1 2 2 3 3 2 2 3 2 2 3 1 3 2 0 2 2 2 3 3 2 3 2 3 4 2 2 2 3 3 3 4 3 3 3 3
3 2 3 3 2 1 2 2 2 2 2 2 3 2 1 2 2 1 2 2 3 3 1 2 2 3 3 3 2 2 2 1 2 2 2 2 3 2 2 2 2 3 2 2 1 2 3 1 2 2 1 2 3 1 2 1 2 1 3 3 2 2 1 1 2 2 3 2 2 1 3 2 3 2 1 3 2 2 3 2 1 3 1 3 2 2 2 2 2 3 3 3 3 2 2 2 2 2 3 1 2 2 3 2 2 3 1 3 2 2 3 2 1 2 1 2 2 3 3 1 2 3 2 1 2 1 3 1 2 0 1 1 3 3 2 3 2 2 3 2 1 2 3 3 2 3 3 3 3 2
3 1 2 2 1 1 2 1 2 2 2 2 2 1 1 1 1 1 2 2 2 2 1 1 2 2 2 2 1 2 2 1 2 2 2 2 2 1 2 2 2 2 2 2 1 1 2 1 2 2 1 2 2 1 1 1 2 1 2 2 2 1 1 1 2 2 2 2 2 1 2 2 2 2 1 2 2 2 2 2 1 2 1 2 2 2 1 2 2 3 3 2 2 2 2 2 1 1 2 1 2 2 2 2 2 2 1 2 2 2 2 2 1 2 1 2 2 2 2 1 1 2 1 1 2 1 2 1 2 1 0 1 2 2 2 2 1 2 3 1 1 1 2 2 2 3 2 2 2 2
3 2 3 2 1 1 2 1 2 2 2 2 3 1 1 2 1 1 2 2 3 2 1 2 2 2 2 2 2 2 2 1 2 2 2 2 2 1 2 2 2 2 2 2 1 1 2 1 2 2 1 2 2 1 2 1 2 1 2 2 2 2 1 1 2 2 3 2 2 1 2 2 2 2 1 2 2 2 2 2 1 2 1 3 2 2 1 2 2 3 3 3 3 2 2 2 2 1 2 1 2 2 3 2 2 2 1 2 2 2 3 2 1 2 1 2 2 3 3 1 1 2 2 1 2 1 3 1 2 1 1 0 2 2 2 2 1 2 3 1 1 1 2 2 2 3 2 3 2 2
5 3 4 4 3 2 4 3 3 4 3 4 4 3 2 3 3 2 3 3 5 4 2 3 4 4 4 4 3 4 4 2 3 4 3 4 4 3 4 4 3 4 4 4 2 3 4 2 4 3 2 4 4 2 3 2 3 2 4 4 4 3 2 2 4 4 4 3 3 2 4 3 4 3 2 4 4 4 4 4 2 4 2 5 3 4 3 4 3 5 5 5 4 3 3 3 3 3 4 2 3 4 5 4 3 4 2 4 3 3 4 3 2 4 2 3 3 5 5 2 3 4 3 2 4 2 5 2 3 3 2 2 0 4 3 4 3 4 5 3 2 3 4 4 4 5 4 4 4 4
5 3 4 4 3 2 4 3 3 4 3 4 4 3 2 3 3 2 3 3 5 4 2 3 4 4 4 4 3 4 4 2 3 4 3 4 4 3 4 4 3 4 4 4 2 3 4 2 4 3 2 4 4 2 3 2 3 2 4 4 4 3 2 2 4 4 4 3 3 2 4 3 4 3 2 4 4 4 4 4 2 4 2 5 3 4 3 4 3 5 5 5 4 3 3 3 3 3 4 2 3 4 5 4 3 4 2 4 3 3 4 3 2 4 2 3 3 5 5 2 3 4 3 2 4 2 5 2 3 3 2 2 4 0 3 4 3 4 5 3 2 3 4 4 4 5 4 4 4 4
4 2 3 3 2 1 3 2 2 3 3 3 3 2 1 2 2 1 3 2 4 3 2 2 3 3 3 3 2 3 3 1 2 3 3 3 3 2 3 3 3 3 3 3 1 2 3 1 3 2 2 3 3 2 2 2 3 2 3 3 3 2 2 2 3 3 3 3 2 1 3 3 3 3 2 3 3 3 3 3 2 3 2 4 2 3 2 3 2 4 4 4 3 3 3 2 2 2 3 1 2 3 4 3 2 3 2 3 3 3 3 3 2 3 1 2 3 4 4 2 2 3 2 2 3 1 4 2 2 2 2 2 3 3 0 3 2 3 4 2 2 2 3 3 3 4 3 3 3 3
5 3 4 4 3 2 4 3 3 4 3 4 4 3 2 3 3 2 3 3 5 4 2 3 4 4 4 4 3 4 4 2 3 3 3 3 4 3 4 3 3 4 4 4 2 3 4 2 4 3 2 3 4 2 3 2 3 2 4 4 3 3 2 2 3 4 4 3 3 2 4 3 4 3 2 4 4 4 4 4 2 4 2 4 3 4 3 4 3 5 5 4 4 3 3 3 3 3 4 2 3 4 5 3 3 4 2 4 3 3 4 3 2 3 2 3 3 4 5 2 3 4 3 2 3 2 5 2 3 3 2 2 4 4 3 0 3 3 5 3 2 3 4 4 4 5 4 4 4 3
3 2 3 3 2 1 3 2 2 3 2 3 3 2 1 2 2 1 2 2 3 3 1 2 2 3 3 3 2 2 2 1 2 2 2 2 3 2 3 2 2 3 3 3 1 2 3 1 3 2 1 2 3 1 2 1 2 1 3 3 2 2 1 1 2 3 3 2 2 1 3 2 3 2 1 3 2 3 3 2 1 3 1 3 2 2 2 2 2 3 3 3 3 2 2 2 2 2 3 1 2 3 3 2 2 3 1 3 2 2 3 2 1 2 1 2 2 3 3 1 2 3 2 1 2 1 3 1 2 2 1 1 3 3 2 3 0 2 3 2 1 2 3 3 3 3 3 3 3 2
4 2 4 3 2 2 3 2 3 3 3 3 4 2 2 2 2 2 3 3 4 3 2 2 3 4 4 4 2 3 3 2 3 3 3 3 3 2 3 3 3 3 3 3 2 2 3 2 3 3 2 3 4 2 2 2 3 2 3 4 3 2 2 2 3 3 4 3 3 2 4 3 3 3 2 3 3 3 4 3 2 4 2 4 3 3 2 3 3 4 4 4 4 3 3 3 2 2 4 2 3 3 4 3 3 4 2 4 3 3 4 3 2 3 2 3 3 4 4 2 2 4 2 2 3 2 4 2 3 2 2 2 4 4 3 3 2 0 4 2 2 2 4 4 3 4 3 4 3 3
6 3 5 5 3 2 4 3 4 4 4 5 5 3 2 3 3 2 4 4 5 5 3 3 4 5 5 5 3 4 4 2 4 4 4 4 5 3 4 4 4 5 4 4 2 3 5 2 4 4 3 4 5 3 3 3 4 3 5 5 4 3 3 3 4 4 5 4 4 2 5 4 5 4 3 5 4 4 5 4 3 5 3 5 4 4 3 4 4 6 6 5 5 4 4 4 3 3 5 2 4 4 5 4 4 5 3 5 4 4 5 4 3 4 2 4 4 5 5 3 3 5 3 3 4 2 5 3 4 3 3 3 5 5 4 5 3 4 0 3 3 3 5 5 5 6 5 5 5 4
3 2 3 3 2 1 2 2 2 2 2 2 3 2 1 2 2 1 2 2 3 3 1 2 2 3 3 3 2 2 2 1 2 2 2 2 3 2 2 2 2 3 2 2 1 2 3 1 2 2 1 2 3 1 2 1 2 1 3 3 2 2 1 1 2 2 3 2 2 1 3 2 3 2 1 3 2 2 3 2 1 3 1 3 2 2 2 2 2 3 3 3 3 2 2 2 2 2 3 1 2 2 3 2 2 3 1 3 2 2 3 2 1 2 1 2 2 3 3 1 2 3 2 1 2 1 3 1 2 2 1 1 3 3 2 3 2 2 3 0 1 2 3 3 2 3 3 3 3 2
3 2 3 2 1 1 2 1 2 2 2 2 3 1 1 2 1 1 2 2 3 2 1 2 2 2 2 2 2 2 2 1 2 2 2 2 2 1 2 2 2 2 2 2 1 1 2 1 2 2 1 2 2 1 2 1 2 1 2 2 2 2 1 1 2 2 3 2 2 1 2 2 2 2 1 2 2 2 2 2 1 2 1 3 2 2 1 2 2 3 3 3 3 2 2 2 2 1 2 1 2 2 3 2 2 2 1 2 2 2 3 2 1 2 1 2 2 3 3 1 1 2 2 1 2 1 3 1 2 1 1 1 2 2 2 2 1 2 3 1 0 1 2 2 2 3 2 3 2 2
3 2 3 3 2 1 3 2 2 3 2 3 3 2 1 2 2 1 2 2 3 3 1 2 2 3 3 3 2 2 2 1 2 2 2 2 3 2 3 2 2 3 3 3 1 2 3 1 3 2 1 2 3 1 2 1 2 1 3 3 2 2 1 1 2 3 3 2 2 1 3 2 3 2 1 3 2 3 3 2 1 3 1 3 2 2 2 2 2 3 3 3 3 2 2 2 2 2 3 1 2 3 3 2 2 3 1 3 2 2 3 2 1 2 1 2 2 3 3 1 2 3 2 1 2 1 3 1 2 2 1 1 3 3 2 3 2 2 3 2 1 0 3 3 3 3 3 3 3 2
5 3 4 4 3 2 4 3 3 4 3 4 4 3 2 3 3 2 3 3 5 4 2 3 4 4 4 4 3 4 4 2 3 4 3 4 4 3 4 4 3 4 4 4 2 3 4 2 4 3 2 4 4 2 3 2 3 2 4 4 4 3 2 2 4 4 4 3 3 2 4 3 4 3 2 4 4 4 4 4 2 4 2 5 3 4 3 4 3 5 5 5 4 3 3 3 3 3 4 2 3 4 5 4 3 4 2 4 3 3 4 3 2 4 2 3 3 5 5 2 3 4 3 2 4 2 5 2 3 3 2 2 4 4 3 4 3 4 5 3 2 3 0 4 4 5 4 4 4 4
5 3 5 4 3 2 4 3 3 4 3 4 5 3 2 3 3 2 4 3 5 4 2 3 4 4 4 5 3 4 4 2 3 4 3 4 4 3 4 4 4 4 4 4 2 3 4 2 4 3 2 4 4 2 3 2 4 2 4 5 4 3 2 2 4 4 5 4 3 2 5 3 4 4 2 4 4 4 4 4 2 5 2 5 3 4 3 4 3 5 5 5 5 4 3 3 3 3 4 2 3 4 5 4 3 4 2 5 3 3 5 4 2 4 2 3 3 5 5 2 3 4 3 2 4 2 5 2 3 3 2 2 4 4 3 4 3 4 5 3 2 3 4 0 4 5 4 5 4 4
5 3 4 4 3 2 4 3 3 4 3 4 4 3 2 3 3 2 3 3 4 4 2 3 3 4 4 4 3 3 3 2 3 3 3 3 4 2 4 3 3 4 4 4 2 2 4 2 4 3 2 3 4 2 3 2 3 2 4 4 3 3 2 2 3 4 4 3 3 2 4 3 4 3 2 4 3 4 4 3 2 4 2 4 3 3 3 3 3 5 5 4 4 3 3 3 3 3 4 2 3 4 4 3 3 4 2 4 3 3 4 3 2 3 2 3 3 4 4 2 2 4 3 2 3 2 4 2 3 2 2 2 4 4 3 4 3 3 5 2 2 3 4 4 0 5 4 4 4 3
6 3 5 5 3 2 4 3 4 4 4 5 5 3 2 3 3 2 4 4 5 5 3 3 4 5 5 5 3 4 4 2 4 4 4 4 5 3 4 4 4 5 4 4 2 3 5 2 4 4 3 4 5 3 3 3 4 3 5 5 4 3 3 3 4 4 5 4 4 2 5 4 5 4 3 5 4 4 5 4 3 5 3 5 4 4 3 4 4 6 6 5 5 4 4 4 3 3 5 2 4 4 5 4 4 5 3 5 4 4 5 4 3 4 2 4 4 5 5 3 3 5 3 3 4 2 5 3 4 3 3 3 5 5 4 5 3 4 6 3 3 3 5 5 5 0 5 5 5 4
5 3 4 4 3 2 4 3 3 4 3 4 4 3 2 3 3 2 3 3 5 4 2 3 4 4 4 4 3 4 4 2 3 3 3 3 4 3 4 3 3 4 4 4 2 3 4 2 4 3 2 3 4 2 3 2 3 2 4 4 3 3 2 2 3 4 4 3 3 2 4 3 4 3 2 4 4 4 4 4 2 4 2 4 3 4 3 4 3 5 5 4 4 3 3 3 3 3 4 2 3 4 5 3 3 4 2 4 3 3 4 3 2 3 2 3 3 4 5 2 3 4 3 2 3 2 5 2 3 3 2 2 4 4 3 4 3 3 5 3 2 3 4 4 4 5 0 4 4 3
5 3 5 4 3 2 4 3 3 4 3 4 5 3 2 3 3 2 4 3 5 4 2 3 4 4 4 5 3 4 4 2 3 4 3 4 4 3 4 4 4 4 4 4 2 3 4 2 4 3 2 4 4 2 3 2 4 3 4 5 4 3 2 2 4 4 5 4 3 2 5 3 4 4 2 4 4 4 4 4 3 5 2 5 3 4 3 4 3 5 5 5 5 4 3 3 3 3 4 2 3 4 5 4 3 4 3 5 3 3 5 4 3 4 2 3 3 5 5 2 3 4 3 3 4 2 5 3 3 3 2 3 4 4 3 4 3 4 5 3 3 3 4 5 4 5 4 0 4 4
5 3 4 4 3 2 4 3 3 4 3 4 4 3 2 3 3 2 3 3 5 4 2 3 4 4 4 4 3 4 4 2 3 3 3 3 4 3 4 3 3 4 4 4 2 3 4 2 4 3 2 3 4 2 3 2 3 2 4 4 3 3 2 2 3 4 4 3 3 2 4 3 4 3 2 4 4 4 4 4 2 4 2 4 3 4 3 4 3 5 5 4 4 3 3 3 3 3 4 2 3 4 5 3 3 4 2 4 3 3 4 3 2 3 2 3 3 4 5 2 3 4 3 2 3 2 5 2 3 3 2 2 4 4 3 4 3 3 5 3 2 3 4 4 4 5 4 4 0 3
4 2 4 3 2 2 3 2 3 3 3 3 4 2 2 2 2 2 3 3 4 3 2 2 3 4 4 4 2 3 3 2 3 3 3 3 3 2 3 3 3 3 3 3 2 2 3 2 3 3 2 3 4 2 2 2 3 2 3 4 3 2 2 2 3 3 4 3 3 2 4 3 3 3 2 3 3 3 4 3 2 4 2 4 3 3 2 3 3 4 4 4 4 3 3 3 2 2 4 2 3 3 4 3 3 4 2 4 3 3 4 3 2 3 2 3 3 4 4 2 2 4 2 2 3 2 4 2 3 2 2 2 4 4 3 3 2 3 4 2 2 2 4 4 3 4 3 4 3 0
