100
17 991 1018
18 819 852
5 427 441
12 126 149
5 1265 1277
9 347 362
16 1273 1295
13 868 890
6 219 232
9 148 163
8 290 307
13 1030 1050
16 1178 1206
14 566 595
9 1192 1208
9 129 146
7 586 601
19 1110 1136
13 570 589
17 722 745
19 1147 1172
7 238 252
14 268 289
17 30 60
6 971 983
19 107 133
22 908 936
9 1194 1209
15 742 764
7 30 43
15 459 489
7 279 297
20 10 37
17 998 1024
18 1071 1101
5 333 347
19 716 742
24 7 38
7 982 995
15 1246 1269
21 573 606
9 621 636
5 950 962
19 585 610
20 204 234
20 1213 1244
8 872 886
6 958 972
17 607 630
14 525 546
5 932 951
11 89 106
13 622 642
11 1226 1243
5 942 953
24 315 350
22 889 921
5 595 608
24 656 690
5 1234 1248
16 1171 1193
16 679 704
16 960 983
6 1240 1256
9 1066 1081
13 701 725
20 767 801
6 172 185
6 1191 1207
5 160 175
14 672 693
22 120 152
11 1252 1274
14 307 329
11 150 167
23 810 842
11 214 240
10 279 297
5 735 746
20 185 211
10 678 694
13 1236 1258
6 1239 1253
24 598 629
12 879 906
21 399 428
7 193 210
14 816 837
6 1176 1197
23 1142 1171
8 963 978
16 450 473
8 241 261
19 121 147
8 1270 1287
20 576 607
11 906 923
13 1030 1049
14 207 229
9 649 669
0 4 2 3 2 3 4 3 2 3 2 3 4 3 3 3 2 4 3 4 4 2 3 4 2 4 4 3 3 2 3 2 4 4 4 2 4 5 2 3 4 3 2 4 4 4 2 2 4 3 2 3 3 3 2 5 4 2 5 2 4 4 4 2 3 3 4 2 2 2 3 4 3 3 3 4 3 3 2 4 3 3 2 5 3 4 2 3 2 4 2 4 2 4 2 4 3 3 3 3
4 0 2 3 2 3 4 3 2 3 3 3 4 3 3 3 2 4 3 4 4 2 3 4 2 4 4 3 4 2 4 2 4 4 4 2 4 5 2 4 4 3 2 4 4 4 3 2 4 3 2 3 3 3 2 5 4 2 5 2 4 4 4 2 3 3 4 2 2 2 3 4 3 3 3 5 3 3 2 4 3 3 2 5 3 4 2 3 2 5 3 4 3 4 3 4 3 3 3 3
2 2 0 1 1 1 2 2 1 1 1 2 2 2 1 1 1 2 2 2 2 1 2 2 1 2 2 1 2 1 2 1 2 2 2 1 2 2 1 2 2 1 1 2 2 2 1 1 2 2 1 1 2 1 1 2 2 1 2 1 2 2 2 1 1 2 2 1 1 1 2 2 1 2 1 2 1 1 1 2 1 2 1 2 1 2 1 2 1 2 1 2 1 2 1 2 1 2 2 1
3 3 1 0 1 2 3 3 2 2 2 3 3 3 2 2 2 3 3 3 3 2 3 3 2 3 4 2 3 2 3 2 3 3 3 1 3 4 2 3 3 2 1 3 3 3 2 2 3 3 1 2 3 2 1 4 4 1 4 1 3 3 3 2 2 3 3 2 2 1 3 4 2 3 2 4 2 2 1 3 2 3 2 4 3 3 2 3 2 4 2 3 2 3 2 3 2 3 3 2
2 2 1 1 0 1 2 2 1 1 1 2 2 2 1 1 1 2 2 2 2 1 2 2 1 2 2 1 2 1 2 1 2 2 2 1 2 2 1 2 2 1 1 2 2 2 1 1 2 2 1 1 2 1 1 2 2 1 2 1 2 2 2 1 1 2 2 1 1 1 2 2 1 2 1 2 1 1 1 2 1 2 1 2 1 2 1 2 1 2 1 2 1 2 1 2 1 2 2 1
3 3 1 2 1 0 3 2 1 2 2 2 3 2 2 2 1 3 2 3 3 1 2 3 1 3 3 2 2 1 2 1 3 3 3 1 3 3 1 2 3 2 1 3 3 3 2 1 3 2 1 2 2 2 1 3 3 1 3 1 3 3 3 1 2 2 3 1 1 1 2 3 2 2 2 3 2 2 1 3 2 2 1 3 2 3 1 2 1 3 2 3 2 3 2 3 2 2 2 2
4 4 2 3 2 3 0 3 2 3 2 3 4 3 3 3 2 4 3 4 4 2 3 4 2 4 4 3 3 2 3 2 4 4 4 2 4 4 2 3 4 3 2 4 4 4 2 2 4 3 2 3 3 3 2 4 4 2 4 2 4 4 4 2 3 3 4 2 2 2 3 4 3 3 3 4 3 3 2 4 3 3 2 4 3 4 2 3 2 4 2 4 2 4 2 4 3 3 3 3
3 3 2 3 2 2 3 0 2 2 2 3 3 3 2 2 2 3 3 3 3 2 3 3 2 3 4 2 3 2 3 2 4 3 3 2 3 4 2 3 4 2 2 3 4 4 2 2 3 3 2 2 3 2 2 4 4 2 4 2 3 3 3 2 2 3 4 2 2 2 3 4 2 3 2 4 2 2 2 4 2 3 2 4 3 4 2 3 2 4 2 3 2 3 2 4 2 3 3 2
2 2 1 2 1 1 2 2 0 1 1 2 2 2 1 1 1 2 2 2 2 1 2 2 1 2 2 1 2 1 2 1 2 2 2 1 2 3 1 2 2 1 1 2 2 2 1 1 2 2 1 2 2 2 1 3 2 1 3 1 2 2 2 1 1 2 2 1 1 1 2 2 2 2 2 2 2 1 1 2 1 2 1 3 2 2 1 2 1 2 1 2 1 2 1 2 2 2 2 1
3 3 1 2 1 2 3 2 1 0 2 2 3 2 2 2 1 3 2 3 3 1 2 3 1 3 3 2 2 1 2 1 3 3 3 1 3 3 1 2 3 2 1 3 3 3 2 1 3 2 1 2 2 2 1 3 3 1 3 1 3 3 3 1 2 2 3 1 1 1 2 3 2 2 2 3 2 2 1 3 2 2 1 3 2 3 1 2 1 3 2 3 2 3 2 3 2 2 2 2
2 3 1 2 1 2 2 2 1 2 0 2 2 2 2 2 1 3 2 2 3 1 2 2 1 3 3 2 2 1 2 1 3 2 3 1 3 3 1 2 3 2 1 3 3 3 2 1 2 2 1 2 2 2 1 3 3 1 3 1 2 2 2 1 2 2 3 1 1 1 2 3 2 2 2 3 2 2 1 3 2 2 1 3 2 3 1 2 1 3 2 2 2 3 2 3 2 2 2 2
3 3 2 3 2 2 3 3 2 2 2 0 3 3 2 2 2 3 3 3 3 2 3 3 2 3 4 2 3 2 3 2 4 3 3 2 3 4 2 3 4 2 2 3 4 4 2 2 3 3 2 2 3 2 2 4 4 2 4 2 3 3 3 2 2 3 4 2 2 2 3 4 2 3 2 4 2 2 2 4 2 3 2 4 3 4 2 3 2 4 2 3 2 3 2 4 2 3 3 2
4 4 2 3 2 3 4 3 2 3 2 3 0 3 3 3 2 4 3 4 4 2 3 4 2 4 4 3 3 2 3 2 4 4 4 2 4 4 2 3 4 3 2 4 4 4 2 2 4 3 2 3 3 3 2 4 4 2 4 2 4 4 4 2 3 3 4 2 2 2 3 4 3 3 3 4 3 3 2 4 3 3 2 4 3 4 2 3 2 4 2 4 2 4 2 4 3 3 3 3
3 3 2 3 2 2 3 3 2 2 2 3 3 0 2 2 2 4 3 3 4 2 3 3 2 4 4 2 3 2 3 2 4 3 3 2 4 4 2 3 4 2 2 4 4 4 2 2 3 3 2 3 3 3 2 4 4 2 4 2 3 3 3 2 2 3 4 2 2 2 3 4 3 3 3 4 3 2 2 4 2 3 2 4 3 4 2 3 2 4 2 3 2 4 2 4 3 3 3 2
3 3 1 2 1 2 3 2 1 2 2 2 3 2 0 2 1 3 2 3 3 1 2 3 1 3 3 2 2 1 2 1 3 3 3 1 3 3 1 2 3 2 1 3 3 3 2 1 3 2 1 2 2 2 1 3 3 1 3 1 3 3 3 1 2 2 3 1 1 1 2 3 2 2 2 3 2 2 1 3 2 2 1 3 2 3 1 2 1 3 2 3 2 3 2 3 2 2 2 2
3 3 1 2 1 2 3 2 1 2 2 2 3 2 2 0 1 3 2 3 3 1 2 3 1 3 3 2 2 1 2 1 3 3 3 1 3 3 1 2 3 2 1 3 3 3 2 1 3 2 1 2 2 2 1 3 3 1 3 1 3 3 3 1 2 2 3 1 1 1 2 3 2 2 2 3 2 2 1 3 2 2 1 3 2 3 1 2 1 3 2 3 2 3 2 3 2 2 2 2
2 2 1 2 1 1 2 2 1 1 1 2 2 2 1 1 0 2 2 2 2 1 2 2 1 2 3 1 2 1 2 1 2 2 2 1 2 3 1 2 3 1 1 2 2 2 1 1 2 2 1 2 2 2 1 3 3 1 3 1 2 2 2 1 1 2 2 1 1 1 2 3 2 2 2 3 2 2 1 2 2 2 1 3 2 3 1 2 1 3 1 2 1 2 1 2 2 2 2 1
4 4 2 3 2 3 4 3 2 3 3 3 4 4 3 3 2 0 3 4 4 2 4 4 2 4 5 3 4 2 4 2 4 4 4 2 4 5 2 4 4 3 2 4 4 4 3 2 4 4 2 3 3 3 2 5 5 2 5 2 4 4 4 2 3 3 4 2 2 2 4 5 3 4 3 5 3 3 2 4 3 3 2 5 3 4 2 4 2 5 3 4 3 4 3 4 3 3 4 3
3 3 2 3 2 2 3 3 2 2 2 3 3 3 2 2 2 3 0 3 3 2 3 3 2 3 4 2 3 2 3 2 4 3 3 2 3 4 2 3 4 2 2 3 4 4 2 2 3 3 2 2 3 2 2 4 4 2 4 2 3 3 3 2 2 3 4 2 2 2 3 4 2 3 2 4 2 2 2 4 2 3 2 4 3 4 2 3 2 4 2 3 2 3 2 4 2 3 3 2
4 4 2 3 2 3 4 3 2 3 2 3 4 3 3 3 2 4 3 0 4 2 3 4 2 4 4 3 3 2 3 2 4 4 4 2 4 5 2 3 4 3 2 4 4 4 2 2 4 3 2 3 3 3 2 5 4 2 5 2 4 4 4 2 3 3 4 2 2 2 3 4 3 3 3 4 3 3 2 4 3 3 2 5 3 4 2 3 2 4 2 4 2 4 2 4 3 3 3 3
4 4 2 3 2 3 4 3 2 3 3 3 4 4 3 3 2 4 3 4 0 2 4 4 2 4 5 3 4 2 4 2 4 4 4 2 4 5 2 4 4 3 2 4 4 4 3 2 4 4 2 3 3 3 2 5 5 2 5 2 4 4 4 2 3 3 4 2 2 2 4 5 3 4 3 5 3 3 2 4 3 3 2 5 3 4 2 4 2 5 3 4 3 4 3 4 3 3 4 3
2 2 1 2 1 1 2 2 1 1 1 2 2 2 1 1 1 2 2 2 2 0 2 2 1 2 3 1 2 1 2 1 2 2 2 1 2 3 1 2 3 1 1 2 2 2 1 1 2 2 1 2 2 2 1 3 3 1 3 1 2 2 2 1 1 2 2 1 1 1 2 3 2 2 2 3 2 2 1 2 2 2 1 3 2 3 1 2 1 3 1 2 1 2 1 2 2 2 2 1
3 3 2 3 2 2 3 3 2 2 2 3 3 3 2 2 2 4 3 3 4 2 0 3 2 4 4 2 3 2 3 2 4 3 3 2 4 4 2 3 4 2 2 4 4 4 2 2 3 3 2 3 3 3 2 4 4 2 4 2 3 3 3 2 2 3 4 2 2 2 3 4 3 3 3 4 3 2 2 4 2 3 2 4 3 4 2 3 2 4 2 3 2 4 2 4 3 3 3 2
4 4 2 3 2 3 4 3 2 3 2 3 4 3 3 3 2 4 3 4 4 2 3 0 2 4 4 3 3 2 3 2 4 4 4 2 4 5 2 3 4 3 2 4 4 4 2 2 4 3 2 3 3 3 2 5 4 2 5 2 4 4 4 2 3 3 4 2 2 2 3 4 3 3 3 4 3 3 2 4 3 3 2 5 3 4 2 3 2 4 2 4 2 4 2 4 3 3 3 3
2 2 1 2 1 1 2 2 1 1 1 2 2 2 1 1 1 2 2 2 2 1 2 2 0 2 2 1 2 1 2 1 2 2 2 1 2 3 1 2 2 1 1 2 2 2 1 1 2 2 1 2 2 2 1 3 2 1 3 1 2 2 2 1 1 2 2 1 1 1 2 2 2 2 2 2 2 1 1 2 1 2 1 3 2 2 1 2 1 2 1 2 1 2 1 2 2 2 2 1
4 4 2 3 2 3 4 3 2 3 3 3 4 4 3 3 2 4 3 4 4 2 4 4 2 0 5 3 4 2 4 2 4 4 4 2 4 5 2 4 4 3 2 4 4 4 3 2 4 4 2 3 3 3 2 5 5 2 5 2 4 4 4 2 3 3 4 2 2 2 4 5 3 4 3 5 3 3 2 4 3 3 2 5 3 4 2 4 2 5 3 4 3 4 3 4 3 3 4 3
4 4 2 4 2 3 4 4 2 3 3 4 4 4 3 3 3 5 4 4 5 3 4 4 2 5 0 3 4 3 4 3 5 4 4 2 5 5 3 4 5 3 2 5 5 5 3 2 4 4 2 3 4 3 2 5 5 2 5 2 4 4 4 2 3 4 5 2 2 2 4 5 3 4 3 5 3 3 2 5 3 4 2 5 4 5 3 4 2 5 3 4 3 5 3 5 3 4 4 3
3 3 1 2 1 2 3 2 1 2 2 2 3 2 2 2 1 3 2 3 3 1 2 3 1 3 3 0 2 1 2 1 3 3 3 1 3 3 1 2 3 2 1 3 3 3 2 1 3 2 1 2 2 2 1 3 3 1 3 1 3 3 3 1 2 2 3 1 1 1 2 3 2 2 2 3 2 2 1 3 2 2 1 3 2 3 1 2 1 3 2 3 2 3 2 3 2 2 2 2
3 4 2 3 2 2 3 3 2 2 2 3 3 3 2 2 2 4 3 3 4 2 3 3 2 4 4 2 0 2 3 2 4 3 4 2 4 4 2 3 4 2 2 4 4 4 2 2 3 3 2 3 3 3 2 4 4 2 4 2 3 3 3 2 2 3 4 2 2 2 3 4 3 3 3 4 3 3 2 4 3 3 2 4 3 4 2 3 2 4 2 3 2 4 2 4 3 3 3 2
2 2 1 2 1 1 2 2 1 1 1 2 2 2 1 1 1 2 2 2 2 1 2 2 1 2 3 1 2 0 2 1 2 2 2 1 2 3 1 2 3 1 1 2 2 2 1 1 2 2 1 2 2 2 1 3 3 1 3 1 2 2 2 1 1 2 2 1 1 1 2 3 2 2 2 3 2 2 1 2 2 2 1 3 2 3 1 2 1 3 1 2 1 2 1 2 2 2 2 1
3 4 2 3 2 2 3 3 2 2 2 3 3 3 2 2 2 4 3 3 4 2 3 3 2 4 4 2 3 2 0 2 4 3 4 2 4 4 2 3 4 2 2 4 4 4 2 2 3 3 2 3 3 3 2 4 4 2 4 2 3 3 3 2 2 3 4 2 2 2 3 4 3 3 3 4 3 3 2 4 3 3 2 4 3 4 2 3 2 4 2 3 2 4 2 4 3 3 3 2
2 2 1 2 1 1 2 2 1 1 1 2 2 2 1 1 1 2 2 2 2 1 2 2 1 2 3 1 2 1 2 0 2 2 2 1 2 3 1 2 3 1 1 2 2 2 1 1 2 2 1 2 2 2 1 3 3 1 3 1 2 2 2 1 1 2 2 1 1 1 2 3 2 2 2 3 2 2 1 2 2 2 1 3 2 3 1 2 1 3 1 2 1 2 1 2 2 2 2 1
4 4 2 3 2 3 4 4 2 3 3 4 4 4 3 3 2 4 4 4 4 2 4 4 2 4 5 3 4 2 4 2 0 4 4 2 4 5 2 4 5 3 2 4 5 5 3 2 4 4 2 3 4 3 2 5 5 2 5 2 4 4 4 2 3 4 5 2 2 2 4 5 3 4 3 5 3 3 2 5 3 4 2 5 3 5 2 4 2 5 3 4 3 4 3 5 3 4 4 3
4 4 2 3 2 3 4 3 2 3 2 3 4 3 3 3 2 4 3 4 4 2 3 4 2 4 4 3 3 2 3 2 4 0 4 2 4 5 2 3 4 3 2 4 4 4 2 2 4 3 2 3 3 3 2 5 4 2 5 2 4 4 4 2 3 3 4 2 2 2 3 4 3 3 3 4 3 3 2 4 3 3 2 5 3 4 2 3 2 4 2 4 2 4 2 4 3 3 3 3
4 4 2 3 2 3 4 3 2 3 3 3 4 3 3 3 2 4 3 4 4 2 3 4 2 4 4 3 4 2 4 2 4 4 0 2 4 5 2 4 4 3 2 4 4 4 3 2 4 3 2 3 3 3 2 5 4 2 5 2 4 4 4 2 3 3 4 2 2 2 3 4 3 3 3 5 3 3 2 4 3 3 2 5 3 4 2 3 2 5 3 4 3 4 3 4 3 3 3 3
2 2 1 1 1 1 2 2 1 1 1 2 2 2 1 1 1 2 2 2 2 1 2 2 1 2 2 1 2 1 2 1 2 2 2 0 2 2 1 2 2 1 1 2 2 2 1 1 2 2 1 1 2 1 1 2 2 1 2 1 2 2 2 1 1 2 2 1 1 1 2 2 1 2 1 2 1 1 1 2 1 2 1 2 1 2 1 2 1 2 1 2 1 2 1 2 1 2 2 1
4 4 2 3 2 3 4 3 2 3 3 3 4 4 3 3 2 4 3 4 4 2 4 4 2 4 5 3 4 2 4 2 4 4 4 2 0 5 2 4 4 3 2 4 4 4 3 2 4 4 2 3 3 3 2 5 5 2 5 2 4 4 4 2 3 3 4 2 2 2 4 5 3 4 3 5 3 3 2 4 3 3 2 5 3 4 2 4 2 5 3 4 3 4 3 4 3 3 4 3
5 5 2 4 2 3 4 4 3 3 3 4 4 4 3 3 3 5 4 5 5 3 4 5 3 5 5 3 4 3 4 3 5 5 5 2 5 0 3 4 5 3 2 5 5 5 3 3 5 4 2 4 4 4 2 6 5 2 6 2 4 4 4 3 3 4 5 3 3 2 4 5 4 4 4 5 4 3 2 5 3 4 3 6 4 5 3 4 3 5 3 4 3 5 3 5 4 4 4 3
2 2 1 2 1 1 2 2 1 1 1 2 2 2 1 1 1 2 2 2 2 1 2 2 1 2 3 1 2 1 2 1 2 2 2 1 2 3 0 2 3 1 1 2 2 2 1 1 2 2 1 2 2 2 1 3 3 1 3 1 2 2 2 1 1 2 2 1 1 1 2 3 2 2 2 3 2 2 1 2 2 2 1 3 2 3 1 2 1 3 1 2 1 2 1 2 2 2 2 1
3 4 2 3 2 2 3 3 2 2 2 3 3 3 2 2 2 4 3 3 4 2 3 3 2 4 4 2 3 2 3 2 4 3 4 2 4 4 2 0 4 2 2 4 4 4 2 2 3 3 2 3 3 3 2 4 4 2 4 2 3 3 3 2 2 3 4 2 2 2 3 4 3 3 3 4 3 3 2 4 3 3 2 4 3 4 2 3 2 4 2 3 2 4 2 4 3 3 3 2
4 4 2 3 2 3 4 4 2 3 3 4 4 4 3 3 3 4 4 4 4 3 4 4 2 4 5 3 4 3 4 3 5 4 4 2 4 5 3 4 0 3 2 4 5 5 3 2 4 4 2 3 4 3 2 5 5 2 5 2 4 4 4 2 3 4 5 2 2 2 4 5 3 4 3 5 3 3 2 5 3 4 2 5 3 5 3 4 2 5 3 4 3 4 3 5 3 4 4 3
3 3 1 2 1 2 3 2 1 2 2 2 3 2 2 2 1 3 2 3 3 1 2 3 1 3 3 2 2 1 2 1 3 3 3 1 3 3 1 2 3 0 1 3 3 3 2 1 3 2 1 2 2 2 1 3 3 1 3 1 3 3 3 1 2 2 3 1 1 1 2 3 2 2 2 3 2 2 1 3 2 2 1 3 2 3 1 2 1 3 2 3 2 3 2 3 2 2 2 2
2 2 1 1 1 1 2 2 1 1 1 2 2 2 1 1 1 2 2 2 2 1 2 2 1 2 2 1 2 1 2 1 2 2 2 1 2 2 1 2 2 1 0 2 2 2 1 1 2 2 1 1 2 1 1 2 2 1 2 1 2 2 2 1 1 2 2 1 1 1 2 2 1 2 1 2 1 1 1 2 1 2 1 2 1 2 1 2 1 2 1 2 1 2 1 2 1 2 2 1
4 4 2 3 2 3 4 3 2 3 3 3 4 4 3 3 2 4 3 4 4 2 4 4 2 4 5 3 4 2 4 2 4 4 4 2 4 5 2 4 4 3 2 0 4 4 3 2 4 4 2 3 3 3 2 5 5 2 5 2 4 4 4 2 3 3 4 2 2 2 4 5 3 4 3 5 3 3 2 4 3 3 2 5 3 4 2 4 2 5 3 4 3 4 3 4 3 3 4 3
4 4 2 3 2 3 4 4 2 3 3 4 4 4 3 3 2 4 4 4 4 2 4 4 2 4 5 3 4 2 4 2 5 4 4 2 4 5 2 4 5 3 2 4 0 5 3 2 4 4 2 3 4 3 2 5 5 2 5 2 4 4 4 2 3 4 5 2 2 2 4 5 3 4 3 5 3 3 2 5 3 4 2 5 3 5 2 4 2 5 3 4 3 4 3 5 3 4 4 3
4 4 2 3 2 3 4 4 2 3 3 4 4 4 3 3 2 4 4 4 4 2 4 4 2 4 5 3 4 2 4 2 5 4 4 2 4 5 2 4 5 3 2 4 5 0 3 2 4 4 2 3 4 3 2 5 5 2 5 2 4 4 4 2 3 4 5 2 2 2 4 5 3 4 3 5 3 3 2 5 3 4 2 5 3 5 2 4 2 5 3 4 3 4 3 5 3 4 4 3
2 3 1 2 1 2 2 2 1 2 2 2 2 2 2 2 1 3 2 2 3 1 2 2 1 3 3 2 2 1 2 1 3 2 3 1 3 3 1 2 3 2 1 3 3 3 0 1 2 2 1 2 2 2 1 3 3 1 3 1 2 2 2 1 2 2 3 1 1 1 2 3 2 2 2 3 2 2 1 3 2 2 1 3 2 3 1 2 1 3 2 2 2 3 2 3 2 2 2 2
2 2 1 2 1 1 2 2 1 1 1 2 2 2 1 1 1 2 2 2 2 1 2 2 1 2 2 1 2 1 2 1 2 2 2 1 2 3 1 2 2 1 1 2 2 2 1 0 2 2 1 2 2 2 1 3 2 1 3 1 2 2 2 1 1 2 2 1 1 1 2 2 2 2 2 2 2 1 1 2 1 2 1 3 2 2 1 2 1 2 1 2 1 2 1 2 2 2 2 1
4 4 2 3 2 3 4 3 2 3 2 3 4 3 3 3 2 4 3 4 4 2 3 4 2 4 4 3 3 2 3 2 4 4 4 2 4 5 2 3 4 3 2 4 4 4 2 2 0 3 2 3 3 3 2 5 4 2 5 2 4 4 4 2 3 3 4 2 2 2 3 4 3 3 3 4 3 3 2 4 3 3 2 5 3 4 2 3 2 4 2 4 2 4 2 4 3 3 3 3
3 3 2 3 2 2 3 3 2 2 2 3 3 3 2 2 2 4 3 3 4 2 3 3 2 4 4 2 3 2 3 2 4 3 3 2 4 4 2 3 4 2 2 4 4 4 2 2 3 0 2 3 3 3 2 4 4 2 4 2 3 3 3 2 2 3 4 2 2 2 3 4 3 3 3 4 3 2 2 4 2 3 2 4 3 4 2 3 2 4 2 3 2 4 2 4 3 3 3 2
2 2 1 1 1 1 2 2 1 1 1 2 2 2 1 1 1 2 2 2 2 1 2 2 1 2 2 1 2 1 2 1 2 2 2 1 2 2 1 2 2 1 1 2 2 2 1 1 2 2 0 1 2 1 1 2 2 1 2 1 2 2 2 1 1 2 2 1 1 1 2 2 1 2 1 2 1 1 1 2 1 2 1 2 1 2 1 2 1 2 1 2 1 2 1 2 1 2 2 1
3 3 1 2 1 2 3 2 2 2 2 2 3 3 2 2 2 3 2 3 3 2 3 3 2 3 3 2 3 2 3 2 3 3 3 1 3 4 2 3 3 2 1 3 3 3 2 2 3 3 1 0 2 2 1 4 3 1 4 1 3 3 3 2 2 2 3 2 2 1 3 3 2 3 2 3 2 2 1 3 2 2 2 4 2 3 2 3 2 3 2 3 2 3 2 3 2 2 3 2
3 3 2 3 2 2 3 3 2 2 2 3 3 3 2 2 2 3 3 3 3 2 3 3 2 3 4 2 3 2 3 2 4 3 3 2 3 4 2 3 4 2 2 3 4 4 2 2 3 3 2 2 0 2 2 4 4 2 4 2 3 3 3 2 2 3 4 2 2 2 3 4 2 3 2 4 2 2 2 4 2 3 2 4 3 4 2 3 2 4 2 3 2 3 2 4 2 3 3 2
3 3 1 2 1 2 3 2 2 2 2 2 3 3 2 2 2 3 2 3 3 2 3 3 2 3 3 2 3 2 3 2 3 3 3 1 3 4 2 3 3 2 1 3 3 3 2 2 3 3 1 2 2 0 1 4 3 1 4 1 3 3 3 2 2 2 3 2 2 1 3 3 2 3 2 3 2 2 1 3 2 2 2 4 2 3 2 3 2 3 2 3 2 3 2 3 2 2 3 2
2 2 1 1 1 1 2 2 1 1 1 2 2 2 1 1 1 2 2 2 2 1 2 2 1 2 2 1 2 1 2 1 2 2 2 1 2 2 1 2 2 1 1 2 2 2 1 1 2 2 1 1 2 1 0 2 2 1 2 1 2 2 2 1 1 2 2 1 1 1 2 2 1 2 1 2 1 1 1 2 1 2 1 2 1 2 1 2 1 2 1 2 1 2 1 2 1 2 2 1
5 5 2 4 2 3 4 4 3 3 3 4 4 4 3 3 3 5 4 5 5 3 4 5 3 5 5 3 4 3 4 3 5 5 5 2 5 6 3 4 5 3 2 5 5 5 3 3 5 4 2 4 4 4 2 0 5 2 6 2 4 4 4 3 3 4 5 3 3 2 4 5 4 4 4 5 4 3 2 5 3 4 3 6 4 5 3 4 3 5 3 4 3 5 3 5 4 4 4 3
4 4 2 4 2 3 4 4 2 3 3 4 4 4 3 3 3 5 4 4 5 3 4 4 2 5 5 3 4 3 4 3 5 4 4 2 5 5 3 4 5 3 2 5 5 5 3 2 4 4 2 3 4 3 2 5 0 2 5 2 4 4 4 2 3 4 5 2 2 2 4 5 3 4 3 5 3 3 2 5 3 4 2 5 4 5 3 4 2 5 3 4 3 5 3 5 3 4 4 3
2 2 1 1 1 1 2 2 1 1 1 2 2 2 1 1 1 2 2 2 2 1 2 2 1 2 2 1 2 1 2 1 2 2 2 1 2 2 1 2 2 1 1 2 2 2 1 1 2 2 1 1 2 1 1 2 2 0 2 1 2 2 2 1 1 2 2 1 1 1 2 2 1 2 1 2 1 1 1 2 1 2 1 2 1 2 1 2 1 2 1 2 1 2 1 2 1 2 2 1
5 5 2 4 2 3 4 4 3 3 3 4 4 4 3 3 3 5 4 5 5 3 4 5 3 5 5 3 4 3 4 3 5 5 5 2 5 6 3 4 5 3 2 5 5 5 3 3 5 4 2 4 4 4 2 6 5 2 0 2 4 4 4 3 3 4 5 3 3 2 4 5 4 4 4 5 4 3 2 5 3 4 3 6 4 5 3 4 3 5 3 4 3 5 3 5 4 4 4 3
2 2 1 1 1 1 2 2 1 1 1 2 2 2 1 1 1 2 2 2 2 1 2 2 1 2 2 1 2 1 2 1 2 2 2 1 2 2 1 2 2 1 1 2 2 2 1 1 2 2 1 1 2 1 1 2 2 1 2 0 2 2 2 1 1 2 2 1 1 1 2 2 1 2 1 2 1 1 1 2 1 2 1 2 1 2 1 2 1 2 1 2 1 2 1 2 1 2 2 1
4 4 2 3 2 3 4 3 2 3 2 3 4 3 3 3 2 4 3 4 4 2 3 4 2 4 4 3 3 2 3 2 4 4 4 2 4 4 2 3 4 3 2 4 4 4 2 2 4 3 2 3 3 3 2 4 4 2 4 2 0 4 4 2 3 3 4 2 2 2 3 4 3 3 3 4 3 3 2 4 3 3 2 4 3 4 2 3 2 4 2 4 2 4 2 4 3 3 3 3
4 4 2 3 2 3 4 3 2 3 2 3 4 3 3 3 2 4 3 4 4 2 3 4 2 4 4 3 3 2 3 2 4 4 4 2 4 4 2 3 4 3 2 4 4 4 2 2 4 3 2 3 3 3 2 4 4 2 4 2 4 0 4 2 3 3 4 2 2 2 3 4 3 3 3 4 3 3 2 4 3 3 2 4 3 4 2 3 2 4 2 4 2 4 2 4 3 3 3 3
4 4 2 3 2 3 4 3 2 3 2 3 4 3 3 3 2 4 3 4 4 2 3 4 2 4 4 3 3 2 3 2 4 4 4 2 4 4 2 3 4 3 2 4 4 4 2 2 4 3 2 3 3 3 2 4 4 2 4 2 4 4 0 2 3 3 4 2 2 2 3 4 3 3 3 4 3 3 2 4 3 3 2 4 3 4 2 3 2 4 2 4 2 4 2 4 3 3 3 3
2 2 1 2 1 1 2 2 1 1 1 2 2 2 1 1 1 2 2 2 2 1 2 2 1 2 2 1 2 1 2 1 2 2 2 1 2 3 1 2 2 1 1 2 2 2 1 1 2 2 1 2 2 2 1 3 2 1 3 1 2 2 2 0 1 2 2 1 1 1 2 2 2 2 2 2 2 1 1 2 1 2 1 3 2 2 1 2 1 2 1 2 1 2 1 2 2 2 2 1
3 3 1 2 1 2 3 2 1 2 2 2 3 2 2 2 1 3 2 3 3 1 2 3 1 3 3 2 2 1 2 1 3 3 3 1 3 3 1 2 3 2 1 3 3 3 2 1 3 2 1 2 2 2 1 3 3 1 3 1 3 3 3 1 0 2 3 1 1 1 2 3 2 2 2 3 2 2 1 3 2 2 1 3 2 3 1 2 1 3 2 3 2 3 2 3 2 2 2 2
3 3 2 3 2 2 3 3 2 2 2 3 3 3 2 2 2 3 3 3 3 2 3 3 2 3 4 2 3 2 3 2 4 3 3 2 3 4 2 3 4 2 2 3 4 4 2 2 3 3 2 2 3 2 2 4 4 2 4 2 3 3 3 2 2 0 4 2 2 2 3 4 2 3 2 4 2 2 2 4 2 3 2 4 3 4 2 3 2 4 2 3 2 3 2 4 2 3 3 2
4 4 2 3 2 3 4 4 2 3 3 4 4 4 3 3 2 4 4 4 4 2 4 4 2 4 5 3 4 2 4 2 5 4 4 2 4 5 2 4 5 3 2 4 5 5 3 2 4 4 2 3 4 3 2 5 5 2 5 2 4 4 4 2 3 4 0 2 2 2 4 5 3 4 3 5 3 3 2 5 3 4 2 5 3 5 2 4 2 5 3 4 3 4 3 5 3 4 4 3
2 2 1 2 1 1 2 2 1 1 1 2 2 2 1 1 1 2 2 2 2 1 2 2 1 2 2 1 2 1 2 1 2 2 2 1 2 3 1 2 2 1 1 2 2 2 1 1 2 2 1 2 2 2 1 3 2 1 3 1 2 2 2 1 1 2 2 0 1 1 2 2 2 2 2 2 2 1 1 2 1 2 1 3 2 2 1 2 1 2 1 2 1 2 1 2 2 2 2 1
2 2 1 2 1 1 2 2 1 1 1 2 2 2 1 1 1 2 2 2 2 1 2 2 1 2 2 1 2 1 2 1 2 2 2 1 2 3 1 2 2 1 1 2 2 2 1 1 2 2 1 2 2 2 1 3 2 1 3 1 2 2 2 1 1 2 2 1 0 1 2 2 2 2 2 2 2 1 1 2 1 2 1 3 2 2 1 2 1 2 1 2 1 2 1 2 2 2 2 1
2 2 1 1 1 1 2 2 1 1 1 2 2 2 1 1 1 2 2 2 2 1 2 2 1 2 2 1 2 1 2 1 2 2 2 1 2 2 1 2 2 1 1 2 2 2 1 1 2 2 1 1 2 1 1 2 2 1 2 1 2 2 2 1 1 2 2 1 1 0 2 2 1 2 1 2 1 1 1 2 1 2 1 2 1 2 1 2 1 2 1 2 1 2 1 2 1 2 2 1
3 3 2 3 2 2 3 3 2 2 2 3 3 3 2 2 2 4 3 3 4 2 3 3 2 4 4 2 3 2 3 2 4 3 3 2 4 4 2 3 4 2 2 4 4 4 2 2 3 3 2 3 3 3 2 4 4 2 4 2 3 3 3 2 2 3 4 2 2 2 0 4 3 3 3 4 3 2 2 4 2 3 2 4 3 4 2 3 2 4 2 3 2 4 2 4 3 3 3 2
4 4 2 4 2 3 4 4 2 3 3 4 4 4 3 3 3 5 4 4 5 3 4 4 2 5 5 3 4 3 4 3 5 4 4 2 5 5 3 4 5 3 2 5 5 5 3 2 4 4 2 3 4 3 2 5 5 2 5 2 4 4 4 2 3 4 5 2 2 2 4 0 3 4 3 5 3 3 2 5 3 4 2 5 4 5 3 4 2 5 3 4 3 5 3 5 3 4 4 3
3 3 1 2 1 2 3 2 2 2 2 2 3 3 2 2 2 3 2 3 3 2 3 3 2 3 3 2 3 2 3 2 3 3 3 1 3 4 2 3 3 2 1 3 3 3 2 2 3 3 1 2 2 2 1 4 3 1 4 1 3 3 3 2 2 2 3 2 2 1 3 3 0 3 2 3 2 2 1 3 2 2 2 4 2 3 2 3 2 3 2 3 2 3 2 3 2 2 3 2
3 3 2 3 2 2 3 3 2 2 2 3 3 3 2 2 2 4 3 3 4 2 3 3 2 4 4 2 3 2 3 2 4 3 3 2 4 4 2 3 4 2 2 4 4 4 2 2 3 3 2 3 3 3 2 4 4 2 4 2 3 3 3 2 2 3 4 2 2 2 3 4 3 0 3 4 3 2 2 4 2 3 2 4 3 4 2 3 2 4 2 3 2 4 2 4 3 3 3 2
3 3 1 2 1 2 3 2 2 2 2 2 3 3 2 2 2 3 2 3 3 2 3 3 2 3 3 2 3 2 3 2 3 3 3 1 3 4 2 3 3 2 1 3 3 3 2 2 3 3 1 2 2 2 1 4 3 1 4 1 3 3 3 2 2 2 3 2 2 1 3 3 2 3 0 3 2 2 1 3 2 2 2 4 2 3 2 3 2 3 2 3 2 3 2 3 2 2 3 2
4 5 2 4 2 3 4 4 2 3 3 4 4 4 3 3 3 5 4 4 5 3 4 4 2 5 5 3 4 3 4 3 5 4 5 2 5 5 3 4 5 3 2 5 5 5 3 2 4 4 2 3 4 3 2 5 5 2 5 2 4 4 4 2 3 4 5 2 2 2 4 5 3 4 3 0 3 3 2 5 3 4 2 5 4 5 3 4 2 5 3 4 3 5 3 5 3 4 4 3
3 3 1 2 1 2 3 2 2 2 2 2 3 3 2 2 2 3 2 3 3 2 3 3 2 3 3 2 3 2 3 2 3 3 3 1 3 4 2 3 3 2 1 3 3 3 2 2 3 3 1 2 2 2 1 4 3 1 4 1 3 3 3 2 2 2 3 2 2 1 3 3 2 3 2 3 0 2 1 3 2 2 2 4 2 3 2 3 2 3 2 3 2 3 2 3 2 2 3 2
3 3 1 2 1 2 3 2 1 2 2 2 3 2 2 2 2 3 2 3 3 2 2 3 1 3 3 2 3 2 3 2 3 3 3 1 3 3 2 3 3 2 1 3 3 3 2 1 3 2 1 2 2 2 1 3 3 1 3 1 3 3 3 1 2 2 3 1 1 1 2 3 2 2 2 3 2 0 1 3 2 2 1 3 2 3 2 2 1 3 2 3 2 3 2 3 2 2 2 2
2 2 1 1 1 1 2 2 1 1 1 2 2 2 1 1 1 2 2 2 2 1 2 2 1 2 2 1 2 1 2 1 2 2 2 1 2 2 1 2 2 1 1 2 2 2 1 1 2 2 1 1 2 1 1 2 2 1 2 1 2 2 2 1 1 2 2 1 1 1 2 2 1 2 1 2 1 1 0 2 1 2 1 2 1 2 1 2 1 2 1 2 1 2 1 2 1 2 2 1
4 4 2 3 2 3 4 4 2 3 3 4 4 4 3 3 2 4 4 4 4 2 4 4 2 4 5 3 4 2 4 2 5 4 4 2 4 5 2 4 5 3 2 4 5 5 3 2 4 4 2 3 4 3 2 5 5 2 5 2 4 4 4 2 3 4 5 2 2 2 4 5 3 4 3 5 3 3 2 0 3 4 2 5 3 5 2 4 2 5 3 4 3 4 3 5 3 4 4 3
3 3 1 2 1 2 3 2 1 2 2 2 3 2 2 2 2 3 2 3 3 2 2 3 1 3 3 2 3 2 3 2 3 3 3 1 3 3 2 3 3 2 1 3 3 3 2 1 3 2 1 2 2 2 1 3 3 1 3 1 3 3 3 1 2 2 3 1 1 1 2 3 2 2 2 3 2 2 1 3 0 2 1 3 2 3 2 2 1 3 2 3 2 3 2 3 2 2 2 2
3 3 2 3 2 2 3 3 2 2 2 3 3 3 2 2 2 3 3 3 3 2 3 3 2 3 4 2 3 2 3 2 4 3 3 2 3 4 2 3 4 2 2 3 4 4 2 2 3 3 2 2 3 2 2 4 4 2 4 2 3 3 3 2 2 3 4 2 2 2 3 4 2 3 2 4 2 2 2 4 2 0 2 4 3 4 2 3 2 4 2 3 2 3 2 4 2 3 3 2
2 2 1 2 1 1 2 2 1 1 1 2 2 2 1 1 1 2 2 2 2 1 2 2 1 2 2 1 2 1 2 1 2 2 2 1 2 3 1 2 2 1 1 2 2 2 1 1 2 2 1 2 2 2 1 3 2 1 3 1 2 2 2 1 1 2 2 1 1 1 2 2 2 2 2 2 2 1 1 2 1 2 0 3 2 2 1 2 1 2 1 2 1 2 1 2 2 2 2 1
5 5 2 4 2 3 4 4 3 3 3 4 4 4 3 3 3 5 4 5 5 3 4 5 3 5 5 3 4 3 4 3 5 5 5 2 5 6 3 4 5 3 2 5 5 5 3 3 5 4 2 4 4 4 2 6 5 2 6 2 4 4 4 3 3 4 5 3 3 2 4 5 4 4 4 5 4 3 2 5 3 4 3 0 4 5 3 4 3 5 3 4 3 5 3 5 4 4 4 3
3 3 1 3 1 2 3 3 2 2 2 3 3 3 2 2 2 3 3 3 3 2 3 3 2 3 4 2 3 2 3 2 3 3 3 1 3 4 2 3 3 2 1 3 3 3 2 2 3 3 1 2 3 2 1 4 4 1 4 1 3 3 3 2 2 3 3 2 2 1 3 4 2 3 2 4 2 2 1 3 2 3 2 4 0 3 2 3 2 4 2 3 2 3 2 3 2 3 3 2
4 4 2 3 2 3 4 4 2 3 3 4 4 4 3 3 3 4 4 4 4 3 4 4 2 4 5 3 4 3 4 3 5 4 4 2 4 5 3 4 5 3 2 4 5 5 3 2 4 4 2 3 4 3 2 5 5 2 5 2 4 4 4 2 3 4 5 2 2 2 4 5 3 4 3 5 3 3 2 5 3 4 2 5 3 0 3 4 2 5 3 4 3 4 3 5 3 4 4 3
2 2 1 2 1 1 2 2 1 1 1 2 2 2 1 1 1 2 2 2 2 1 2 2 1 2 3 1 2 1 2 1 2 2 2 1 2 3 1 2 3 1 1 2 2 2 1 1 2 2 1 2 2 2 1 3 3 1 3 1 2 2 2 1 1 2 2 1 1 1 2 3 2 2 2 3 2 2 1 2 2 2 1 3 2 3 0 2 1 3 1 2 1 2 1 2 2 2 2 1
3 3 2 3 2 2 3 3 2 2 2 3 3 3 2 2 2 4 3 3 4 2 3 3 2 4 4 2 3 2 3 2 4 3 3 2 4 4 2 3 4 2 2 4 4 4 2 2 3 3 2 3 3 3 2 4 4 2 4 2 3 3 3 2 2 3 4 2 2 2 3 4 3 3 3 4 3 2 2 4 2 3 2 4 3 4 2 0 2 4 2 3 2 4 2 4 3 3 3 2
2 2 1 2 1 1 2 2 1 1 1 2 2 2 1 1 1 2 2 2 2 1 2 2 1 2 2 1 2 1 2 1 2 2 2 1 2 3 1 2 2 1 1 2 2 2 1 1 2 2 1 2 2 2 1 3 2 1 3 1 2 2 2 1 1 2 2 1 1 1 2 2 2 2 2 2 2 1 1 2 1 2 1 3 2 2 1 2 0 2 1 2 1 2 1 2 2 2 2 1
4 5 2 4 2 3 4 4 2 3 3 4 4 4 3 3 3 5 4 4 5 3 4 4 2 5 5 3 4 3 4 3 5 4 5 2 5 5 3 4 5 3 2 5 5 5 3 2 4 4 2 3 4 3 2 5 5 2 5 2 4 4 4 2 3 4 5 2 2 2 4 5 3 4 3 5 3 3 2 5 3 4 2 5 4 5 3 4 2 0 3 4 3 5 3 5 3 4 4 3
2 3 1 2 1 2 2 2 1 2 2 2 2 2 2 2 1 3 2 2 3 1 2 2 1 3 3 2 2 1 2 1 3 2 3 1 3 3 1 2 3 2 1 3 3 3 2 1 2 2 1 2 2 2 1 3 3 1 3 1 2 2 2 1 2 2 3 1 1 1 2 3 2 2 2 3 2 2 1 3 2 2 1 3 2 3 1 2 1 3 0 2 2 3 2 3 2 2 2 2
4 4 2 3 2 3 4 3 2 3 2 3 4 3 3 3 2 4 3 4 4 2 3 4 2 4 4 3 3 2 3 2 4 4 4 2 4 4 2 3 4 3 2 4 4 4 2 2 4 3 2 3 3 3 2 4 4 2 4 2 4 4 4 2 3 3 4 2 2 2 3 4 3 3 3 4 3 3 2 4 3 3 2 4 3 4 2 3 2 4 2 0 2 4 2 4 3 3 3 3
2 3 1 2 1 2 2 2 1 2 2 2 2 2 2 2 1 3 2 2 3 1 2 2 1 3 3 2 2 1 2 1 3 2 3 1 3 3 1 2 3 2 1 3 3 3 2 1 2 2 1 2 2 2 1 3 3 1 3 1 2 2 2 1 2 2 3 1 1 1 2 3 2 2 2 3 2 2 1 3 2 2 1 3 2 3 1 2 1 3 2 2 0 3 2 3 2 2 2 2
4 4 2 3 2 3 4 3 2 3 3 3 4 4 3 3 2 4 3 4 4 2 4 4 2 4 5 3 4 2 4 2 4 4 4 2 4 5 2 4 4 3 2 4 4 4 3 2 4 4 2 3 3 3 2 5 5 2 5 2 4 4 4 2 3 3 4 2 2 2 4 5 3 4 3 5 3 3 2 4 3 3 2 5 3 4 2 4 2 5 3 4 3 0 3 4 3 3 4 3
2 3 1 2 1 2 2 2 1 2 2 2 2 2 2 2 1 3 2 2 3 1 2 2 1 3 3 2 2 1 2 1 3 2 3 1 3 3 1 2 3 2 1 3 3 3 2 1 2 2 1 2 2 2 1 3 3 1 3 1 2 2 2 1 2 2 3 1 1 1 2 3 2 2 2 3 2 2 1 3 2 2 1 3 2 3 1 2 1 3 2 2 2 3 0 3 2 2 2 2
4 4 2 3 2 3 4 4 2 3 3 4 4 4 3 3 2 4 4 4 4 2 4 4 2 4 5 3 4 2 4 2 5 4 4 2 4 5 2 4 5 3 2 4 5 5 3 2 4 4 2 3 4 3 2 5 5 2 5 2 4 4 4 2 3 4 5 2 2 2 4 5 3 4 3 5 3 3 2 5 3 4 2 5 3 5 2 4 2 5 3 4 3 4 3 0 3 4 4 3
3 3 1 2 1 2 3 2 2 2 2 2 3 3 2 2 2 3 2 3 3 2 3 3 2 3 3 2 3 2 3 2 3 3 3 1 3 4 2 3 3 2 1 3 3 3 2 2 3 3 1 2 2 2 1 4 3 1 4 1 3 3 3 2 2 2 3 2 2 1 3 3 2 3 2 3 2 2 1 3 2 2 2 4 2 3 2 3 2 3 2 3 2 3 2 3 0 2 3 2
3 3 2 3 2 2 3 3 2 2 2 3 3 3 2 2 2 3 3 3 3 2 3 3 2 3 4 2 3 2 3 2 4 3 3 2 3 4 2 3 4 2 2 3 4 4 2 2 3 3 2 2 3 2 2 4 4 2 4 2 3 3 3 2 2 3 4 2 2 2 3 4 2 3 2 4 2 2 2 4 2 3 2 4 3 4 2 3 2 4 2 3 2 3 2 4 2 0 3 2
3 3 2 3 2 2 3 3 2 2 2 3 3 3 2 2 2 4 3 3 4 2 3 3 2 4 4 2 3 2 3 2 4 3 3 2 4 4 2 3 4 2 2 4 4 4 2 2 3 3 2 3 3 3 2 4 4 2 4 2 3 3 3 2 2 3 4 2 2 2 3 4 3 3 3 4 3 2 2 4 2 3 2 4 3 4 2 3 2 4 2 3 2 4 2 4 3 3 0 2
3 3 1 2 1 2 3 2 1 2 2 2 3 2 2 2 1 3 2 3 3 1 2 3 1 3 3 2 2 1 2 1 3 3 3 1 3 3 1 2 3 2 1 3 3 3 2 1 3 2 1 2 2 2 1 3 3 1 3 1 3 3 3 1 2 2 3 1 1 1 2 3 2 2 2 3 2 2 1 3 2 2 1 3 2 3 1 2 1 3 2 3 2 3 2 3 2 2 2 0
