150
49 616 672
43 165 281
55 106 243
36 331 449
44 132 189
18 106 190
40 857 968
40 237 343
24 588 703
30 1147 1236
19 774 864
24 62 114
18 434 535
18 345 371
27 348 421
31 1363 1454
35 784 899
9 224 278
53 289 374
46 68 184
20 246 300
47 474 595
36 52 135
30 373 441
42 367 463
54 1148 1227
38 547 646
50 814 953
32 1908 2027
18 183 213
37 1140 1205
53 524 605
18 254 332
2 131 201
1 329 409
28 96 205
43 638 692
1 1176 1250
23 837 949
22 971 994
37 111 187
40 188 290
18 409 483
23 102 134
23 851 945
18 1006 1090
8 234 270
60 582 646
43 407 521
30 82 201
36 295 420
20 266 345
3 330 355
53 963 1088
60 100 221
16 123 199
49 153 271
21 1849 1933
38 117 184
42 858 987
20 1447 1475
26 541 650
30 136 244
33 29 143
41 774 877
20 548 602
28 236 282
34 147 251
40 168 232
15 607 667
27 28 112
21 596 638
33 632 677
51 2 141
29 389 490
36 182 275
58 373 432
26 836 869
29 119 197
45 966 1019
18 71 97
32 874 915
13 352 397
4 1716 1755
21 2129 2178
39 17 58
60 388 517
17 234 252
23 648 706
50 293 366
23 828 942
43 2358 2415
44 81 214
68 870 995
50 1090 1183
40 1295 1346
29 806 851
49 1292 1407
48 348 408
57 204 275
5 866 879
40 312 400
30 640 732
41 23 133
33 191 257
37 187 277
44 1135 1232
35 798 845
53 149 243
40 1137 1216
21 1723 1828
9 189 227
7 946 994
49 321 392
1 323 347
14 38 134
1 121 172
27 351 443
25 929 1016
15 156 229
1 207 292
34 73 158
33 231 297
7 45 79
42 802 886
40 729 842
43 192 238
28 214 290
38 1458 1528
20 226 338
49 570 667
54 1403 1499
29 1966 2032
12 209 296
24 449 544
21 410 496
47 41 132
17 1314 1415
14 1043 1121
25 492 588
22 1601 1671
33 1353 1419
47 926 1015
22 1947 1982
45 497 621
4 715 796
18 307 374
45 327 411
47 927 982
37 99 197
0 41 30 27 44 14 27 7 8 5 15 13 5 12 26 7 28 9 25 40 8 29 16 22 9 15 29 3 16 17 27 8 12 2 0 3 17 1 6 9 22 21 14 14 3 10 8 25 24 22 26 0 2 9 46 14 47 20 12 42 3 4 13 28 4 4 11 21 20 8 3 17 14 21 3 0 29 10 12 19 14 3 0 4 9 10 8 14 3 25 18 43 33 49 29 34 7 35 37 17 2 3 6 37 17 23 11 13 17 6 4 8 0 25 1 7 1 13 20 9 0 13 30 1 16 35 7 14 12 15 34 4 21 3 7 11 22 9 12 20 1 16 23 6 32 1 6 19 24 5
16 0 28 30 24 14 11 1 22 18 5 18 16 0 5 3 3 3 30 0 0 5 28 23 12 5 3 2 16 13 34 33 15 2 0 13 16 1 15 15 17 21 16 21 23 1 1 30 13 21 25 14 1 21 11 8 40 15 10 19 17 16 12 26 0 19 19 14 10 7 20 9 25 14 12 26 0 12 9 29 1 30 10 4 2 37 19 9 2 15 15 6 35 4 42 29 2 22 17 43 5 11 5 40 12 14 13 19 21 26 18 3 7 5 0 3 1 17 16 4 0 23 10 2 27 19 8 23 8 6 40 38 15 11 24 4 26 8 11 24 15 6 29 13 8 3 6 15 22 33
18 22 0 17 24 17 34 2 16 13 13 9 6 5 8 13 33 5 30 26 8 39 5 5 41 22 11 49 15 2 3 23 16 2 1 9 13 1 22 2 37 13 10 15 19 13 2 43 40 1 36 3 3 5 36 3 3 10 10 15 6 11 13 5 37 19 23 11 33 7 12 6 33 15 17 6 2 20 18 44 2 9 9 2 11 25 5 13 2 20 10 41 38 4 10 12 9 33 42 7 3 27 8 21 6 3 24 20 37 36 18 8 4 21 1 12 1 2 21 8 0 2 5 1 20 20 10 20 2 0 34 5 6 11 7 2 13 4 12 7 14 28 43 15 10 4 7 20 9 2
22 5 8 0 7 18 22 18 10 13 7 19 7 2 27 31 4 6 34 5 14 19 14 10 9 3 14 7 16 14 28 27 12 1 1 24 9 1 5 18 29 6 5 16 19 1 7 35 6 5 3 20 3 3 9 16 11 11 27 28 7 14 8 17 3 10 12 33 2 0 9 16 5 35 25 23 23 4 3 36 4 31 11 3 11 34 4 4 8 6 4 9 18 30 18 25 14 21 29 15 4 0 13 36 30 34 17 23 3 11 9 2 6 18 0 1 1 26 4 2 1 24 10 3 29 35 13 26 30 11 26 4 6 8 12 11 16 5 6 3 18 8 22 17 33 1 17 15 19 24
37 25 1 23 0 0 13 4 21 12 12 2 5 16 18 13 16 3 0 41 13 5 15 9 30 26 30 5 29 18 20 12 6 0 1 23 22 1 3 7 17 32 18 6 2 2 1 15 38 4 15 7 3 25 20 2 31 19 31 29 0 11 13 25 31 15 23 25 10 12 24 20 24 26 10 18 6 0 22 32 14 11 9 4 3 15 27 4 10 15 2 3 16 23 17 2 17 33 25 31 5 29 15 2 12 25 9 7 29 16 1 4 4 25 0 10 1 1 21 9 1 14 21 6 29 7 41 26 25 0 34 40 23 6 6 0 3 3 13 8 15 31 28 17 37 3 4 15 25 15
11 14 16 6 9 0 14 12 6 14 3 14 6 11 7 0 15 6 14 2 4 4 15 17 17 12 11 0 0 15 16 18 10 2 1 0 6 1 8 13 17 0 12 9 16 9 7 6 12 5 13 13 3 18 18 15 7 12 4 7 7 13 10 8 11 4 7 14 5 5 12 17 15 4 13 8 18 4 8 7 6 3 7 1 12 13 18 9 4 6 9 7 5 3 6 4 2 4 3 9 2 1 13 13 6 5 15 1 18 7 6 1 7 8 1 5 1 1 4 7 0 17 0 7 18 13 3 6 11 6 7 3 18 6 10 14 12 12 4 14 11 2 11 10 2 0 2 10 8 4
22 3 18 4 31 2 0 22 12 15 11 18 3 13 2 13 11 2 0 7 15 10 0 14 17 18 7 4 15 15 18 24 16 1 1 27 40 1 1 18 34 1 11 22 12 8 6 13 38 23 20 18 0 21 27 3 8 9 35 2 2 13 19 3 25 17 7 14 15 4 5 19 8 24 4 28 21 14 14 29 16 24 10 2 4 21 30 17 14 20 5 19 23 11 27 27 21 7 38 9 2 34 3 26 16 36 4 12 35 40 12 2 6 27 1 0 0 24 19 8 1 25 11 6 24 12 24 7 15 6 36 31 13 6 14 3 17 11 1 13 11 28 10 0 17 1 18 18 15 14
11 6 27 5 9 1 3 0 24 13 5 24 3 14 12 13 19 8 2 10 15 19 33 16 19 33 36 34 30 7 4 15 10 1 0 15 27 1 1 9 31 24 14 13 5 18 3 27 27 1 30 11 3 14 19 16 2 7 28 16 18 1 1 22 17 19 21 20 39 13 18 21 23 10 19 19 33 12 26 10 8 10 3 0 5 2 26 1 11 16 18 35 4 19 5 17 18 26 12 32 0 33 21 10 18 31 6 30 21 35 10 0 5 15 0 12 1 1 2 0 1 15 24 6 22 23 35 6 15 0 20 26 3 2 12 17 20 8 2 22 1 3 21 4 12 0 14 7 28 19
11 4 7 16 18 15 19 15 0 13 4 21 11 5 10 22 23 8 10 19 14 23 14 12 9 6 23 9 15 3 5 21 9 1 0 3 19 0 3 10 20 14 3 13 16 1 8 19 12 18 4 3 2 14 6 13 15 19 21 12 15 12 3 1 13 15 2 10 0 10 4 16 8 22 7 17 16 12 22 4 12 8 2 1 20 22 9 0 16 4 13 7 18 16 1 23 9 6 14 24 5 3 21 4 2 8 21 14 23 15 8 1 6 5 0 7 1 14 7 4 0 18 18 4 3 7 4 8 0 20 14 12 12 0 1 9 22 2 7 22 13 14 18 3 24 3 9 15 3 16
13 23 5 5 20 13 8 24 13 0 12 12 10 17 22 24 10 3 15 6 18 9 19 4 26 13 17 14 24 18 20 14 2 1 1 23 8 1 5 10 25 14 2 21 15 1 1 3 21 22 24 11 3 26 7 4 28 1 10 19 9 7 30 0 8 11 24 22 17 9 19 2 26 21 14 5 17 25 16 26 10 8 8 4 13 18 10 1 9 24 9 16 27 19 8 1 18 5 17 2 5 20 19 11 9 24 12 9 18 19 1 3 3 6 0 14 1 1 7 1 0 22 26 3 26 11 15 20 27 7 15 8 10 2 12 15 18 9 3 8 3 4 4 3 3 0 15 10 25 16
4 16 1 6 13 5 5 19 13 7 0 12 3 5 12 1 14 2 19 13 12 12 18 9 0 4 17 17 15 9 1 15 11 0 0 18 2 1 3 11 8 16 4 14 5 17 4 8 14 6 4 11 0 15 13 16 14 1 4 10 19 12 0 8 3 17 7 7 17 2 13 17 1 16 1 16 9 0 8 1 13 12 11 2 3 18 16 9 19 8 12 8 10 3 14 8 17 12 9 7 2 5 12 9 17 4 12 1 15 13 14 6 7 8 0 6 1 4 2 4 0 13 9 4 16 2 10 18 17 19 1 4 13 3 13 17 12 10 0 3 14 3 11 16 6 0 17 4 15 15
12 12 2 21 22 11 17 6 1 1 0 0 15 18 0 14 13 4 21 2 12 9 21 8 23 4 18 18 0 11 17 23 6 2 1 12 4 1 22 14 9 11 14 7 14 7 3 15 22 4 13 9 2 23 16 2 2 4 5 18 0 21 3 20 2 15 17 10 10 5 10 18 9 12 13 16 13 2 13 20 14 21 12 2 1 2 5 7 16 14 0 4 17 12 5 3 12 13 5 9 5 7 21 15 18 8 6 2 22 0 0 8 6 15 1 4 1 17 23 0 0 17 4 7 18 18 24 21 20 20 1 10 4 1 24 13 19 2 12 8 0 13 14 12 18 2 17 11 22 14
17 6 0 4 16 17 3 13 11 1 6 18 0 1 7 16 3 3 3 12 15 16 12 16 0 13 5 15 10 10 7 11 4 0 0 17 3 1 11 5 12 8 6 16 1 10 5 9 17 7 10 17 1 13 18 1 1 3 13 7 13 4 3 5 6 6 0 14 5 8 17 17 18 5 9 10 5 4 15 5 13 14 3 4 0 16 17 3 12 7 13 11 3 3 9 5 15 10 18 6 0 0 16 13 2 10 1 7 16 7 11 4 3 3 1 8 1 2 7 13 1 12 2 2 11 6 11 11 15 7 0 17 9 1 8 6 8 7 4 0 0 16 3 6 11 3 11 9 15 2
14 17 4 2 1 13 2 15 10 1 11 8 6 0 17 5 9 2 4 3 8 0 12 17 12 4 11 8 1 13 11 14 11 1 1 8 2 0 11 0 4 15 1 5 1 6 7 12 10 7 16 13 0 5 4 5 11 7 11 8 0 8 0 7 2 4 8 6 12 3 16 1 14 3 17 6 8 5 5 18 15 6 6 0 5 16 18 16 2 18 16 11 16 14 11 1 16 5 8 4 0 11 12 13 10 12 5 2 12 4 5 9 1 1 0 1 0 1 13 0 1 4 17 3 6 8 18 6 8 0 18 10 1 4 17 15 18 0 0 6 5 16 4 9 3 4 7 3 18 16
22 8 13 27 19 18 16 23 24 12 9 22 14 14 0 13 22 9 19 22 8 20 6 21 23 13 0 22 9 10 18 14 0 1 0 7 11 1 15 22 7 16 1 23 16 2 2 14 21 12 3 13 2 17 20 16 10 21 0 21 1 5 6 4 20 20 3 17 10 9 21 7 4 17 21 9 4 21 17 26 16 7 9 4 1 3 27 3 4 19 22 2 14 17 16 8 26 1 27 13 3 16 26 10 17 12 19 3 1 24 16 9 2 21 0 12 1 6 6 1 1 27 10 3 6 0 25 24 0 11 2 25 13 0 4 0 4 6 13 0 3 11 11 9 20 4 17 19 27 14
21 7 21 27 5 9 24 15 19 19 1 16 5 15 19 0 14 4 26 6 5 1 27 25 23 27 18 22 9 14 22 0 1 0 0 19 7 0 9 7 25 18 15 4 23 14 4 24 5 1 12 18 0 15 28 14 15 0 9 25 10 22 12 1 4 6 19 20 3 8 14 2 26 28 15 30 26 14 4 14 5 25 4 0 0 21 10 4 12 5 5 26 2 21 1 13 12 26 18 20 4 9 22 12 8 3 11 19 29 8 21 3 6 23 1 12 1 13 24 2 1 8 29 5 18 5 18 12 28 15 14 27 2 2 22 1 24 6 12 20 7 21 22 5 11 4 13 28 25 14
15 21 18 20 15 14 9 22 1 1 15 21 18 7 15 0 0 3 23 25 16 9 22 29 12 13 13 4 3 8 1 12 4 0 0 0 29 1 15 16 8 30 11 0 15 13 0 16 31 24 26 2 1 2 18 11 1 16 21 6 3 6 21 13 16 9 19 14 0 2 11 14 10 14 27 35 29 26 6 21 4 15 0 4 1 20 24 15 17 23 1 9 12 16 34 1 6 21 22 16 2 12 13 31 3 34 20 15 27 6 16 0 7 29 1 13 0 3 25 10 1 15 13 2 7 32 16 4 31 9 8 7 21 11 11 11 27 6 3 4 8 21 13 5 7 3 0 33 17 6
6 9 3 7 0 0 4 7 7 9 9 8 5 8 0 1 3 0 5 3 1 4 7 8 9 0 1 5 4 6 9 4 4 2 0 5 9 0 9 3 3 0 7 0 1 9 7 8 0 6 2 3 3 8 0 6 9 7 8 4 6 8 0 0 2 2 6 3 9 7 2 5 8 8 8 8 4 9 8 7 5 8 6 0 8 3 9 8 2 2 8 2 3 1 5 0 4 6 7 1 4 4 2 7 8 6 5 7 6 4 3 3 3 7 1 7 0 8 7 6 1 9 0 1 5 8 0 4 1 7 5 2 7 0 9 8 2 3 5 1 1 6 5 3 3 3 1 7 4 2
32 0 21 7 32 0 30 12 3 22 15 13 0 4 18 23 4 0 0 7 12 7 20 29 15 46 14 4 11 17 33 46 15 0 1 14 10 0 18 8 36 21 12 16 0 6 0 20 23 26 36 10 0 0 31 16 11 3 8 18 0 15 25 12 30 12 10 23 31 11 8 9 32 15 29 16 33 16 1 37 12 32 12 3 12 33 21 7 3 31 13 43 9 41 2 29 19 44 1 26 0 39 8 38 15 1 24 16 12 22 19 3 7 35 1 11 0 19 7 7 1 11 30 6 32 11 3 27 4 18 39 22 23 6 17 11 26 4 13 25 1 32 8 14 5 4 16 4 34 37
44 21 28 34 19 4 16 5 13 18 18 4 4 12 11 8 35 4 39 0 1 45 13 0 9 2 11 13 28 4 21 44 3 0 0 17 0 1 14 4 11 8 15 5 0 2 3 18 11 14 34 0 1 42 5 10 40 12 11 39 13 4 11 26 16 14 7 20 29 14 11 5 11 41 0 26 32 11 17 15 12 9 3 3 21 38 13 17 17 28 17 33 11 0 24 13 10 15 26 28 2 15 14 16 1 17 20 19 11 4 7 4 6 20 0 4 1 27 1 13 0 1 32 2 19 12 42 9 16 10 37 36 11 6 13 16 26 16 14 18 5 0 1 11 5 0 6 11 12 0
12 16 0 10 16 15 12 15 15 7 8 3 12 7 14 2 1 6 7 7 0 13 15 3 16 10 5 20 6 17 15 19 8 1 1 15 4 1 5 20 2 8 12 17 7 14 0 10 15 20 20 15 1 4 6 10 5 12 5 18 13 9 3 14 20 6 7 2 5 9 1 0 19 2 10 19 17 16 8 6 3 10 0 4 2 5 13 13 7 1 16 18 4 12 19 16 14 4 12 5 3 9 2 19 16 8 16 0 9 16 12 0 3 2 0 4 0 16 8 11 0 6 15 2 7 4 5 6 6 8 11 8 17 11 19 8 15 5 14 2 20 1 0 20 0 1 7 10 11 9
31 4 36 5 41 8 22 7 20 21 19 22 18 8 13 2 29 7 41 28 3 0 32 24 39 44 7 35 10 12 12 22 6 1 1 0 16 0 21 16 13 34 11 21 4 10 3 44 29 5 32 4 2 12 8 16 27 12 11 37 11 15 3 23 5 16 7 29 19 15 26 13 8 31 29 26 0 0 6 6 13 32 6 2 3 38 29 13 5 9 19 9 36 11 21 7 21 38 11 16 2 36 13 29 30 11 33 34 6 20 19 9 0 27 1 7 1 26 19 10 1 27 25 5 12 17 36 13 3 2 1 47 1 0 21 2 34 11 1 0 0 18 7 0 3 4 13 3 32 17
15 16 7 29 32 8 7 30 2 13 0 2 7 14 10 4 31 6 30 19 12 7 0 1 0 1 6 28 13 4 18 10 2 1 0 20 4 0 18 10 8 13 9 22 5 11 4 20 27 13 30 15 2 0 20 2 36 0 11 7 1 0 0 9 22 5 2 28 8 4 16 10 15 26 20 2 36 12 27 36 7 6 5 0 6 6 25 5 19 10 3 8 19 19 6 1 19 13 29 18 4 4 19 6 2 1 16 23 22 30 11 0 2 11 0 14 0 24 4 9 1 0 2 7 6 7 20 26 12 10 32 3 3 7 8 21 17 7 10 14 19 21 0 4 36 3 4 33 22 23
24 3 27 19 6 10 12 27 23 18 10 9 18 9 13 3 3 2 1 29 6 4 2 0 22 27 21 4 9 10 0 16 2 2 0 14 4 0 17 14 13 29 2 9 7 9 6 18 17 15 19 5 1 1 24 12 23 5 15 1 13 18 14 6 2 14 18 9 1 2 4 9 0 12 15 7 13 19 10 3 3 20 11 1 7 16 25 13 5 21 12 18 26 18 17 14 13 30 16 3 1 25 9 5 6 1 15 24 22 15 6 9 6 24 0 7 1 17 9 8 1 2 17 7 27 5 13 12 10 6 15 30 4 0 2 3 9 11 4 9 22 25 15 17 6 2 12 22 16 16
11 42 41 24 39 14 38 24 21 22 17 4 16 6 8 7 30 6 5 41 18 20 30 12 0 39 12 25 24 14 13 11 7 0 1 8 16 1 12 11 37 8 16 21 1 16 2 14 20 2 13 1 0 14 12 8 33 7 1 21 17 3 22 33 12 18 18 33 33 13 20 2 30 11 0 1 7 14 19 1 15 5 3 0 4 3 41 6 1 0 22 12 6 36 35 35 12 25 19 26 0 19 29 1 26 12 15 28 2 22 6 0 1 40 0 11 0 17 15 4 1 1 19 1 42 40 0 27 6 1 18 19 12 3 7 20 38 8 4 11 10 12 14 6 2 3 12 12 13 33
12 15 25 3 34 6 4 20 6 22 11 14 6 13 21 17 3 0 50 11 13 36 22 3 36 0 31 46 24 17 26 15 0 1 1 24 17 1 21 14 13 17 12 14 15 1 2 20 40 10 12 16 2 44 32 13 27 3 25 19 6 9 2 12 18 9 4 10 29 10 9 5 33 37 29 17 6 5 6 28 16 5 9 3 13 24 21 0 0 37 2 26 8 0 34 3 23 13 11 5 3 11 1 21 25 32 41 30 51 32 2 2 4 17 0 6 1 0 11 9 0 19 7 0 27 37 21 2 8 4 4 54 25 10 4 11 29 7 8 12 15 0 7 9 27 1 8 29 46 6
35 6 25 30 8 15 13 17 3 12 14 22 3 13 25 1 0 0 33 25 4 8 9 16 34 10 0 1 2 18 22 32 6 2 1 2 8 0 17 19 32 17 14 16 4 8 0 37 26 19 17 19 0 12 31 15 16 20 8 17 3 18 21 2 9 1 3 4 36 5 23 10 15 13 26 1 36 3 10 13 17 24 10 4 13 29 11 6 23 15 1 13 29 1 13 21 9 17 22 26 2 7 16 23 24 36 35 2 28 5 14 0 7 16 0 8 0 16 20 12 0 30 3 4 4 14 38 14 36 0 24 26 4 12 7 16 9 15 10 1 9 12 30 14 20 3 8 26 25 2
28 39 26 29 29 18 23 15 2 1 10 17 4 11 16 5 25 9 32 5 12 11 18 19 29 7 33 0 11 11 18 50 18 1 0 12 22 0 19 10 29 27 12 21 2 7 2 26 17 0 21 13 2 16 14 6 28 9 30 39 15 20 1 2 12 14 7 25 39 3 21 17 27 38 13 27 17 4 28 42 18 29 7 4 1 13 6 14 18 12 12 27 20 47 14 35 24 36 10 39 1 30 12 13 28 29 40 11 11 32 7 5 7 6 1 8 0 10 15 2 1 32 12 7 4 14 26 25 8 1 47 18 3 7 22 17 42 15 8 11 7 7 12 3 44 3 0 8 23 25
24 13 1 28 24 13 6 16 8 21 18 6 17 8 21 12 20 0 13 5 12 2 27 18 21 15 11 26 0 9 23 22 3 0 0 24 14 0 6 8 15 19 15 13 5 12 5 23 12 15 20 19 2 18 0 5 29 18 18 6 18 25 25 2 18 6 22 6 1 11 2 17 1 4 26 14 21 23 27 14 16 32 13 0 21 14 0 11 12 28 18 3 2 19 21 29 13 12 3 15 3 26 29 19 11 9 6 0 29 32 20 2 2 23 1 6 1 20 13 2 1 30 13 3 29 18 16 18 13 4 18 19 6 1 12 1 28 16 6 25 11 2 22 20 7 2 2 4 23 29
12 18 5 14 16 14 2 9 6 4 17 9 8 5 1 15 7 9 18 8 17 10 8 1 17 11 2 7 3 0 11 18 4 1 0 15 13 1 12 11 9 3 18 17 10 8 2 8 2 18 0 6 0 12 12 16 3 16 11 16 1 1 17 6 1 18 17 4 13 11 12 1 0 12 2 10 13 12 10 17 6 1 5 4 8 9 16 5 6 8 10 15 9 16 14 15 15 8 3 14 3 11 7 1 18 9 8 2 13 6 13 0 0 4 1 5 1 5 11 8 1 12 3 5 6 13 15 18 16 13 11 17 1 5 5 3 2 3 0 13 5 0 4 15 8 3 5 0 13 6
33 31 11 32 17 4 19 0 18 25 17 20 9 17 12 17 10 4 8 11 0 9 31 3 20 11 21 35 17 0 0 25 5 0 0 24 13 0 12 14 9 23 7 18 15 18 1 27 1 11 23 8 2 16 34 16 15 18 13 29 20 4 25 26 25 17 2 34 18 11 10 21 18 2 20 26 4 10 27 14 15 21 9 4 10 8 31 16 18 3 4 10 33 35 37 27 1 25 16 9 3 34 12 7 19 9 20 13 14 23 13 7 1 4 1 9 1 27 11 5 1 33 17 7 26 20 16 14 23 9 34 35 3 11 20 8 12 7 2 23 18 0 13 7 15 0 5 5 31 36
41 24 36 6 38 15 33 9 24 24 0 13 14 0 3 13 35 7 42 29 14 21 6 20 3 20 38 33 6 14 27 0 0 0 0 3 40 0 21 21 27 22 8 22 9 1 4 26 30 1 16 12 2 3 45 10 4 12 28 10 18 11 26 7 9 1 27 3 4 4 26 7 3 42 27 2 52 15 13 13 4 23 10 1 14 22 18 8 14 9 20 29 41 44 17 34 7 24 17 26 3 23 5 25 28 14 7 17 2 28 7 4 5 2 1 0 0 25 9 15 1 14 7 0 0 1 35 0 5 11 10 34 9 8 14 0 39 0 11 2 8 23 20 7 30 0 12 38 38 34
5 17 8 12 15 5 12 0 16 13 14 10 11 4 4 3 14 4 10 14 16 14 12 4 9 9 18 11 18 16 18 11 0 0 0 8 5 1 10 16 15 5 17 10 5 6 3 7 4 9 13 9 0 6 2 16 11 6 11 0 8 3 15 2 18 7 0 2 13 12 6 12 17 2 2 15 10 16 15 0 15 3 4 3 0 14 18 6 7 14 2 18 4 0 1 9 14 0 3 9 2 17 0 11 2 5 10 8 1 6 0 9 4 16 0 14 1 11 13 15 1 18 11 7 12 7 1 15 8 11 1 12 18 9 2 13 17 2 5 1 8 5 11 18 12 1 11 4 4 16
1 0 2 0 1 1 0 1 0 1 0 1 2 0 2 1 1 0 2 1 0 0 0 1 0 0 1 1 0 2 0 0 0 0 1 1 1 0 1 0 1 0 1 2 1 2 2 0 0 0 1 2 0 1 1 0 0 0 0 2 1 2 2 2 2 0 0 0 0 1 1 0 1 1 1 0 1 2 2 1 1 1 2 0 0 2 2 0 0 2 2 0 0 0 2 1 1 0 0 1 2 2 0 0 1 1 2 0 2 0 1 2 1 1 0 1 1 0 0 0 0 2 0 1 0 0 1 1 0 2 1 0 1 0 0 1 2 2 1 2 1 1 0 1 1 1 1 1 2 1
0 1 1 1 1 1 0 0 0 0 0 0 1 1 1 1 1 1 1 0 1 0 0 0 1 0 1 0 0 1 0 1 0 1 0 0 1 0 1 1 1 0 1 0 1 0 0 0 0 0 1 1 0 1 1 0 0 0 0 1 0 0 1 0 0 0 0 0 0 1 0 0 0 0 0 1 1 1 0 0 0 0 0 1 1 0 1 1 1 1 1 1 1 1 1 0 1 0 1 1 1 1 0 0 1 0 1 0 1 1 1 0 1 1 1 1 1 1 1 0 0 0 1 1 1 1 0 1 1 1 1 1 0 0 0 1 0 1 1 1 0 0 1 0 0 0 1 0 0 0
7 4 1 22 6 14 13 24 19 19 12 8 7 9 3 7 24 3 24 12 8 14 11 22 23 9 0 3 12 2 2 12 12 0 1 0 10 0 8 19 10 4 2 1 14 1 6 24 7 18 16 20 3 2 24 1 6 14 3 21 5 13 10 22 11 2 6 24 15 1 13 19 5 8 7 19 22 1 13 23 1 26 5 2 21 9 2 1 8 0 18 16 20 9 9 8 10 8 3 28 4 11 11 2 24 9 4 22 9 4 16 7 0 22 1 1 0 27 16 13 0 2 24 5 24 25 15 2 10 17 20 22 3 9 12 8 23 5 10 20 4 22 8 6 8 3 4 2 10 9
35 19 22 33 21 17 27 39 9 15 3 7 6 0 25 11 12 3 31 29 15 35 3 0 7 5 16 24 20 13 25 6 11 0 0 19 0 0 19 5 24 13 5 8 17 6 7 7 16 19 33 10 0 40 26 9 39 11 5 2 19 14 12 24 6 8 23 3 6 5 22 5 13 19 14 17 1 17 26 7 18 5 12 3 8 12 33 10 22 33 21 0 8 37 4 26 29 17 18 6 3 9 25 28 7 33 43 19 26 0 8 5 0 14 0 8 1 5 3 0 0 14 30 4 13 24 21 1 19 13 21 34 9 6 19 17 11 7 1 21 16 9 10 7 2 1 11 1 19 29
0 1 1 1 0 1 0 0 0 1 0 1 0 1 0 1 1 0 0 1 1 0 1 0 0 1 1 0 1 0 0 0 1 0 1 1 1 0 1 0 0 0 0 0 1 1 0 1 0 0 0 0 0 1 0 0 0 0 0 0 0 1 1 0 1 1 1 1 1 0 1 0 0 0 0 0 0 1 1 1 0 1 0 0 0 1 0 0 1 0 0 1 0 0 0 0 1 0 1 1 1 0 1 1 0 1 0 0 1 1 1 1 1 1 1 0 1 0 0 1 1 1 1 0 0 1 0 1 0 1 1 1 1 0 0 1 1 0 0 1 0 0 0 0 1 1 0 1 0 0
1 20 0 19 17 4 9 14 21 23 13 17 2 1 18 14 9 9 12 20 3 0 4 18 20 23 22 0 4 9 12 18 10 2 0 10 9 0 0 20 3 1 13 2 1 18 1 10 14 7 19 11 1 13 13 13 17 0 18 12 9 9 8 18 4 9 3 20 4 9 20 21 10 16 20 0 20 13 11 4 5 23 13 0 19 20 9 6 17 18 0 10 8 23 14 18 18 11 17 11 4 4 10 14 2 14 19 4 19 5 20 0 3 23 1 2 0 22 0 13 1 18 5 6 17 12 1 13 4 12 9 9 12 12 10 9 14 1 2 5 5 5 12 9 10 2 13 18 2 2
8 15 20 18 21 12 1 3 18 1 16 9 3 10 13 6 3 1 5 10 18 20 4 3 6 2 6 7 18 12 5 8 8 2 0 9 2 0 19 0 9 1 17 8 1 17 2 7 21 16 17 20 1 20 20 4 2 8 3 15 14 8 15 5 13 0 7 3 6 15 16 19 0 15 12 18 17 22 3 12 11 10 4 2 19 13 19 16 16 0 13 8 21 0 17 16 17 6 6 5 3 1 2 12 19 18 14 5 5 16 11 0 2 19 1 5 0 14 4 7 1 22 21 4 18 5 14 6 9 10 5 17 0 2 8 17 16 13 0 4 0 10 10 2 18 4 10 1 7 10
0 32 25 9 4 12 26 14 16 4 13 9 16 10 6 25 33 9 23 8 15 7 3 11 21 26 1 8 27 7 15 29 8 0 1 7 28 0 23 20 0 29 0 18 13 4 0 18 12 5 34 16 2 29 26 16 35 20 2 36 7 3 20 27 36 13 13 19 35 14 13 18 2 29 14 3 6 8 13 26 6 19 6 1 21 28 32 16 18 13 4 0 20 13 32 30 23 17 26 19 5 22 2 29 12 12 32 2 6 2 6 5 5 9 0 2 1 0 15 12 0 4 30 1 14 1 30 16 35 15 16 21 25 6 5 12 3 0 4 20 17 2 35 12 35 2 12 34 17 21
28 31 38 36 28 17 32 40 18 13 16 18 7 6 23 16 3 7 34 5 12 6 4 25 28 31 38 35 7 15 34 40 13 0 0 11 13 1 3 9 9 0 17 18 5 1 4 12 29 3 35 10 1 13 14 14 10 20 38 25 14 8 21 21 24 4 13 18 3 13 2 8 29 40 18 10 28 8 27 26 9 4 5 3 15 29 25 17 19 6 0 25 12 13 29 19 25 23 19 25 2 39 11 29 1 33 33 1 8 28 5 6 0 38 0 7 0 25 9 8 1 10 21 4 12 25 17 4 15 12 0 26 22 8 15 3 29 16 3 21 5 0 18 6 24 3 18 23 8 35
0 6 0 10 9 11 15 4 12 15 3 13 12 17 18 8 0 3 5 14 18 9 11 16 10 16 7 11 17 6 8 18 9 1 0 2 3 0 10 0 18 17 0 1 16 18 5 12 5 3 3 9 0 6 3 10 15 11 15 2 1 3 1 8 12 15 14 6 4 10 1 16 15 5 3 17 16 1 15 10 15 13 7 2 1 11 9 6 3 3 8 5 6 11 4 5 11 15 7 6 5 13 3 12 8 11 3 10 18 8 8 0 2 13 0 9 1 13 13 5 0 2 7 5 11 6 4 14 18 18 8 7 0 2 9 5 15 2 7 6 15 9 0 2 15 3 6 11 18 18
6 1 6 14 4 3 6 12 12 15 4 0 11 14 5 1 2 3 18 7 8 8 14 6 9 21 4 3 11 16 23 14 4 0 1 18 17 1 21 17 1 15 14 0 7 5 8 4 23 11 20 2 3 5 0 11 8 0 18 12 11 23 1 14 23 18 16 14 12 15 2 5 4 5 7 7 23 16 12 13 15 5 4 2 12 11 21 0 1 5 17 14 20 18 19 19 19 11 15 23 0 0 16 4 3 10 12 1 17 5 11 7 6 2 0 1 1 16 6 9 1 12 7 6 20 14 13 0 11 3 13 15 10 0 21 9 5 12 1 23 17 5 8 8 8 4 1 15 23 22
6 13 8 13 18 6 16 5 5 4 14 18 0 4 19 22 17 4 6 22 12 17 20 1 11 5 3 16 8 11 5 18 1 1 0 15 23 0 21 3 10 18 15 11 0 17 2 3 13 3 8 15 0 7 2 4 1 14 23 16 8 22 13 7 22 12 22 20 7 5 16 2 4 19 15 17 4 1 4 16 8 11 0 2 8 11 21 3 2 6 17 17 12 2 7 19 11 9 17 4 3 4 7 16 18 5 17 17 10 16 12 2 6 18 0 14 1 2 1 11 1 8 4 7 3 6 10 23 21 2 6 17 2 4 5 8 3 16 7 19 22 3 10 22 3 3 18 3 11 14
16 11 10 3 17 0 6 17 7 12 17 9 1 3 2 8 11 6 10 9 5 7 5 16 0 0 7 8 11 10 9 11 14 0 1 8 9 1 2 14 10 8 16 7 18 0 8 18 15 9 10 13 2 17 7 15 2 10 3 10 1 7 14 18 17 3 12 7 5 13 7 10 5 17 9 16 3 17 15 2 9 4 9 1 3 18 2 1 10 18 10 10 14 11 10 14 2 12 13 7 4 17 13 9 5 14 14 3 15 2 13 4 7 15 0 1 0 4 7 4 0 18 1 7 14 9 15 8 11 5 7 17 2 10 18 13 5 7 8 18 17 11 4 10 2 4 1 8 3 18
6 4 7 7 6 5 4 5 7 7 1 7 1 7 2 4 3 7 1 5 3 4 6 8 7 5 4 8 7 8 7 5 4 1 1 0 1 1 7 4 1 6 1 4 6 7 0 1 8 2 1 1 3 5 6 3 5 5 1 8 5 5 2 3 1 2 6 7 4 8 0 7 6 8 6 8 8 0 7 1 1 7 3 0 3 1 2 7 5 5 6 0 6 4 4 4 3 8 4 5 2 4 0 4 3 5 4 0 4 4 3 1 2 2 0 3 0 1 1 4 0 4 5 4 4 8 5 7 0 5 6 3 2 7 6 2 4 8 7 2 1 6 2 7 5 3 3 5 3 6
5 4 39 19 30 4 28 2 14 5 6 18 8 18 2 31 21 0 51 22 0 44 7 4 33 22 6 32 32 0 4 5 6 0 1 18 7 0 20 18 4 33 11 14 19 11 7 0 10 27 1 3 2 18 2 16 36 14 31 22 4 8 7 3 40 17 12 0 6 6 21 4 23 13 28 33 26 22 25 19 15 6 13 3 7 22 6 7 15 15 13 41 43 4 43 34 4 18 9 19 4 37 6 20 23 10 26 27 18 35 3 0 6 19 1 12 0 4 0 0 1 10 1 6 13 33 19 3 25 11 31 1 2 2 21 0 29 2 13 11 4 29 36 18 28 1 15 6 29 16
36 14 12 31 39 16 21 4 24 14 16 19 11 7 23 5 13 8 27 32 10 17 34 6 22 33 36 43 16 7 31 28 9 2 0 3 12 1 21 4 18 14 6 23 1 10 3 6 0 22 0 7 0 18 39 6 35 3 8 20 3 16 29 14 34 0 16 32 23 5 22 10 26 26 24 7 0 21 27 22 3 5 13 1 2 18 22 16 3 28 12 20 31 36 38 13 24 18 33 26 4 28 30 34 15 32 31 6 10 7 20 2 6 26 0 6 0 22 14 7 1 16 21 3 17 32 38 24 28 8 6 43 14 7 18 9 42 4 10 22 3 14 31 0 11 1 13 31 10 11
10 25 28 1 21 18 13 25 3 11 18 24 8 14 5 10 13 6 12 16 12 15 6 0 6 1 10 0 19 8 20 24 5 1 1 14 20 0 23 13 5 20 5 17 10 12 1 1 7 0 3 12 1 27 12 10 9 2 23 11 0 10 18 13 3 20 19 23 9 1 4 21 7 10 22 12 3 23 1 13 2 1 13 1 3 14 23 3 15 13 18 6 14 29 5 5 12 30 26 5 1 26 11 2 17 5 28 11 6 4 5 8 2 19 1 7 0 4 3 6 1 24 8 3 15 29 14 26 5 14 16 25 12 10 3 21 22 4 12 24 22 18 8 8 1 3 7 15 6 4
31 11 22 5 26 3 8 28 18 3 15 10 10 8 16 28 3 7 33 32 15 24 32 1 22 24 4 4 14 18 33 35 16 2 1 24 8 1 3 8 31 14 3 8 0 4 8 16 1 22 0 9 3 32 17 13 10 8 33 17 18 0 14 12 33 5 3 17 36 11 13 15 27 28 21 2 30 25 21 11 1 20 0 3 18 33 13 2 17 36 11 16 13 15 16 12 27 4 2 22 5 2 21 22 13 22 21 7 19 10 21 8 0 30 1 6 0 10 13 10 1 21 19 5 35 7 33 7 12 17 28 8 11 9 24 9 18 13 9 18 9 9 11 10 15 0 12 4 21 0
1 14 7 3 6 15 13 1 7 6 4 20 4 7 15 9 17 7 5 11 11 11 15 1 16 18 18 10 10 5 20 7 7 1 0 6 15 1 6 7 16 12 2 13 7 1 7 12 8 10 20 0 0 6 11 14 15 10 2 6 4 16 8 0 6 17 16 7 9 10 4 9 4 2 2 18 3 20 15 7 12 3 0 1 12 8 20 3 5 6 12 16 12 1 5 15 11 10 11 7 1 20 9 17 6 20 11 13 8 17 1 4 2 10 1 4 0 11 19 5 0 11 19 7 18 15 7 13 17 14 16 7 10 3 5 20 16 10 10 15 7 10 8 0 17 2 10 2 0 15
1 2 3 0 1 0 0 3 0 0 3 2 3 3 1 3 0 1 3 1 3 2 1 2 0 3 0 0 3 0 2 2 1 2 1 0 1 1 0 3 2 1 1 3 1 1 2 3 1 1 1 1 0 3 2 1 1 2 3 0 0 1 0 2 0 0 0 0 0 1 3 1 0 2 1 1 1 0 0 2 2 3 3 3 2 2 3 0 3 3 3 0 2 1 0 0 0 3 2 3 2 0 0 3 0 2 2 2 2 3 0 0 2 2 1 0 0 3 2 2 1 2 1 2 2 1 3 3 1 2 0 2 2 2 3 3 3 1 1 3 3 3 1 2 2 1 3 1 3 0
3 7 35 23 41 12 0 37 9 14 2 1 3 17 27 9 26 7 35 18 11 11 18 30 1 6 13 37 17 5 27 39 8 2 1 7 6 0 16 21 25 31 9 4 3 1 7 37 9 0 20 19 3 0 2 15 7 3 20 21 11 14 9 20 14 15 7 18 31 4 23 12 16 49 10 23 1 5 2 34 18 26 10 2 6 35 46 6 5 16 5 34 10 20 30 18 11 42 47 4 5 23 30 23 4 20 40 29 48 8 3 5 7 10 1 6 0 9 10 14 0 12 0 5 3 37 36 5 13 3 32 47 4 12 23 8 8 12 10 14 18 12 17 18 5 4 18 45 45 26
38 31 41 1 4 15 39 5 11 28 9 11 12 11 14 23 3 3 51 14 20 29 18 20 30 32 24 47 27 11 2 16 3 0 0 23 42 0 2 11 7 25 2 14 6 12 8 34 5 4 15 2 0 41 0 15 32 9 6 24 10 26 17 24 31 8 16 19 19 3 12 4 2 24 19 27 52 6 13 33 7 12 5 2 2 22 27 3 13 26 15 18 28 16 22 15 12 18 44 29 2 28 28 2 5 26 29 12 1 29 11 4 2 32 1 1 1 21 22 14 0 4 0 0 20 24 36 18 38 5 25 20 24 3 19 7 24 12 8 21 6 13 36 11 3 3 10 28 19 13
8 3 14 14 7 8 11 13 1 9 7 3 10 6 5 11 12 9 4 11 13 11 12 16 9 13 11 10 9 12 15 15 7 0 0 9 10 1 3 3 12 16 1 13 11 8 6 1 14 0 6 13 1 10 2 0 0 14 11 9 8 7 7 7 9 5 14 7 6 13 11 13 6 10 16 6 3 7 6 16 9 16 13 2 7 1 12 8 15 9 11 14 1 6 15 5 16 16 15 14 5 8 1 4 10 11 7 11 8 3 4 8 2 8 1 11 1 7 8 13 0 14 10 7 11 7 16 12 3 8 3 15 1 5 4 6 3 16 9 8 0 0 13 5 7 1 16 2 1 0
35 29 20 27 20 3 32 0 12 26 14 21 15 12 25 31 28 8 22 4 20 11 29 7 11 7 21 48 21 2 10 22 5 2 1 6 39 0 4 5 4 21 4 6 11 5 2 20 14 5 16 13 3 16 12 3 0 21 16 19 12 5 6 30 7 11 17 10 16 7 11 15 31 1 28 17 45 18 6 36 3 6 2 4 16 26 46 0 12 19 5 1 2 5 14 2 17 10 27 26 1 22 9 33 30 33 39 0 41 23 18 1 5 18 0 5 1 1 3 5 0 13 21 0 4 6 43 17 14 17 21 18 12 4 6 14 12 11 8 10 6 18 5 13 30 4 12 22 2 0
12 6 1 19 17 11 5 21 19 19 6 4 6 5 14 5 18 3 7 1 19 6 3 9 14 4 4 2 11 16 5 8 6 1 1 12 3 1 20 3 18 4 10 12 18 16 1 9 8 6 17 16 3 11 3 1 0 0 6 20 5 5 12 15 11 6 10 3 8 5 17 5 18 14 4 7 13 14 1 14 6 19 5 3 0 20 11 3 10 5 6 2 2 5 4 21 16 3 17 7 5 4 9 12 1 4 8 12 5 0 5 2 2 5 1 4 0 19 5 11 0 1 19 1 11 3 10 5 17 11 20 19 6 12 2 18 2 7 8 11 9 4 18 15 21 3 13 4 1 21
13 37 3 21 19 13 26 14 4 27 15 1 3 18 2 16 27 7 10 7 17 9 9 17 13 37 16 2 11 5 1 16 17 0 1 15 5 1 9 20 10 28 13 7 5 2 4 3 12 25 28 8 3 12 10 4 12 2 0 4 20 3 2 14 23 6 4 24 16 14 1 11 32 12 29 35 24 15 21 27 15 32 3 4 1 16 1 8 10 9 14 3 26 33 37 6 28 27 29 17 2 6 17 35 26 13 24 30 30 7 0 0 2 24 1 9 0 26 14 3 0 7 2 3 21 28 38 1 35 14 38 34 10 1 2 14 16 3 0 11 8 11 22 13 18 3 18 14 30 20
24 34 6 0 36 5 22 36 10 22 8 13 3 10 21 12 33 4 19 17 0 18 12 13 28 1 33 7 16 5 21 31 9 1 1 5 14 0 11 13 36 18 12 11 21 10 6 31 41 20 0 13 3 5 19 7 19 7 18 0 12 23 10 2 4 20 13 26 35 13 5 17 18 40 5 12 33 8 28 30 4 8 1 1 15 0 20 13 7 40 19 10 26 21 42 18 18 3 15 25 1 26 7 32 8 35 3 6 34 30 6 8 2 23 0 6 0 14 24 12 0 22 26 3 32 34 0 10 14 4 3 37 16 9 12 6 26 16 10 8 10 20 19 18 37 4 11 28 1 8
3 16 19 16 0 4 10 10 12 19 7 4 10 12 1 16 11 3 19 2 5 8 6 11 1 8 16 19 20 5 2 6 11 2 0 7 11 1 17 0 14 14 8 10 19 3 0 2 0 18 8 0 0 17 20 3 19 6 8 13 0 9 18 4 11 8 4 2 3 14 11 2 16 2 17 8 10 3 4 17 7 20 4 2 17 2 8 10 9 17 9 17 5 16 5 15 9 10 10 19 4 7 13 9 14 8 0 18 20 11 1 1 7 9 0 4 1 10 16 7 1 6 14 1 20 20 0 16 20 2 15 5 19 8 16 19 1 0 2 16 14 7 0 10 10 2 3 19 9 17
3 14 9 22 18 17 18 13 10 22 17 1 9 1 18 22 20 5 9 13 13 21 13 10 4 3 7 23 23 0 24 5 8 2 0 13 26 1 0 2 2 0 15 13 9 15 7 17 14 1 3 9 3 22 23 5 14 11 9 6 15 0 12 16 25 13 8 10 1 3 1 0 16 6 0 6 15 10 9 18 7 5 3 0 12 2 10 7 15 9 18 7 5 16 20 12 17 19 1 22 0 0 1 2 19 1 21 15 24 9 7 3 2 6 0 4 0 1 7 6 0 26 18 4 3 19 19 5 22 19 3 20 15 11 0 6 8 5 4 25 7 4 17 22 25 3 18 22 15 4
11 3 2 22 20 1 15 12 16 7 5 24 12 11 18 27 10 6 1 3 9 5 10 30 30 8 20 21 1 18 15 26 10 0 1 16 4 0 23 13 8 22 15 3 15 15 6 28 1 30 13 6 2 20 10 16 2 12 27 26 12 1 0 14 19 20 28 20 11 15 19 9 22 1 9 29 13 1 11 22 2 14 1 2 2 26 12 9 9 9 10 2 7 1 5 22 3 26 15 13 5 11 10 12 23 2 26 27 0 30 21 3 4 1 1 9 0 19 13 5 0 4 11 0 16 3 17 17 21 18 29 8 13 11 23 10 26 10 11 5 17 24 6 21 17 1 18 22 1 19
32 18 23 17 27 4 21 33 4 9 13 15 0 11 25 31 29 5 22 13 20 32 31 23 29 26 33 13 24 7 0 30 6 2 1 19 15 0 21 7 11 21 15 23 4 10 8 9 31 11 0 11 1 11 16 0 27 6 6 2 11 19 10 0 33 14 7 15 7 2 21 13 1 25 3 10 9 9 23 19 10 18 4 2 3 24 11 10 12 23 17 7 0 21 12 25 6 21 7 14 5 30 18 18 11 8 20 0 8 23 5 4 5 31 0 6 1 5 7 0 0 8 21 1 13 3 22 13 2 3 12 9 3 5 21 2 12 0 13 25 19 32 26 0 11 3 6 31 11 6
13 29 22 27 28 8 13 2 5 19 17 3 5 6 1 8 33 8 31 32 16 40 16 14 40 13 19 37 0 7 2 28 2 0 0 12 37 0 13 19 21 5 10 11 16 16 5 25 37 6 24 1 1 30 36 3 7 4 8 27 17 18 20 32 0 6 18 24 0 9 10 4 4 39 14 1 11 24 22 34 4 17 12 4 21 18 38 8 10 20 3 39 25 9 9 35 24 29 28 34 4 23 12 26 12 3 19 18 26 3 2 1 1 9 1 5 1 2 20 9 0 28 19 1 5 3 32 27 27 1 14 34 4 9 3 0 21 11 2 12 18 33 24 8 3 4 16 6 1 1
6 19 10 6 2 1 15 19 6 9 18 12 1 1 6 7 8 0 19 11 19 9 0 8 15 7 2 10 15 12 13 16 8 2 0 2 3 0 9 15 6 16 18 14 8 17 1 10 14 2 20 18 2 10 9 2 14 16 20 15 13 14 18 9 8 0 12 6 4 11 0 19 18 5 16 12 10 9 2 2 16 11 0 0 20 18 2 4 0 6 17 11 14 17 7 15 7 9 5 17 0 4 5 6 18 6 18 9 17 15 1 7 5 0 0 12 0 11 6 10 0 16 18 5 17 12 4 15 14 1 14 4 17 9 11 4 16 17 3 8 17 0 19 14 9 0 13 2 19 7
0 26 13 11 23 9 7 13 18 4 7 20 1 2 10 22 26 7 9 2 2 6 17 9 5 2 22 5 1 15 20 14 18 1 0 23 18 0 10 22 4 13 1 14 9 0 5 22 12 26 7 5 1 5 24 8 9 1 22 15 4 19 15 14 17 7 0 19 24 2 6 21 7 17 7 13 22 8 20 6 4 17 4 4 6 7 24 4 13 24 1 7 5 24 20 19 21 10 25 27 5 10 26 22 12 9 27 19 16 10 11 1 6 14 1 3 1 13 16 9 1 4 2 0 19 2 28 8 15 8 15 3 14 12 5 4 22 3 0 9 6 10 15 21 28 4 3 27 0 9
14 24 3 12 15 8 7 34 13 3 6 17 8 0 19 31 30 6 0 12 13 9 2 10 25 4 30 11 9 0 18 25 0 2 1 0 8 0 0 7 15 31 4 5 10 8 5 4 7 5 6 0 3 28 29 2 27 11 18 22 5 12 29 3 30 7 28 0 2 15 18 10 13 31 14 15 18 15 20 26 18 15 7 0 15 33 12 17 18 13 20 32 13 29 23 5 24 20 12 32 4 17 24 29 6 15 23 13 21 31 9 7 3 14 0 5 0 18 24 15 1 18 8 6 24 31 21 22 8 11 18 6 20 7 17 8 19 9 2 17 22 33 7 22 26 0 9 18 19 1
40 37 16 18 5 2 12 18 10 22 0 6 5 0 5 14 12 8 19 39 4 1 29 15 6 39 31 5 22 14 17 25 6 0 0 13 18 1 14 5 9 23 4 5 3 14 1 17 9 17 6 8 2 38 32 0 39 6 30 7 10 24 15 18 27 3 0 21 0 2 25 4 33 24 11 14 38 21 17 13 16 20 11 3 8 6 13 2 3 14 18 23 16 15 2 28 22 1 34 29 3 1 19 8 0 28 25 32 39 1 13 7 4 13 0 7 1 8 3 13 0 21 12 2 10 4 20 8 19 19 36 17 11 4 19 13 5 5 11 17 10 33 1 11 21 1 15 30 33 31
12 4 14 0 9 3 7 13 15 12 0 1 9 9 6 13 3 2 5 15 13 1 7 4 3 15 12 2 7 9 1 5 14 0 1 11 13 0 5 5 3 4 14 6 2 3 6 9 2 13 12 7 3 13 3 3 13 2 3 15 2 11 12 8 1 9 7 13 5 0 3 5 1 14 3 8 3 10 5 12 0 2 7 2 14 15 5 14 15 6 14 1 7 9 0 2 1 11 12 9 3 14 0 14 11 12 9 14 11 2 4 0 4 12 1 0 0 9 5 6 1 14 8 7 2 0 1 13 15 8 11 15 3 6 7 13 11 7 9 7 10 10 14 9 0 3 12 7 6 4
21 21 16 1 8 16 14 6 8 19 14 18 0 2 5 13 11 0 3 15 12 24 20 11 17 18 5 24 24 7 6 7 17 0 1 13 21 0 7 2 27 6 0 20 11 1 0 13 4 24 25 3 0 24 12 13 25 0 10 6 3 17 21 22 10 14 4 14 6 15 0 3 27 3 1 16 24 24 13 21 2 0 6 4 20 19 4 9 18 10 13 5 4 21 21 20 11 8 5 1 2 6 2 7 8 4 0 26 21 19 1 9 2 4 0 1 0 6 5 13 1 12 18 5 21 22 22 20 26 9 15 18 24 0 18 12 25 7 3 10 0 17 4 5 13 4 4 23 17 19
21 0 4 16 4 4 2 15 8 11 6 4 0 6 11 2 12 6 12 15 11 15 2 20 8 16 4 4 0 16 10 5 17 2 1 18 2 1 14 12 21 4 18 9 10 1 8 17 0 5 3 17 2 19 16 4 18 7 7 0 16 9 18 15 0 14 4 3 12 5 14 0 19 13 21 2 3 7 7 2 8 12 2 2 7 14 17 5 15 21 20 13 20 7 21 10 8 14 21 9 0 18 17 8 2 13 14 6 11 5 9 4 3 4 0 6 1 7 7 2 1 16 18 2 19 15 6 1 2 8 1 18 12 1 14 10 5 15 1 0 10 20 21 11 5 3 9 15 2 21
9 15 0 6 7 7 3 9 24 21 9 2 17 18 20 13 9 0 7 19 11 30 28 24 7 8 17 13 1 13 1 21 7 1 0 16 33 0 8 13 12 29 8 10 19 18 4 3 19 12 25 0 1 6 33 10 6 11 3 23 12 23 3 15 17 12 27 13 18 3 17 10 0 7 6 19 25 23 2 31 2 31 3 1 9 14 15 17 7 21 23 0 11 2 5 22 2 8 30 15 5 31 5 23 1 27 10 20 5 19 9 4 5 24 1 2 0 18 13 12 0 20 16 6 19 8 1 7 5 11 32 19 20 12 2 0 17 7 7 12 22 1 29 20 0 0 17 3 32 21
11 22 16 24 36 0 21 40 17 18 4 23 16 2 27 19 29 0 3 40 16 35 5 8 21 47 19 45 18 9 33 15 16 0 0 27 9 0 21 13 35 27 17 20 3 9 0 29 12 25 27 1 0 46 34 0 4 9 29 37 7 14 22 5 1 13 26 26 12 2 12 10 4 0 14 14 3 9 22 44 18 10 7 0 20 39 37 16 7 24 9 21 24 39 17 32 25 6 44 11 3 39 18 29 3 34 7 8 16 25 15 0 5 30 1 5 1 0 7 11 1 13 31 7 0 9 12 21 25 18 46 4 21 10 9 13 23 8 12 11 1 1 26 19 27 3 8 28 35 34
15 0 24 2 27 8 9 12 23 27 4 13 17 3 9 15 7 7 22 19 12 12 2 18 19 19 9 7 18 5 16 4 12 1 0 20 2 0 22 11 16 25 16 9 6 4 2 26 0 14 3 7 0 9 3 1 23 0 24 8 4 16 14 2 10 10 16 5 18 4 18 16 9 10 0 2 0 7 10 3 12 14 4 4 12 7 1 15 11 24 7 29 7 5 14 11 26 15 23 2 0 22 15 20 25 14 25 28 9 25 18 9 1 1 0 3 1 6 21 1 1 3 15 2 23 1 15 7 6 2 22 1 7 9 24 11 12 12 4 14 22 13 16 6 26 1 16 12 13 9
30 23 19 13 22 5 17 11 16 16 0 13 14 6 1 3 12 3 5 1 9 10 29 19 26 6 9 13 23 3 1 15 9 2 1 9 3 0 21 22 30 34 6 23 1 15 7 34 17 26 23 15 2 16 4 15 4 8 24 26 2 11 19 28 5 7 21 14 31 6 16 21 31 29 23 0 17 4 13 6 12 4 5 1 20 22 17 7 21 34 19 18 18 9 31 2 25 7 32 26 3 8 28 24 8 26 1 16 19 0 3 9 2 6 0 2 0 9 13 15 0 26 28 4 26 22 23 5 22 13 30 25 28 11 21 19 32 9 14 19 18 19 6 8 20 4 12 28 2 6
30 6 37 7 3 8 9 22 4 21 15 7 15 0 27 31 11 8 15 10 18 10 23 13 33 12 11 23 29 6 24 5 16 0 1 23 28 0 23 5 9 13 10 16 9 7 6 24 22 10 28 11 1 50 55 15 1 20 32 2 2 9 7 13 25 6 23 15 15 5 22 21 9 21 17 7 0 16 11 7 18 18 12 2 17 17 46 8 7 3 1 23 41 3 37 3 18 14 13 47 0 1 20 39 8 30 20 7 13 40 19 4 7 14 0 5 0 20 12 10 1 21 21 2 7 20 35 19 11 20 33 1 5 9 20 2 29 11 12 21 21 30 21 0 26 4 7 1 20 22
9 4 4 25 10 12 15 8 17 17 11 14 2 5 6 3 1 1 23 22 8 17 11 20 6 21 8 8 23 14 18 21 4 1 0 0 3 1 6 22 1 16 8 0 7 16 4 15 10 13 0 18 0 1 5 15 10 17 15 17 15 22 10 14 1 9 2 20 25 8 2 15 2 23 17 16 25 0 16 20 0 7 7 1 16 0 7 5 0 23 10 19 2 8 7 0 20 3 4 26 1 23 0 16 14 24 16 24 11 25 19 6 2 16 0 2 1 0 5 4 0 19 8 4 11 7 1 13 17 10 8 6 22 2 3 19 1 11 12 5 10 12 7 11 26 2 9 10 4 11
22 8 4 17 13 18 29 19 18 17 16 23 11 9 0 12 23 4 1 9 15 9 0 5 19 7 29 13 25 12 4 23 5 2 1 4 22 0 18 6 23 8 17 10 20 13 6 9 16 2 6 16 0 13 4 15 12 3 23 3 3 25 13 3 6 20 5 21 14 9 17 6 1 13 22 3 11 5 0 24 10 13 5 3 14 11 15 4 9 6 17 28 10 17 18 15 16 28 25 18 2 20 24 5 22 11 27 28 26 6 11 4 2 29 1 13 1 22 16 6 1 12 25 0 19 24 22 6 12 15 26 18 9 10 18 6 15 4 3 20 2 15 8 15 1 4 6 9 27 19
30 41 36 34 5 11 4 7 13 10 6 3 12 7 6 11 10 3 41 42 16 8 20 2 14 2 3 0 21 1 27 32 18 1 0 17 27 1 20 14 6 27 2 0 20 7 4 29 43 16 6 6 3 9 10 9 26 6 12 38 1 10 7 27 22 18 10 34 0 6 21 15 1 17 8 5 22 18 27 0 4 25 6 1 15 24 41 4 20 27 2 40 32 20 26 25 24 27 4 42 2 9 19 29 3 13 44 12 39 21 17 4 7 42 0 12 0 12 5 14 0 8 26 0 25 36 29 13 8 2 5 17 8 1 10 6 20 3 3 0 17 5 29 1 26 2 5 40 32 4
15 4 3 10 10 10 16 17 17 8 13 7 2 17 2 15 14 1 6 6 15 3 0 10 2 10 17 1 1 1 1 14 8 2 0 4 17 0 12 6 13 2 10 3 17 1 0 5 11 9 11 7 0 15 6 13 17 17 3 10 12 6 15 14 13 6 7 14 11 9 11 17 6 10 1 12 3 18 9 14 0 15 8 4 12 8 10 15 4 6 17 4 14 10 16 0 0 12 12 15 4 12 12 2 5 0 17 0 15 15 17 9 7 15 1 4 0 18 1 1 0 7 4 4 9 14 0 4 9 11 0 6 4 7 16 8 14 1 13 13 6 4 15 1 7 0 6 9 14 1
25 15 29 7 15 8 24 23 8 10 12 24 2 2 11 10 21 7 21 20 10 24 15 30 23 12 27 5 1 6 24 3 2 1 1 24 12 1 6 9 19 0 1 7 22 14 6 19 31 19 1 8 2 29 4 15 11 3 26 18 8 22 2 30 7 8 6 14 30 15 12 21 4 16 0 2 15 9 12 15 11 0 3 2 6 11 20 8 14 21 2 28 26 17 9 3 9 6 5 12 1 9 28 14 30 5 5 3 16 1 2 9 0 11 1 4 1 18 18 6 1 29 5 1 20 13 19 12 27 11 26 5 29 10 0 15 10 17 6 7 0 11 17 14 13 2 5 15 0 23
5 10 9 0 2 13 5 9 11 7 8 2 3 10 6 9 7 0 4 7 1 11 5 4 8 6 11 12 13 13 6 7 13 0 0 1 7 0 9 9 5 7 9 10 3 6 8 5 7 6 2 6 1 9 3 0 11 10 7 9 1 0 4 3 11 8 3 5 11 11 6 8 0 7 12 6 1 3 9 12 8 9 0 1 12 7 10 7 2 2 9 1 6 1 7 10 8 12 7 11 5 0 3 10 13 11 11 1 7 9 2 0 3 11 1 5 0 3 5 0 0 2 4 6 4 11 4 0 7 5 1 5 1 11 2 6 5 7 0 3 5 5 12 3 7 2 2 10 9 10
3 3 1 3 3 0 3 2 0 3 3 0 4 1 2 0 0 0 0 2 1 0 2 4 1 3 1 0 3 4 1 2 2 1 1 0 1 1 4 3 0 0 1 4 3 4 0 1 1 0 1 2 1 3 1 3 3 1 4 0 2 3 0 3 3 2 1 1 4 1 0 2 1 3 2 3 0 1 3 2 2 2 4 0 4 1 1 0 0 1 4 3 4 2 4 2 4 3 1 3 4 0 0 3 0 0 3 0 3 2 1 2 1 4 0 0 1 0 0 4 0 0 1 2 3 3 3 0 0 2 1 0 2 4 0 2 2 0 0 0 1 4 1 3 3 2 1 1 3 1
8 3 20 14 6 16 3 19 12 15 1 8 8 12 15 19 15 1 21 10 2 13 11 1 12 14 3 13 5 7 14 2 14 2 0 12 10 1 2 3 16 4 7 2 21 6 2 13 20 5 6 5 2 1 18 5 3 9 18 13 1 20 20 4 1 19 8 19 11 9 16 15 20 11 10 16 16 5 8 10 4 7 1 2 0 10 1 7 4 2 21 6 17 7 4 0 20 21 16 2 2 13 14 16 10 18 3 6 3 0 12 7 6 21 1 7 0 8 10 6 1 18 1 7 7 19 21 8 19 15 11 13 7 11 0 13 15 3 10 10 13 10 10 2 6 0 8 13 19 11
18 3 33 0 7 4 35 5 15 2 19 8 0 9 17 30 18 2 33 27 3 1 2 27 27 6 29 33 31 15 28 26 11 0 0 26 2 0 6 5 3 22 7 0 11 2 7 34 16 24 14 7 3 31 20 4 7 16 27 31 16 24 14 26 5 11 27 1 14 8 7 1 26 21 13 8 3 12 6 21 16 20 13 4 7 0 11 14 7 21 12 22 18 30 29 2 16 39 26 36 4 35 14 15 13 20 7 27 1 31 2 3 1 35 1 3 1 24 7 3 1 28 22 2 26 25 18 20 28 19 2 16 19 2 4 8 33 14 4 6 1 19 19 16 19 3 17 0 30 30
4 28 40 8 13 2 30 31 17 17 18 20 6 11 21 30 21 2 48 30 18 28 18 8 3 48 1 29 12 10 30 48 2 2 0 17 31 0 6 17 20 36 16 15 9 3 3 46 2 12 33 0 3 1 37 10 4 10 1 4 14 7 3 32 32 7 4 21 25 8 17 10 5 9 10 1 46 26 21 36 14 11 6 3 5 14 0 11 4 37 18 15 11 8 38 22 7 21 28 2 4 7 21 24 4 24 33 12 17 23 2 2 6 33 1 0 1 2 13 1 1 0 25 4 6 0 14 16 6 8 16 36 2 3 9 18 18 4 13 20 5 6 34 17 34 3 14 16 33 2
8 17 11 1 9 3 12 8 11 4 2 4 16 16 17 2 7 8 1 13 16 6 16 1 13 4 8 12 3 13 16 12 11 2 1 16 16 0 3 4 2 14 15 16 2 11 7 4 0 10 10 3 0 11 8 9 9 2 7 16 8 3 15 17 8 10 6 2 6 3 9 15 5 11 1 9 16 4 4 8 12 8 12 0 13 3 0 0 15 5 0 17 1 1 4 15 7 7 16 5 5 5 16 10 0 1 6 8 12 11 16 3 5 1 1 10 0 10 1 15 0 5 15 2 13 13 1 11 2 8 7 7 13 2 8 2 0 11 5 9 9 4 12 5 8 3 2 14 2 16
0 7 20 6 17 13 5 4 19 22 18 20 16 3 9 14 16 1 18 12 2 22 22 10 22 2 13 20 17 4 22 5 16 0 1 17 20 1 0 22 12 12 17 13 17 15 0 19 7 21 0 12 0 18 1 16 23 17 13 12 7 9 16 2 10 5 14 13 22 5 22 9 18 9 15 7 8 20 2 2 9 4 10 1 8 1 3 8 0 12 22 7 2 21 18 15 21 22 23 8 0 6 18 20 2 12 23 1 21 13 5 1 3 21 1 12 0 16 5 2 1 22 6 0 17 5 20 9 4 5 13 8 20 5 6 13 8 14 0 11 20 5 4 12 5 1 18 5 10 13
21 21 47 23 8 9 11 18 16 3 17 13 3 11 23 25 1 2 40 22 5 16 5 20 41 23 14 39 1 17 27 17 0 1 0 21 27 0 15 17 13 34 18 21 5 1 3 18 13 1 8 13 1 17 27 3 33 11 24 4 0 9 29 16 8 10 8 3 6 7 1 9 33 22 20 30 40 25 3 17 16 11 1 2 12 39 26 17 1 0 13 17 15 49 1 37 22 18 12 41 4 5 2 14 12 30 21 21 23 17 7 9 0 22 1 14 1 2 10 12 1 34 13 4 19 13 21 14 23 2 38 24 17 9 10 10 33 2 1 3 22 24 29 17 24 2 6 37 22 30
4 2 11 2 14 17 14 4 1 5 19 2 9 3 22 5 12 4 5 1 13 23 17 19 5 8 4 15 7 9 22 10 15 2 1 0 18 1 7 9 13 16 2 9 11 18 6 10 15 21 19 11 3 20 6 2 9 20 10 4 15 9 8 14 12 10 17 17 15 12 5 21 17 17 19 0 17 13 17 20 5 23 10 3 4 13 8 5 8 20 0 8 5 14 1 21 23 13 0 8 5 9 21 1 3 11 22 10 13 14 2 6 4 6 1 14 0 2 14 12 1 12 1 7 18 17 6 18 11 7 19 11 15 1 19 16 7 8 9 15 22 8 2 16 10 1 0 8 18 14
33 15 19 5 16 4 39 8 21 3 6 3 18 15 3 20 18 4 16 21 12 1 15 27 19 31 7 12 16 14 27 1 0 0 0 4 12 1 8 19 22 2 3 4 10 7 4 23 30 30 10 2 1 21 0 5 33 7 31 23 1 5 3 24 0 10 4 22 15 15 13 15 31 42 6 29 34 20 18 30 8 12 10 0 7 11 13 3 7 25 15 0 35 2 14 29 27 33 39 11 3 38 6 40 14 17 34 11 29 7 19 9 7 4 0 6 1 19 18 13 0 17 10 6 30 20 5 1 31 14 24 41 26 11 11 9 33 6 1 6 5 24 2 0 0 4 13 18 40 9
35 33 42 12 0 16 40 7 0 22 7 8 15 4 12 18 21 2 44 44 14 33 31 20 36 11 13 2 19 3 6 19 2 1 1 15 24 0 18 7 16 5 15 21 16 15 0 14 11 16 16 6 0 31 19 6 0 18 33 41 9 18 25 1 2 14 14 32 32 2 11 2 7 5 26 6 34 3 2 31 5 3 0 0 19 36 24 1 17 8 22 41 0 4 0 14 19 20 30 10 3 17 15 34 27 29 35 29 43 26 1 2 4 25 1 12 1 27 5 0 1 30 10 4 36 2 21 27 5 18 14 10 5 8 8 17 41 1 0 14 0 11 22 10 25 4 9 32 35 30
32 5 31 16 42 2 32 28 13 25 1 3 11 5 11 19 10 9 15 9 10 40 27 7 40 25 0 17 9 13 24 4 8 2 1 18 22 1 6 2 14 7 18 16 4 15 4 26 24 22 15 3 0 49 22 12 7 8 11 30 7 5 17 26 40 18 4 0 12 8 20 20 11 23 14 9 53 2 15 17 13 4 10 0 10 35 1 0 10 44 3 35 41 0 19 24 26 31 34 47 2 32 5 1 23 5 19 33 41 13 13 7 6 48 1 11 0 16 25 11 1 17 14 7 30 37 39 2 13 8 40 38 14 7 11 21 17 4 5 5 12 27 3 22 26 2 10 0 33 26
37 6 10 30 38 1 37 3 6 17 15 15 11 5 17 25 26 8 46 37 11 42 27 7 17 36 2 26 5 12 14 22 16 0 1 1 33 1 21 0 22 5 12 21 15 10 5 27 29 22 23 18 1 28 26 5 0 15 17 25 4 18 18 32 28 4 4 18 25 8 4 21 23 31 15 24 8 14 8 12 11 13 11 1 14 5 10 4 5 3 21 16 19 4 0 28 20 22 6 39 0 36 7 29 12 29 7 3 21 38 0 5 2 20 0 1 0 8 9 12 1 25 27 2 24 36 12 7 25 13 8 49 6 11 2 7 36 16 4 18 9 1 27 3 24 1 11 36 37 0
13 29 7 24 11 11 19 16 24 6 17 18 3 17 16 7 21 9 32 22 15 32 31 9 10 12 0 38 18 12 11 6 16 1 1 24 33 1 3 0 3 19 11 8 16 8 7 39 18 4 25 19 3 33 14 9 1 1 36 37 11 1 22 28 39 8 8 7 32 1 21 10 32 24 22 8 15 9 24 37 16 15 12 0 2 34 3 17 8 1 9 39 12 25 17 0 19 18 33 34 3 9 20 13 8 11 16 8 40 26 1 9 3 27 0 0 0 19 18 0 0 3 6 0 23 21 37 11 35 16 24 5 4 0 1 13 8 15 6 2 13 11 29 19 29 0 12 9 22 20
15 6 0 17 5 18 10 11 23 28 18 8 6 3 27 9 14 8 0 26 17 0 11 29 9 19 29 5 28 15 29 8 12 0 0 24 16 0 17 6 23 13 15 2 0 7 2 2 9 1 24 14 3 16 3 13 7 1 21 1 3 5 15 16 5 19 27 11 20 2 13 0 12 24 19 0 23 20 8 5 3 19 1 0 19 11 13 14 19 3 0 10 25 24 12 17 0 26 9 13 2 28 6 6 29 26 26 7 0 3 19 0 5 27 1 12 0 11 11 0 1 2 9 4 21 14 10 5 10 10 15 6 16 5 4 2 0 14 1 22 10 9 24 1 21 4 18 21 9 10
28 19 43 5 22 18 10 17 10 16 15 18 0 15 21 13 7 3 18 25 3 40 19 19 29 0 1 33 30 13 5 27 14 1 0 24 3 0 10 16 23 11 16 14 18 15 1 7 28 28 3 8 3 20 6 4 36 7 6 36 14 4 25 3 11 9 12 23 24 6 14 12 21 22 3 1 11 5 7 5 15 12 1 3 14 32 16 12 20 19 11 23 35 19 20 34 25 0 44 6 5 10 2 37 24 6 31 31 20 25 20 5 7 44 0 10 0 16 18 8 0 30 19 5 32 33 43 8 38 14 33 7 3 11 9 20 20 1 9 11 4 1 32 0 43 3 9 44 28 13
0 29 34 20 37 1 27 31 8 12 12 15 8 14 4 12 8 0 4 23 5 4 14 20 29 38 5 15 3 9 24 2 15 1 0 25 34 0 11 19 28 38 5 4 11 5 7 5 7 18 27 5 3 45 3 13 0 10 13 21 14 2 30 29 1 6 19 2 2 8 26 1 31 15 23 3 43 11 29 7 12 25 5 0 19 11 39 0 5 10 4 26 34 12 38 2 1 8 0 45 2 22 25 21 6 21 13 15 20 9 18 6 5 22 0 3 0 15 15 13 0 29 20 6 27 13 36 16 25 18 36 24 1 12 19 0 38 8 0 8 14 32 14 8 10 2 16 0 36 10
48 15 11 2 3 4 22 6 8 0 3 12 1 1 24 0 21 8 5 13 16 43 15 25 6 17 18 7 26 5 37 11 11 0 0 28 41 1 10 3 29 1 11 19 17 12 8 21 20 5 29 12 2 43 57 13 37 9 33 2 10 16 21 23 14 7 9 21 30 11 14 11 6 24 22 36 18 10 26 2 12 30 1 1 10 8 34 11 5 16 13 30 19 27 24 14 10 4 40 0 3 11 10 41 19 7 2 7 38 40 4 6 5 14 0 14 0 25 7 8 0 1 8 1 38 9 12 19 18 14 19 43 10 0 20 14 25 15 12 9 18 29 24 18 0 0 0 0 45 15
1 2 1 3 4 2 4 0 5 3 2 4 2 0 4 1 3 0 5 4 0 3 4 1 4 4 0 1 5 2 5 5 4 2 0 3 4 0 0 0 5 0 1 4 4 1 5 0 0 3 1 5 0 5 5 1 2 2 1 4 1 2 0 0 0 0 4 1 3 5 2 2 5 3 3 4 2 4 1 5 2 4 0 4 2 2 2 2 0 0 5 1 5 4 0 4 3 2 2 5 0 1 3 3 0 2 4 4 3 4 5 1 4 0 0 1 1 0 0 3 0 0 3 5 1 0 5 1 1 3 3 2 1 4 3 5 1 1 5 0 2 2 4 2 0 1 2 4 3 0
25 17 17 21 34 12 16 10 3 24 6 12 15 15 7 2 7 9 13 20 10 28 1 4 3 13 35 16 23 11 7 26 0 1 1 1 4 0 7 3 32 3 2 9 5 2 1 10 39 15 3 20 1 0 10 8 32 9 4 16 10 21 15 4 36 13 10 8 30 7 4 8 24 24 8 12 14 17 14 11 17 12 2 2 20 17 5 5 19 31 20 21 6 6 15 10 1 37 38 38 3 0 8 11 0 22 37 20 23 19 1 8 3 18 0 0 1 17 14 13 0 19 15 0 40 36 15 21 28 7 35 3 27 2 8 20 4 16 9 19 1 13 30 16 12 1 17 1 5 27
2 14 15 1 10 8 27 24 22 14 5 11 17 6 13 28 13 6 0 23 12 21 8 5 11 13 12 30 19 10 15 9 16 0 0 4 23 0 12 14 23 16 14 8 19 9 4 15 22 7 25 0 0 8 18 8 24 10 25 22 12 17 17 26 9 9 25 8 4 4 18 19 2 0 8 0 3 17 7 8 14 11 7 3 15 8 26 11 7 28 9 24 9 8 3 4 17 13 18 7 1 27 0 12 19 22 10 4 28 13 20 9 6 16 0 1 1 5 16 5 0 23 5 2 7 12 27 20 24 13 19 19 23 2 24 3 3 2 4 6 10 29 4 17 16 1 1 2 26 17
1 9 22 23 34 17 4 28 15 3 5 24 0 16 8 15 33 1 24 32 12 9 28 16 30 11 10 17 3 4 12 32 18 0 0 11 15 0 4 20 36 24 16 10 3 0 2 0 12 0 4 0 0 30 7 7 30 17 16 18 18 13 0 12 23 9 19 10 13 5 0 6 20 16 7 25 32 12 12 35 2 28 8 2 19 15 36 14 19 24 21 8 38 11 9 18 20 33 4 5 1 28 19 0 25 19 39 19 35 29 5 5 7 31 1 0 0 16 17 8 1 27 27 1 9 25 3 25 30 14 17 33 26 2 18 3 28 16 10 19 8 7 22 12 16 4 3 29 26 27
21 7 17 25 32 3 6 27 5 20 8 0 13 6 12 5 10 3 30 9 12 13 24 28 22 15 32 15 23 1 12 3 3 0 0 20 12 1 9 0 15 1 16 0 20 9 8 21 21 4 26 12 2 10 30 16 12 13 19 5 13 18 29 7 23 19 19 0 19 4 19 21 22 20 26 13 6 10 25 10 2 12 4 0 6 9 11 15 20 33 17 24 8 11 14 8 13 30 29 30 2 26 3 22 0 30 1 17 10 0 13 5 6 0 0 7 0 8 21 7 1 11 24 1 30 4 30 23 1 4 30 0 22 3 18 12 11 13 8 24 16 4 32 12 27 4 16 8 28 19
6 28 11 35 26 16 10 20 20 17 2 9 17 6 7 31 18 5 2 2 13 18 14 5 7 19 30 22 16 13 19 29 17 2 1 17 27 0 6 11 29 1 15 19 16 1 5 0 3 29 24 4 0 25 22 13 4 4 37 28 4 5 16 19 28 4 8 9 0 11 20 17 3 20 26 26 5 8 1 1 15 24 11 1 16 24 26 0 18 4 1 36 13 27 23 22 0 29 37 28 1 23 6 14 13 0 6 6 26 35 11 1 1 21 0 0 1 26 23 14 0 15 2 6 16 0 8 16 17 5 19 18 9 3 22 11 23 12 5 19 4 1 18 4 29 4 9 9 13 12
30 42 13 36 13 7 40 23 11 11 9 11 10 7 10 20 16 3 38 28 0 9 18 22 38 28 27 22 10 4 30 17 4 2 1 10 41 1 0 21 6 29 1 6 22 2 6 19 33 13 15 10 1 39 19 15 44 3 14 23 19 15 2 0 4 13 28 28 27 15 18 18 3 39 7 0 9 12 2 6 8 7 11 2 11 8 33 10 3 3 5 35 13 34 23 28 22 12 4 31 0 1 16 19 8 36 0 17 27 9 11 9 7 3 1 13 1 21 8 7 1 12 18 6 22 16 19 15 4 15 43 24 4 5 12 11 38 3 0 14 19 17 28 0 40 2 2 36 42 24
27 23 11 17 9 1 5 16 2 6 1 7 16 1 8 9 23 1 26 35 1 29 21 8 2 4 6 14 0 2 29 22 16 0 0 24 8 0 16 9 20 23 6 7 5 15 4 13 21 0 20 8 2 5 17 11 35 16 19 22 19 15 7 22 8 4 14 27 1 3 3 14 2 27 7 2 32 6 22 2 11 2 4 4 10 35 32 5 21 7 8 14 20 9 10 28 21 30 1 32 4 22 6 18 8 8 27 0 26 33 8 7 3 34 0 0 0 15 21 4 0 10 1 7 6 21 10 7 31 1 18 29 5 2 17 15 6 3 14 21 0 24 6 3 3 3 0 18 21 25
15 37 36 34 38 5 16 30 20 11 15 6 17 16 2 11 11 7 24 34 13 16 11 30 32 11 30 36 29 18 29 53 1 1 0 6 3 1 15 9 23 1 16 16 10 5 7 35 42 16 24 17 0 28 47 16 10 11 29 33 17 9 27 1 17 16 28 28 19 11 3 9 26 22 16 14 29 7 28 34 7 18 10 1 3 15 7 6 8 47 0 35 42 38 41 16 19 36 6 47 5 7 6 41 6 37 11 3 0 21 6 3 1 48 0 10 0 15 9 1 1 26 23 1 19 4 40 5 18 19 47 22 20 5 10 13 26 0 4 20 17 12 31 7 43 4 2 45 41 33
18 0 18 20 20 8 33 3 17 14 13 17 13 12 21 15 2 7 25 34 15 7 36 5 4 19 24 7 15 1 33 10 8 0 0 28 8 0 22 19 23 7 15 2 10 13 6 19 28 13 29 17 1 34 19 6 6 6 31 25 13 9 26 11 7 6 16 0 18 3 12 13 1 6 19 0 32 5 28 11 5 2 2 3 7 35 32 11 0 36 8 39 3 19 7 3 10 40 13 22 1 15 5 35 17 16 31 22 39 0 19 1 5 2 0 1 1 1 6 11 0 5 10 3 18 2 33 15 10 8 15 15 11 7 16 18 26 15 0 25 21 6 30 5 27 4 5 21 19 19
12 2 4 5 2 10 2 1 0 8 12 1 10 16 16 4 20 0 3 7 12 11 12 2 9 6 18 6 20 16 13 1 5 2 0 5 12 1 20 4 4 11 15 5 7 6 8 16 9 15 12 3 2 9 12 9 20 16 7 14 3 7 20 8 18 13 14 21 20 10 8 5 6 14 7 1 2 19 8 11 15 16 9 4 6 16 14 14 9 0 10 18 21 17 11 8 12 11 17 0 3 19 12 7 16 3 2 6 3 13 0 6 7 4 1 1 1 18 18 14 0 19 1 6 8 18 6 0 9 18 2 5 8 9 12 6 18 8 8 20 20 7 1 3 2 1 15 20 15 21
6 0 0 9 5 0 7 4 6 5 7 3 2 7 1 1 9 0 0 4 7 8 7 7 3 8 7 9 0 2 7 4 9 1 0 3 7 0 9 0 4 4 4 5 3 1 2 7 0 2 1 0 3 1 8 4 9 3 0 1 5 6 3 9 4 0 3 3 9 3 2 4 5 8 7 6 2 7 1 2 6 6 5 0 6 3 8 6 7 4 7 4 3 6 8 2 1 2 5 3 5 1 8 8 9 6 5 2 4 5 8 0 5 3 1 8 0 8 4 2 1 4 6 5 4 9 4 8 9 1 3 8 0 7 2 2 6 8 5 4 4 9 3 1 5 3 9 0 7 7
5 6 4 3 4 6 0 1 0 3 3 1 0 0 4 6 2 1 7 7 2 5 7 6 4 0 5 6 1 2 7 7 6 2 0 1 5 0 3 2 2 6 2 2 6 4 2 0 0 4 6 6 2 7 2 6 4 2 6 3 5 5 4 6 2 2 7 0 4 4 0 1 6 3 1 6 7 7 2 3 1 2 2 2 0 7 3 3 5 5 7 7 6 6 0 7 7 0 7 5 0 6 1 6 6 7 2 4 0 4 0 0 0 4 1 5 0 4 5 4 1 4 6 3 7 4 3 3 5 1 6 5 0 4 3 0 2 5 3 7 4 5 0 2 7 4 5 2 6 5
19 16 23 26 18 6 27 14 3 5 6 17 15 4 21 0 1 0 41 14 7 37 11 14 25 5 18 10 24 15 5 10 15 1 0 20 31 1 17 15 4 7 4 5 7 13 0 46 39 12 9 1 1 19 16 5 6 17 19 24 11 3 23 17 38 17 24 12 24 5 12 18 21 29 18 14 44 12 19 33 8 30 1 0 10 33 11 4 0 3 22 25 7 7 11 19 26 33 28 48 2 32 25 17 5 24 5 29 17 31 11 8 2 0 1 11 1 27 19 4 0 29 20 2 36 14 22 18 10 15 6 30 4 9 7 6 37 13 9 0 20 6 5 20 24 4 15 28 16 3
1 0 0 0 0 0 1 1 1 1 0 0 1 0 0 0 1 1 0 0 0 1 1 1 1 0 0 1 1 1 1 1 0 1 0 0 0 0 0 1 1 0 0 0 0 1 0 0 0 0 0 1 0 1 0 1 1 1 1 1 1 0 1 0 0 1 0 0 0 1 0 0 0 1 0 0 1 0 1 0 1 1 1 1 0 0 0 1 0 1 0 0 1 1 0 0 0 0 0 0 1 1 0 0 1 1 1 1 1 1 0 0 0 1 0 1 0 1 1 0 0 0 0 1 0 0 1 1 1 0 0 1 0 1 1 0 0 1 0 1 1 1 0 0 0 1 0 0 1 0
6 13 14 14 9 8 4 1 7 14 2 2 10 7 9 9 10 3 10 4 4 13 6 2 9 13 10 11 5 11 9 5 6 0 1 12 2 0 3 1 7 14 6 6 4 8 3 14 7 8 3 5 2 5 14 11 8 3 9 5 1 14 1 6 8 4 2 7 2 13 9 13 10 3 4 13 9 9 8 10 6 3 7 4 14 0 4 14 8 13 6 1 2 3 10 8 12 3 2 14 4 3 7 4 12 8 3 4 11 0 6 0 1 4 0 0 1 3 11 2 1 5 13 6 0 4 10 2 13 7 4 10 0 4 2 10 14 10 0 1 0 3 1 14 6 4 6 6 9 8
0 1 0 1 0 1 1 1 1 0 1 1 1 0 0 1 0 0 0 1 0 0 0 1 1 0 1 0 1 0 1 0 1 0 0 1 0 1 1 1 0 0 0 0 0 0 1 1 0 0 0 0 0 1 1 0 1 1 0 0 1 0 1 0 1 1 1 1 1 1 0 1 1 0 0 1 1 0 1 1 0 0 0 1 0 0 0 0 1 1 0 0 0 1 0 1 0 0 1 0 0 0 0 0 1 0 0 1 0 0 1 1 1 1 1 1 0 0 1 1 0 1 0 1 1 1 1 0 0 1 1 1 0 0 1 0 1 0 0 1 0 0 0 0 0 1 1 1 1 1
16 7 9 25 4 4 16 6 19 26 13 13 4 11 17 19 11 8 26 1 20 20 12 13 13 1 21 27 11 1 7 27 12 1 0 18 19 1 3 7 15 10 1 7 23 5 2 24 13 15 1 4 3 26 3 0 20 12 4 6 17 10 27 20 19 5 10 0 14 13 12 6 25 10 4 23 21 23 12 14 0 13 6 4 8 3 27 15 10 26 9 26 8 23 7 2 1 21 1 4 1 11 5 27 5 5 22 20 12 6 20 4 7 16 0 4 1 0 9 15 0 2 27 5 11 8 4 13 25 6 19 26 24 3 7 9 14 1 14 22 19 13 20 4 0 1 3 7 1 11
14 2 13 9 9 14 0 21 6 21 9 2 6 11 1 8 0 2 25 9 17 24 0 15 14 3 21 4 14 6 9 14 15 0 1 19 16 1 14 8 2 8 2 7 4 11 0 9 19 1 1 8 1 5 11 5 18 6 12 11 15 11 16 7 13 2 11 11 0 14 3 7 1 17 1 14 6 24 3 21 4 16 3 3 2 7 13 17 14 3 21 6 4 10 7 23 18 25 22 11 2 5 13 21 20 16 1 15 5 17 14 9 0 7 1 0 0 21 0 0 0 16 15 6 6 8 24 16 20 16 9 10 22 6 18 13 7 5 6 14 15 9 9 4 8 0 9 8 5 22
5 11 1 14 7 14 1 2 5 13 14 7 2 4 15 11 12 7 12 2 12 5 3 8 3 8 2 6 9 15 7 8 0 0 1 11 10 1 3 8 14 5 11 11 2 8 8 4 13 4 13 4 2 9 10 12 5 13 5 8 15 0 14 12 10 1 3 14 8 5 10 11 5 12 4 9 0 4 8 8 6 9 9 0 7 2 14 11 2 11 3 10 1 6 2 9 7 9 5 5 3 7 3 8 1 2 6 2 15 1 1 6 6 0 0 7 1 10 11 0 0 13 14 3 13 5 10 13 10 7 0 11 10 5 13 14 2 3 4 14 12 3 6 3 14 1 5 8 12 15
1 0 1 1 0 0 0 1 1 1 0 0 0 1 0 0 0 0 0 0 0 0 1 1 0 1 1 0 1 0 0 1 1 1 0 1 0 1 0 0 0 0 0 0 1 1 0 1 1 0 1 1 0 1 1 1 1 0 1 0 0 1 1 0 0 1 1 1 1 1 0 0 0 0 1 1 0 1 1 0 1 0 0 1 0 1 1 1 0 1 0 1 0 1 1 0 0 1 1 1 1 1 0 1 0 1 0 1 1 1 0 0 0 0 1 1 1 1 1 0 0 1 1 1 1 1 1 0 0 1 1 0 1 0 0 0 0 1 1 1 1 1 1 1 1 1 0 0 0 1
4 32 31 26 4 1 28 5 3 17 6 7 3 14 12 17 31 7 6 11 0 5 26 10 2 28 30 29 32 12 0 30 1 2 1 3 5 0 8 20 9 4 4 21 10 10 5 25 9 0 30 17 2 0 18 3 6 2 2 4 15 12 26 18 5 16 25 3 32 14 18 17 19 30 13 12 10 26 27 14 1 23 13 4 4 33 3 12 1 0 5 21 4 16 9 25 23 23 9 30 5 1 5 23 26 34 7 16 6 27 4 0 6 25 0 13 1 26 6 13 0 0 31 3 30 21 9 16 34 4 10 7 23 6 9 9 10 8 4 17 19 22 0 18 15 2 9 14 10 2
23 18 30 8 10 12 13 9 5 23 11 19 17 13 21 4 3 3 2 22 8 14 24 20 22 2 33 17 24 1 10 28 13 1 0 1 1 0 13 14 25 8 3 22 13 18 7 14 33 15 11 5 2 2 20 3 11 10 33 1 0 0 29 4 0 15 12 5 4 4 9 21 10 4 18 29 32 19 19 20 11 3 12 3 10 1 21 8 22 11 23 10 31 15 25 5 20 18 7 5 5 11 18 30 4 21 0 24 30 25 4 6 4 2 1 2 0 23 15 15 0 20 0 5 30 2 7 0 18 5 0 21 6 8 2 1 15 15 3 20 0 27 15 3 31 4 10 27 24 33
6 0 2 1 1 5 1 7 7 1 2 4 3 7 3 4 4 3 7 1 3 1 0 5 4 7 6 7 0 1 7 2 5 0 1 0 0 1 6 1 5 0 5 4 6 6 5 5 0 1 7 6 3 5 7 3 6 2 6 1 0 1 0 0 3 1 3 4 6 2 6 5 5 4 3 1 5 1 1 6 4 2 7 2 0 0 1 5 6 2 2 5 5 1 5 6 2 4 3 0 3 6 0 3 2 0 3 3 1 3 5 6 5 5 1 7 1 5 5 4 0 4 7 0 0 3 0 3 7 4 5 1 6 7 2 3 1 6 7 6 6 5 7 4 3 3 7 6 7 4
39 42 22 14 23 11 40 8 2 6 11 17 12 11 6 22 22 0 1 34 3 16 7 20 27 28 4 5 30 0 16 5 12 0 1 9 19 0 10 11 34 30 8 21 1 0 0 6 34 14 27 14 0 37 15 16 17 15 25 4 12 2 27 6 10 9 27 17 27 5 25 21 1 2 4 14 39 20 6 7 17 11 12 4 10 22 24 14 14 37 11 14 14 9 21 2 10 37 33 29 4 29 7 29 29 16 24 14 25 27 3 6 3 9 1 8 1 21 6 3 0 27 10 2 0 2 8 4 15 17 1 23 19 9 4 20 19 16 12 5 12 33 24 9 1 3 17 13 24 36
1 35 12 29 37 8 40 40 22 13 15 8 9 5 13 4 33 6 32 25 15 6 7 1 37 17 0 16 12 11 11 2 16 2 1 11 37 0 23 12 16 4 11 16 0 10 0 30 13 13 19 9 0 27 30 3 9 1 12 14 11 0 4 26 9 9 1 22 21 13 13 12 10 4 21 27 4 14 24 19 3 30 11 0 10 36 9 7 11 5 23 37 37 1 0 29 26 19 37 34 3 34 9 26 26 22 1 22 10 15 15 3 2 37 1 3 1 10 5 2 1 4 19 3 10 0 8 26 12 17 20 0 11 1 1 11 10 3 14 23 15 9 38 20 40 2 13 35 1 37
18 6 35 23 10 13 18 5 18 27 7 12 0 10 0 30 8 6 10 3 3 7 31 7 39 2 35 14 15 6 9 22 11 2 1 19 18 0 0 16 12 4 10 11 14 0 6 30 20 4 12 11 1 29 0 6 22 10 37 11 11 21 3 14 20 7 2 26 2 6 16 0 5 43 23 25 15 2 11 28 16 17 7 0 19 36 41 2 10 26 10 26 31 35 35 26 8 31 6 8 5 14 17 21 1 14 40 13 39 32 12 0 0 31 0 4 1 8 16 5 0 25 23 5 2 0 0 11 19 9 30 3 3 11 11 8 43 7 13 21 3 19 22 8 42 0 7 27 38 5
25 28 2 20 12 9 13 10 19 24 6 19 3 9 21 24 27 8 1 6 15 10 19 10 21 26 15 4 9 10 12 8 9 2 1 5 26 1 18 21 10 17 17 19 17 12 2 15 17 3 10 14 3 28 6 14 24 12 17 0 16 6 17 16 16 0 9 0 20 13 9 2 12 4 3 3 14 25 16 4 1 18 0 4 0 8 0 7 11 13 12 18 22 20 13 20 13 11 23 18 1 22 5 21 19 0 22 4 1 7 8 7 5 13 0 0 0 17 5 10 1 25 7 3 11 20 23 0 2 10 0 16 7 10 24 13 5 11 11 11 5 5 23 2 15 1 16 3 23 7
30 10 3 25 16 18 36 35 22 25 7 5 9 7 16 8 21 4 0 35 4 3 32 18 0 15 23 1 0 11 34 8 14 1 0 4 26 1 6 3 17 12 11 23 6 18 3 2 13 25 17 18 0 15 3 7 14 14 15 8 2 15 19 1 7 3 25 8 17 2 13 3 16 9 14 34 28 13 4 12 15 1 12 0 17 30 16 10 19 9 15 5 6 38 32 26 15 38 23 36 3 38 3 36 9 10 34 11 12 37 15 1 5 7 1 8 0 21 12 6 0 26 3 4 35 19 23 19 0 16 0 38 16 1 7 20 34 15 4 1 8 14 2 13 25 3 9 10 10 9
7 9 17 0 13 9 19 1 20 20 19 18 3 8 0 18 11 5 10 13 15 16 12 10 20 7 6 17 12 8 13 15 12 2 0 8 4 0 12 8 3 6 13 6 9 1 1 7 5 6 6 4 0 15 15 12 11 4 19 10 9 6 8 13 3 4 2 7 19 10 18 15 1 9 6 14 11 0 14 20 16 15 13 1 15 16 5 13 19 13 8 1 14 5 7 10 15 14 0 4 4 6 11 0 5 10 9 6 0 7 18 8 6 8 1 5 1 11 18 10 0 1 14 1 15 18 7 19 2 0 7 20 7 10 8 4 13 13 10 10 16 19 19 17 6 4 1 7 1 13
39 21 21 14 5 12 15 6 24 29 0 11 4 4 17 7 32 7 16 16 2 11 22 24 23 20 26 18 9 8 29 48 13 1 0 7 37 0 12 17 21 40 13 23 8 6 0 29 23 7 8 17 3 42 17 9 7 11 12 30 11 7 24 3 3 19 16 20 12 5 24 16 2 38 1 32 27 19 11 38 16 15 1 0 6 16 30 9 2 44 13 26 41 30 0 35 13 13 6 29 4 11 1 22 6 17 30 15 32 8 20 2 6 25 1 1 1 9 0 13 0 7 9 4 30 11 13 15 20 20 0 35 5 9 18 0 37 17 3 1 8 10 30 2 3 2 6 3 11 11
22 39 29 21 6 7 8 32 21 24 8 20 5 1 13 20 27 9 43 41 5 17 28 12 26 9 29 20 21 13 16 6 7 0 1 6 38 0 11 8 2 9 1 2 20 18 8 10 15 10 17 12 2 44 45 0 42 6 14 0 10 8 12 2 6 4 24 6 10 2 23 0 9 0 12 15 38 4 9 22 9 21 8 2 10 29 1 7 19 1 3 29 44 23 29 34 21 28 27 54 2 33 10 37 27 12 27 7 31 13 2 1 1 28 0 6 0 26 12 1 1 6 2 0 18 31 29 19 24 7 25 0 21 9 1 7 22 15 11 16 5 19 7 18 25 1 0 1 0 10
4 29 4 7 11 9 16 4 20 15 13 0 8 12 12 25 10 3 26 18 20 27 14 13 8 19 13 3 7 15 27 29 15 2 1 11 6 0 5 14 27 11 16 6 3 6 4 24 6 11 23 20 1 20 2 14 20 0 27 10 3 16 29 29 14 1 2 5 11 8 24 21 11 12 25 2 7 10 0 16 2 2 4 1 6 19 11 17 18 10 13 6 20 14 27 20 27 10 19 6 4 5 25 21 17 26 9 16 18 27 7 6 0 29 1 0 1 25 12 15 0 0 13 7 18 5 18 5 21 18 19 4 0 9 18 11 6 9 11 6 17 26 29 3 14 0 4 18 17 4
11 9 5 5 1 9 11 12 4 12 7 0 4 0 8 1 4 7 8 1 4 0 6 7 5 8 3 9 6 5 1 1 2 1 0 2 7 0 6 1 2 12 7 11 12 3 5 2 11 2 11 7 0 10 3 12 5 11 4 7 11 1 0 12 5 0 7 4 6 7 8 1 11 1 9 10 0 5 7 8 1 12 8 0 7 9 2 5 5 1 7 1 7 2 12 3 11 11 8 4 1 5 8 7 5 2 12 8 7 5 6 8 5 6 1 5 0 10 9 3 1 10 11 0 10 6 6 11 7 6 10 6 3 0 1 6 11 10 9 12 5 7 5 6 11 1 11 11 11 3
6 22 1 4 23 7 4 10 13 8 2 23 0 17 9 12 2 0 17 16 4 19 11 23 20 24 2 15 16 1 16 5 5 0 1 24 3 1 9 12 19 18 0 16 13 6 4 8 15 10 18 17 2 14 0 1 2 21 12 3 16 12 8 21 16 11 19 3 10 7 2 17 23 14 16 5 13 23 16 18 2 20 7 2 9 6 13 14 8 10 9 22 4 16 20 20 12 13 17 13 2 18 13 0 17 20 15 15 8 8 0 9 3 3 1 4 0 12 3 8 1 16 19 2 6 22 3 7 18 8 5 2 24 0 0 3 3 13 0 15 8 1 2 3 23 4 8 16 2 22
4 3 18 20 12 15 18 18 7 6 6 6 12 5 12 16 9 5 3 16 15 21 1 20 14 8 1 4 19 15 19 6 15 1 1 16 4 1 6 17 6 4 7 11 14 18 0 5 5 1 20 9 1 19 3 11 6 13 21 6 12 14 15 4 18 19 18 9 15 0 9 17 0 17 14 12 10 4 10 2 14 21 3 2 8 4 1 17 15 9 18 17 2 20 14 15 10 15 9 0 1 0 20 17 1 4 14 13 7 5 11 4 5 4 1 10 0 5 18 4 1 18 4 7 4 0 5 14 19 4 16 4 7 8 8 0 12 5 11 2 16 5 8 6 5 4 14 2 21 2
41 25 34 14 8 9 2 13 2 11 16 23 15 15 12 30 24 1 14 33 18 45 10 14 34 31 26 1 3 8 25 4 5 0 0 17 32 1 18 14 11 39 8 6 20 8 0 6 3 6 34 4 1 2 15 4 28 5 1 9 16 7 21 12 3 9 17 14 8 2 10 21 30 4 27 19 2 7 28 38 7 0 1 1 7 18 9 0 22 8 5 22 43 4 17 5 7 43 3 29 2 39 5 30 17 23 24 30 2 30 9 7 2 7 1 0 1 9 3 8 0 25 6 0 20 11 5 11 17 0 30 3 12 7 3 21 0 0 0 2 2 32 29 0 41 4 4 4 44 3
3 13 3 10 6 16 1 1 9 1 4 8 17 3 11 1 14 9 13 17 2 3 17 2 10 3 6 13 16 14 12 17 2 2 0 4 9 0 12 0 4 12 9 13 16 8 7 17 15 5 17 15 3 15 17 9 5 1 1 1 11 16 6 4 1 0 7 8 16 1 1 15 15 5 13 5 1 14 6 1 14 5 12 1 0 10 8 11 7 14 6 0 8 4 11 7 3 6 9 2 0 0 6 2 11 1 1 13 13 0 14 9 6 5 0 4 1 5 10 3 0 14 3 0 7 0 10 16 16 5 4 8 4 7 0 6 8 0 5 15 5 1 13 0 17 1 17 4 14 7
3 5 12 11 9 11 0 14 8 7 5 11 11 2 1 5 1 9 1 8 6 1 14 13 8 1 10 5 7 4 2 2 10 0 0 7 6 1 11 1 9 9 8 3 8 0 2 13 11 5 2 10 2 2 11 2 7 10 0 8 13 0 5 2 4 11 10 5 13 0 12 3 13 11 13 11 12 10 9 4 10 5 11 4 5 6 7 4 9 13 13 4 13 10 1 4 1 7 11 6 3 1 1 8 9 2 3 10 6 10 3 6 5 7 0 4 1 0 8 1 0 12 0 1 3 8 8 14 8 6 10 13 1 7 11 4 8 11 0 9 2 6 7 9 3 2 9 9 6 6
9 3 10 11 14 2 16 20 5 14 17 22 12 15 21 19 17 6 13 6 19 6 1 2 18 20 19 9 22 7 4 22 16 0 1 22 13 0 15 2 23 25 9 4 4 15 0 10 11 16 1 19 1 24 7 3 12 9 20 24 18 7 6 15 20 2 8 14 4 13 5 21 14 5 2 24 9 4 7 19 13 15 11 4 7 4 1 15 10 5 3 1 9 25 0 9 21 20 25 4 2 12 2 17 7 6 13 11 8 3 3 6 7 9 1 4 1 14 19 13 0 1 8 6 19 6 15 22 21 2 21 21 15 3 19 20 12 2 8 0 21 2 5 0 17 2 10 12 20 4
3 2 4 8 18 2 13 1 13 13 15 11 6 9 22 14 0 0 14 22 5 13 9 13 5 3 9 3 15 4 11 14 1 1 0 21 18 0 13 7 9 10 5 10 18 8 4 6 9 2 22 2 3 11 16 0 7 8 11 12 2 20 14 1 13 7 8 13 21 11 21 9 5 8 1 9 20 4 18 2 8 0 8 2 2 7 8 16 14 19 16 3 5 2 13 18 18 11 2 13 1 16 22 1 10 20 0 16 6 9 0 6 6 17 0 9 0 10 9 1 1 6 3 3 1 17 9 3 17 12 12 3 21 5 17 6 6 4 13 18 0 20 16 14 18 1 1 22 9 21
7 14 5 27 17 18 1 27 10 7 11 18 18 4 18 24 15 9 31 13 0 29 26 12 9 2 8 24 26 14 16 30 15 2 1 14 27 1 20 20 15 18 12 9 8 17 5 23 25 10 32 12 1 19 32 9 17 5 27 9 1 3 7 4 15 12 21 24 27 10 15 2 2 0 28 30 29 10 22 30 11 25 6 3 5 12 30 5 12 0 14 3 13 13 7 6 28 12 29 6 1 17 23 33 16 31 26 20 28 15 16 5 2 6 1 2 0 24 22 9 0 5 23 2 17 24 11 16 11 3 2 9 4 9 5 20 10 13 0 16 14 0 7 0 4 4 6 14 16 5
14 21 12 33 20 1 4 37 19 29 19 2 8 8 6 22 9 3 5 4 15 16 6 12 26 25 21 42 27 17 16 14 3 1 1 11 7 0 11 20 18 30 7 17 19 18 8 2 0 13 15 13 3 37 33 0 40 16 34 18 14 23 28 6 12 3 21 0 36 7 12 16 30 28 7 23 32 23 6 35 0 21 3 0 10 18 1 10 21 17 4 22 30 40 17 38 21 36 47 44 2 24 21 25 7 22 16 13 20 28 9 4 0 24 1 4 1 13 17 7 1 13 14 0 7 26 23 27 11 3 25 44 6 9 2 0 39 14 10 3 15 22 0 3 33 3 11 29 46 30
7 20 12 0 15 0 9 20 14 19 8 5 3 0 14 10 2 4 9 21 11 20 12 13 22 11 22 16 10 4 3 3 9 1 0 4 15 1 4 15 1 15 10 14 8 10 4 18 22 21 19 12 3 3 17 5 18 4 8 16 20 8 6 21 10 20 17 20 18 13 12 20 19 0 1 4 12 20 20 18 17 1 7 0 0 15 4 1 22 1 20 15 17 8 13 10 5 22 7 7 2 21 16 22 11 4 2 16 6 22 1 3 2 13 0 12 1 11 0 12 0 19 14 0 14 13 22 19 10 9 22 22 8 1 15 10 21 12 14 6 5 4 18 0 13 0 7 15 16 19
44 1 41 6 29 10 16 38 11 1 0 15 12 12 4 2 25 8 23 40 18 18 15 10 17 5 12 27 16 13 23 34 1 1 1 13 14 0 20 4 33 26 1 23 23 8 1 18 17 18 26 19 0 40 22 7 31 16 16 23 6 1 8 17 35 9 15 6 30 14 3 10 15 36 2 16 11 5 13 33 13 11 11 4 18 8 22 1 4 0 2 3 22 16 34 5 4 14 9 14 1 26 20 8 18 33 42 20 25 35 19 1 6 9 0 0 1 14 2 13 1 16 20 4 10 32 10 13 31 8 44 27 10 4 17 7 14 14 2 15 17 27 6 3 0 1 15 7 37 24
4 0 2 3 0 1 0 0 3 3 1 3 1 1 2 3 3 1 0 0 0 1 4 2 1 2 3 0 4 4 3 2 2 1 0 3 3 1 4 2 3 2 2 4 2 2 4 2 1 3 3 3 3 3 0 1 0 4 4 4 0 2 2 4 3 0 2 2 0 1 2 0 4 2 2 4 3 1 4 4 1 3 4 3 0 0 3 0 0 3 3 4 1 3 2 3 2 1 1 0 1 3 3 1 0 1 3 3 1 1 4 1 2 3 1 0 1 0 4 3 1 2 2 2 3 4 1 3 3 2 2 3 0 0 4 0 4 1 1 2 0 1 2 4 1 0 4 2 3 4
11 15 17 7 12 6 4 11 3 6 11 8 8 14 7 9 18 5 10 11 9 8 10 18 10 4 18 3 14 8 1 6 4 1 1 11 12 1 13 16 9 14 14 7 1 2 5 11 12 7 5 3 0 17 2 10 7 16 15 12 4 16 7 11 6 0 3 0 8 0 7 3 4 10 1 15 7 16 4 18 8 1 13 4 11 2 10 6 11 5 7 1 10 18 3 8 18 5 6 3 1 16 2 17 5 8 9 1 5 7 10 0 6 15 0 12 0 11 0 3 1 10 9 2 12 0 8 1 0 8 2 5 1 6 6 10 14 5 0 14 18 14 5 5 17 0 0 12 4 3
9 19 41 15 2 14 25 37 16 28 11 7 2 3 7 14 24 0 5 16 2 43 12 26 19 44 37 36 32 0 29 4 7 2 1 14 6 0 9 11 28 35 10 3 8 11 7 35 34 2 0 4 2 7 35 15 4 0 37 36 9 8 8 1 2 0 25 29 6 5 18 6 22 24 12 18 44 0 9 40 6 14 8 4 5 29 2 5 7 20 15 21 9 17 17 27 28 39 29 41 0 8 2 5 18 20 20 12 27 39 2 9 7 18 0 1 0 26 19 12 1 16 2 5 23 16 0 9 34 18 14 27 21 8 13 11 11 10 0 10 5 33 11 1 6 3 16 0 5 3
21 19 21 13 3 8 30 24 24 28 7 24 10 7 26 22 27 7 33 23 17 23 26 5 27 17 7 15 17 2 12 6 13 0 1 9 31 1 13 9 36 1 4 5 15 13 7 0 29 16 14 3 1 41 38 14 34 6 25 28 13 22 29 27 9 17 2 25 11 15 12 7 18 43 10 6 30 18 21 43 0 2 7 2 0 12 33 16 8 1 12 38 4 4 30 22 14 34 4 5 4 26 25 20 4 25 26 4 36 12 21 1 7 33 1 0 0 3 12 7 0 3 14 5 42 21 39 21 2 6 19 8 22 8 13 20 3 5 1 10 21 1 9 12 17 3 8 28 0 0
12 27 33 29 0 14 15 17 2 16 18 18 9 12 22 23 28 0 0 0 1 33 9 6 27 0 17 1 24 17 37 10 2 2 0 11 7 0 9 6 8 28 0 5 3 12 8 16 34 19 22 1 2 13 23 12 23 6 21 11 11 19 13 1 25 18 16 10 27 0 3 2 9 30 19 19 13 14 18 13 5 10 11 0 6 0 10 13 3 2 19 5 29 27 35 3 26 29 28 29 0 35 29 30 9 25 31 3 21 4 5 5 2 17 0 9 1 18 4 12 1 5 1 1 20 14 21 15 5 1 29 1 28 9 22 12 0 10 14 17 10 14 19 14 24 4 2 2 37 0
